Date,Open,High,Low,Close,Adj Close,Volume,Count,Week Day,Change,RSI
2015-08-20,19.889999389648438,19.889999389648438,19.299999237060547,19.360000610351562,17.66757583618164,8600,0,3,-2.664649550329845,14.300000190734863
2015-08-21,19.010000228881836,19.010000228881836,18.549999237060547,18.579999923706055,16.955760955810547,5900,1,4,-2.2619689636956597,14.300000190734863
2015-08-24,17.809999465942383,17.809999465942383,17.75,17.75,16.198318481445312,7100,2,0,-0.33688639944722265,14.300000190734863
2015-08-25,18.149999618530273,18.170000076293945,17.75,17.75,16.198318481445312,3400,3,1,-2.203854693869489,14.300000190734863
2015-08-26,18.270000457763672,18.270000457763672,17.548999786376953,18.003999710083008,16.430112838745117,3200,4,2,-1.4559427532341962,14.300000190734863
2015-08-27,18.375,18.40999984741211,18.040000915527344,18.040000915527344,16.462966918945312,7000,5,3,-1.8231242692389404,14.300000190734863
2015-08-28,18.469999313354492,18.5,18.18000030517578,18.40999984741211,16.800622940063477,23500,6,4,-0.3248482304977762,14.300000190734863
2015-08-31,18.5,18.690000534057617,18.399999618530273,18.540000915527344,16.919260025024414,6500,7,0,0.21622116501267552,14.300000190734863
2015-09-01,18.209999084472656,18.209999084472656,17.950000762939453,17.950000762939453,16.380834579467773,10700,8,1,-1.4277777847605644,14.300000190734863
2015-09-02,18.086000442504883,18.086000442504883,17.700000762939453,18.01099967956543,16.43650245666504,4600,9,2,-0.41468960026778134,14.300000190734863
2015-09-03,18.190000534057617,18.399999618530273,18.152000427246094,18.219999313354492,16.627233505249023,63300,10,3,0.1649190677081469,14.300000190734863
2015-09-04,18.010000228881836,18.010000228881836,17.81999969482422,17.950000762939453,16.380834579467773,9100,11,4,-0.33314528139851696,14.300000190734863
2015-09-08,18.215999603271484,18.34000015258789,18.215999603271484,18.253999710083008,16.65825843811035,2700,12,1,0.2086084082077999,14.300000190734863
2015-09-09,18.25,18.649999618530273,18.25,18.350000381469727,16.745868682861328,11700,13,2,0.5479472957245379,14.300000190734863
2015-09-10,18.45199966430664,18.708999633789062,18.399999618530273,18.549999237060547,16.928382873535156,23500,14,3,0.5311054332147735,40.19368145316972
2015-09-11,18.434999465942383,18.530000686645508,18.399999618530273,18.530000686645508,16.910133361816406,4900,15,4,0.5153307483335423,49.2581704821241
2015-09-14,18.3700008392334,18.3700008392334,18.239999771118164,18.239999771118164,16.645483016967773,3500,16,0,-0.7076813400987314,58.657251675335125
2015-09-15,18.239999771118164,18.323999404907227,18.09000015258789,18.31999969482422,16.718490600585938,3000,17,1,0.43859607845351256,59.79382254161435
2015-09-16,18.280000686645508,18.34000015258789,18.27199935913086,18.299999237060547,16.700237274169922,18600,18,2,0.10940125636673681,55.530640566275096
2015-09-17,18.39699935913086,18.809999465942383,18.39699935913086,18.575000762939453,16.951196670532227,13800,19,3,0.9675567212554581,59.17667889377595
2015-09-18,18.5,18.5,18.243999481201172,18.26300048828125,16.666473388671875,1900,20,4,-1.2810784417229715,47.4273811828639
2015-09-21,18.459999084472656,18.459999084472656,18.459999084472656,18.459999084472656,16.846248626708984,300,21,0,0.0,48.631977748438366
2015-09-22,18.43000030517578,18.43000030517578,18.0,18.010000228881836,16.435590744018555,1500,22,1,-2.2788934852919884,51.07757867656882
2015-09-23,18.010000228881836,18.010000228881836,18.010000228881836,18.010000228881836,16.435590744018555,0,23,2,0.0,49.98164795738964
2015-09-24,18.049999237060547,18.31999969482422,17.989999771118164,18.31999969482422,16.718490600585938,1800,24,3,1.4958474746597394,51.77054776247529
2015-09-25,18.06999969482422,18.520000457763672,18.06999969482422,18.239999771118164,16.645483016967773,10400,25,4,0.9407862709739812,55.50492297821898
2015-09-28,18.450000762939453,18.450000762939453,17.75,17.799999237060547,16.243946075439453,3400,26,0,-3.523043355014732,41.80504132476104
2015-09-29,17.844999313354492,17.924999237060547,17.799999237060547,17.799999237060547,16.243946075439453,900,27,1,-0.252171913844057,39.715752044481064
2015-09-30,18.0,18.110000610351562,18.0,18.110000610351562,16.52684783935547,3100,28,2,0.611114501953125,42.09772693951432
2015-10-01,18.357999801635742,18.440000534057617,18.329999923706055,18.440000534057617,16.828001022338867,13800,29,3,0.4466757452223469,48.54557044116813
2015-10-02,18.440000534057617,18.687999725341797,18.360000610351562,18.687999725341797,17.054317474365234,2600,30,4,1.3448979615056977,57.339448681260926
2015-10-05,19.17099952697754,19.389999389648438,19.17099952697754,19.389999389648438,17.6949520111084,2700,31,0,1.1423497369697388,64.56178221337595
2015-10-06,19.729999542236328,19.729999542236328,19.31999969482422,19.31999969482422,17.63106918334961,2500,32,1,-2.0780530001250908,63.69496140230112
2015-10-07,19.684999465942383,19.684999465942383,19.488000869750977,19.6200008392334,17.90484619140625,3000,33,2,-0.33019369302722534,63.93705594603051
2015-10-08,19.520000457763672,19.812000274658203,19.520000457763672,19.812000274658203,18.080062866210938,48500,34,3,1.4959006662235819,71.34197746289367
2015-10-09,19.84000015258789,19.864999771118164,19.579999923706055,19.75,18.023481369018555,29000,35,4,-0.4536297978614212,68.46023335818964
2015-10-12,19.59000015258789,19.6299991607666,19.59000015258789,19.61400032043457,17.899370193481445,1100,36,0,0.12251234129525557,75.22012480536648
2015-10-13,19.770000457763672,19.770000457763672,19.197999954223633,19.197999954223633,17.519737243652344,14600,37,1,-2.8932751153043834,66.51834682338463
2015-10-14,19.143999099731445,19.143999099731445,19.09000015258789,19.114999771118164,17.443992614746094,13400,38,2,-0.15147999361161402,61.79874960865117
2015-10-15,19.5,19.628999710083008,19.5,19.628999710083008,17.913057327270508,3300,39,3,0.66153697478466,68.26189095767623
2015-10-16,19.860000610351562,19.860000610351562,19.63599967956543,19.690000534057617,17.968727111816406,2300,40,4,-0.8559923014571091,77.59930435286378
2015-10-19,19.760000228881836,19.760000228881836,19.270999908447266,19.510000228881836,17.804462432861328,14800,41,0,-1.2651821715801037,73.7236410016221
2015-10-20,19.200000762939453,19.21500015258789,19.06999969482422,19.21500015258789,17.535247802734375,34300,42,1,0.07812181798132478,65.39425085163711
2015-10-21,19.1299991607666,19.190000534057617,19.059999465942383,19.079999923706055,17.412052154541016,17800,43,2,-0.26136559986416064,59.428391274978445
2015-10-22,19.173999786376953,19.214000701904297,19.173999786376953,19.214000701904297,17.534337997436523,400,44,3,0.20862061110360486,58.01830122826176
2015-10-23,19.34000015258789,19.40999984741211,19.34000015258789,19.40999984741211,17.713205337524414,1400,45,4,0.3619425763802475,50.36049824804589
2015-10-26,19.386999130249023,19.386999130249023,19.309999465942383,19.309999465942383,17.621944427490234,2600,46,0,-0.397171649873862,49.82167940385211
2015-10-27,19.1299991607666,19.202999114990234,19.079999923706055,19.19499969482422,17.516998291015625,5600,47,1,0.3397832561902403,41.886198566612606
2015-10-28,19.030000686645508,19.459999084472656,19.030000686645508,19.391000747680664,17.695865631103516,60300,48,2,1.8970049816576795,41.97485618549617
2015-10-29,19.670000076293945,19.670000076293945,19.389999389648438,19.56999969482422,17.859216690063477,14200,49,3,-0.5083903461202577,46.71532491037556
2015-10-30,19.76799964904785,19.770000457763672,19.600000381469727,19.663000106811523,17.9440860748291,41000,50,4,-0.5311591668375248,50.9084119869364
2015-11-02,20.100000381469727,20.100000381469727,19.760000228881836,19.986000061035156,18.238849639892578,18800,51,0,-0.5671657625423099,65.13055879265804
2015-11-03,20.030000686645508,20.388999938964844,19.9950008392334,20.34000015258789,18.561904907226562,6900,52,1,1.547675762932288,71.30434032649806
2015-11-04,20.40999984741211,20.5,20.399999618530273,20.454999923706055,18.666852951049805,11300,53,2,0.22048053224092978,66.68012183604517
2015-11-05,20.450000762939453,20.520000457763672,20.37700080871582,20.489999771118164,18.69879150390625,4700,54,3,0.19559416472589852,66.32650995791379
2015-11-06,20.229999542236328,20.280000686645508,20.145000457763672,20.280000686645508,18.50714683532715,6000,55,4,0.2471633491873737,65.52420564298427
2015-11-09,20.56999969482422,20.56999969482422,19.93000030517578,19.950000762939453,18.205997467041016,4700,56,0,-3.0140930533935184,64.61234172415257
2015-11-10,20.1299991607666,20.1299991607666,19.85700035095215,19.90999984741211,18.169496536254883,6300,57,1,-1.0928928093711598,67.14875821361832
2015-11-11,19.924999237060547,19.996999740600586,19.924999237060547,19.93000030517578,18.187747955322266,3400,58,2,0.025099464525601967,65.52471116816432
2015-11-12,19.75,19.770000457763672,19.655000686645508,19.709999084472656,17.986976623535156,1700,59,3,-0.2025362811511111,56.437746809081915
2015-11-13,19.506000518798828,19.56999969482422,19.489999771118164,19.549999237060547,17.840961456298828,5000,60,4,0.22556504199471306,55.020912989037136
2015-11-16,19.549999237060547,19.875999450683594,19.549999237060547,19.875999450683594,18.138465881347656,900,61,0,1.6675203393617277,63.09110535215895
2015-11-17,20.020000457763672,20.059999465942383,19.94499969482422,20.059999465942383,18.306381225585938,1200,62,1,0.19979524107951452,62.920018093653816
2015-11-18,19.90999984741211,20.280000686645508,19.90999984741211,20.273000717163086,18.50075912475586,4000,63,2,1.8232088022750892,63.40069036779137
2015-11-19,20.409000396728516,20.40999984741211,20.350000381469727,20.350000381469727,18.571029663085938,12800,64,3,-0.2890882165313968,63.176058295898514
2015-11-20,20.520000457763672,20.520000457763672,20.413000106811523,20.424999237060547,18.63947296142578,400,65,4,-0.4629689014806093,59.304768126675704
2015-11-23,20.479999542236328,20.479999542236328,20.43000030517578,20.450000762939453,18.662288665771484,5100,66,0,-0.14647841780957016,52.7093711770863
2015-11-24,20.450000762939453,20.634000778198242,20.290000915527344,20.631999969482422,18.828378677368164,20100,67,1,0.8899716369340949,54.22031174250727
2015-11-25,20.8799991607666,20.8799991607666,20.709999084472656,20.770000457763672,18.954313278198242,14400,68,2,-0.5268137328741651,56.36364424523272
2015-11-27,20.770000457763672,20.780000686645508,20.709999084472656,20.709999084472656,18.89955711364746,4100,69,4,-0.2888847952267959,60.48774043001769
2015-11-30,20.68199920654297,20.709999084472656,20.600000381469727,20.600000381469727,18.79917335510254,1300,70,0,-0.3964743652407732,67.75951613895059
2015-12-01,20.697999954223633,20.72100067138672,20.6200008392334,20.72100067138672,18.909597396850586,1500,71,1,0.1111253126580003,71.21924392863275
2015-12-02,20.309999465942383,20.739999771118164,20.309999465942383,20.38800048828125,18.6057071685791,4800,72,2,0.38405231112716987,60.296753566411496
2015-12-03,20.429000854492188,20.440000534057617,20.22100067138672,20.229999542236328,18.46152114868164,8300,73,3,-0.9741118210981892,62.02589827015506
2015-12-04,20.15999984741211,20.329999923706055,20.15999984741211,20.329999923706055,18.552778244018555,31900,74,4,0.8432543530786152,68.55374731751138
2015-12-07,20.25,20.25,19.910999298095703,19.979999542236328,18.233373641967773,7900,75,0,-1.33333559389468,52.445906204525606
2015-12-08,19.77400016784668,19.940000534057617,19.739999771118164,19.836999893188477,18.102876663208008,8400,76,1,0.3185987903663312,44.65229585909241
2015-12-09,19.89900016784668,19.924999237060547,19.61400032043457,19.68899917602539,17.96781349182129,4000,77,2,-1.0553343889137423,35.54453323362256
2015-12-10,19.81800079345703,20.010000228881836,19.760000228881836,19.8799991607666,18.14211654663086,4200,78,3,0.31283865590538973,38.987801564488684
2015-12-11,19.649999618530273,19.649999618530273,19.051000595092773,19.118000030517578,17.44672966003418,28100,79,4,-2.707377090791452,26.834494238744895
2015-12-14,19.18000030517578,19.18000030517578,18.719999313354492,19.020000457763672,17.357297897338867,128200,80,0,-0.834201485225905,25.29371445142327
2015-12-15,18.950000762939453,19.440000534057617,18.950000762939453,19.225000381469727,17.544376373291016,28900,81,1,1.451185263633814,25.88277757398737
2015-12-16,19.219999313354492,19.719999313354492,19.219999313354492,19.649999618530273,17.932222366333008,17700,82,2,2.2372545293329216,32.521837174124116
2015-12-17,19.690000534057617,19.790000915527344,19.6200008392334,19.649999618530273,17.932222366333008,4400,83,3,-0.20315345069774615,33.14249730489861
2015-12-18,19.639999389648438,19.639999389648438,19.329999923706055,19.360000610351562,17.66757583618164,12600,84,4,-1.4256557433726447,31.34777387012238
2015-12-21,19.608999252319336,19.649999618530273,19.34000015258789,19.649999618530273,18.01784324645996,26600,85,0,0.20908953936589203,34.66931536904458
2015-12-22,19.719999313354492,19.834999084472656,19.579999923706055,19.6299991607666,17.99950408935547,46100,86,1,-0.4563902419963184,38.08173412866213
2015-12-23,19.75,20.100000381469727,19.75,20.07900047302246,18.411211013793945,24700,87,2,1.6658251798605583,47.82484697519457
2015-12-24,19.989999771118164,20.072999954223633,19.989999771118164,20.059999465942383,18.393787384033203,1100,88,3,0.3501735649109605,46.017691646374125
2015-12-28,19.989999771118164,19.989999771118164,19.84000015258789,19.850000381469727,18.20123291015625,1200,89,0,-0.7003471298219321,48.00001173753694
2015-12-29,19.68000030517578,20.020000457763672,19.68000030517578,19.8799991607666,18.228740692138672,5900,90,1,1.016254331755384,50.68535711897074
2015-12-30,19.84000015258789,19.881999969482422,19.79800033569336,19.79800033569336,18.15355110168457,3400,91,2,-0.21169262384835852,51.77468781170695
2015-12-31,19.950000762939453,19.950000762939453,19.679000854492188,19.739999771118164,18.10036849975586,600,92,3,-1.0526365102271118,47.61743389190551
2016-01-04,19.860000610351562,19.860000610351562,19.309999465942383,19.360000610351562,17.75193214416504,8900,93,0,-2.517623286171433,54.73397817141987
2016-01-05,19.06999969482422,19.635000228881836,19.06999969482422,19.610000610351562,17.981168746948242,6000,94,1,2.8316776306708924,60.8936658754587
2016-01-06,19.56999969482422,19.56999969482422,19.139999389648438,19.139999389648438,17.55020523071289,4900,95,2,-2.1972422681718617,48.570449738148355
2016-01-07,19.040000915527344,19.18600082397461,18.981000900268555,19.100000381469727,17.513526916503906,1400,96,3,0.315123230343195,39.37403821776224
2016-01-08,19.030000686645508,19.030000686645508,18.799999237060547,18.799999237060547,17.238445281982422,1400,97,4,-1.2086255453809147,35.28391968261916
2016-01-11,18.6299991607666,19.15999984741211,18.6299991607666,18.90999984741211,17.339309692382812,14600,98,0,1.5029559809920379,41.69127155627805
2016-01-12,19.200000762939453,19.209999084472656,18.91900062561035,19.15999984741211,17.568544387817383,6100,99,1,-0.20833809342630794,40.817099787603816
2016-01-13,19.190000534057617,19.290000915527344,18.40999984741211,18.518999099731445,16.980785369873047,4000,100,2,-3.496620196207423,33.110374487353155
2016-01-14,18.690000534057617,18.913000106811523,18.3799991607666,18.913000106811523,17.342060089111328,5100,101,3,1.1931490978159598,31.972789918067775
2016-01-15,18.5,18.579999923706055,18.18000030517578,18.290000915527344,16.770809173583984,17900,102,4,-1.1351301863386842,26.941130106742975
2016-01-19,18.75,18.75,18.176000595092773,18.219999313354492,16.706621170043945,3600,103,1,-2.8266703287760375,27.96105668505244
2016-01-20,18.010000228881836,18.048999786376953,17.600000381469727,17.76300048828125,16.287582397460938,4300,104,2,-1.371458842096418,24.33942189561236
2016-01-21,17.874000549316406,18.200000762939453,17.874000549316406,17.889999389648438,16.404033660888672,7300,105,3,0.0895090066036941,27.122301697585215
2016-01-22,18.649999618530273,18.649999618530273,18.361000061035156,18.540000915527344,17.000043869018555,4500,106,4,-0.5898053900957545,37.40027180302012
2016-01-25,18.59600067138672,18.59600067138672,18.1200008392334,18.166000366210938,16.657106399536133,1300,107,0,-2.312326788831609,37.44744368995427
2016-01-26,18.440000534057617,18.440000534057617,18.290000915527344,18.350000381469727,16.825824737548828,1600,108,1,-0.48807022766439445,36.56717419445096
2016-01-27,18.368000030517578,18.600000381469727,18.350000381469727,18.40999984741211,16.880842208862305,6700,109,2,0.22865753933334343,41.47197313313909
2016-01-28,18.950000762939453,18.950000762939453,18.3700008392334,18.399999618530273,16.87166976928711,2100,110,3,-2.9023805924315194,41.76470429839702
2016-01-29,18.520000457763672,18.763999938964844,18.408000946044922,18.763999938964844,17.2054386138916,1100,111,4,1.3174917665776054,49.582762249201956
2016-02-01,18.610000610351562,18.753999710083008,18.600000381469727,18.753999710083008,17.19626808166504,2000,112,0,0.7737726760274732,48.149026569340954
2016-02-02,18.16900062561035,18.16900062561035,18.16900062561035,18.16900062561035,16.65985870361328,300,113,1,0.0,39.10750876210228
2016-02-03,18.100000381469727,18.100000381469727,18.010000228881836,18.059999465942383,16.559913635253906,5000,114,2,-0.22099952864252925,44.28678873311663
2016-02-04,18.389999389648438,18.670000076293945,18.270000457763672,18.420000076293945,16.890010833740234,6000,115,3,0.16313587624365855,43.81119986208482
2016-02-05,18.170000076293945,18.170000076293945,17.950000762939453,17.950000762939453,16.459049224853516,1900,116,4,-1.2107832274669161,45.56135783237651
2016-02-08,17.3799991607666,17.613000869750977,17.3799991607666,17.5,16.04642677307129,2500,117,0,0.6904536537854833,41.44894128584263
2016-02-09,17.299999237060547,17.299999237060547,17.299999237060547,17.299999237060547,15.863038063049316,400,118,1,0.0,44.143676852052
2016-02-10,17.57699966430664,17.57699966430664,17.57699966430664,17.57699966430664,16.117029190063477,100,119,2,0.0,46.18572525655973
2016-02-11,17.31999969482422,17.31999969482422,17.010000228881836,17.010000228881836,15.597126960754395,1600,120,3,-1.7898352852455335,30.97015190931654
2016-02-12,17.549999237060547,17.549999237060547,17.18000030517578,17.450000762939453,16.000579833984375,2600,121,4,-0.5697919001040552,41.2383848323392
2016-02-16,17.59000015258789,17.679000854492188,17.510000228881836,17.56999969482422,16.110612869262695,4500,122,1,-0.11370356788046321,40.30332619302912
2016-02-17,17.639999389648438,17.73900032043457,17.639999389648438,17.73900032043457,16.265573501586914,1100,123,2,0.5612297857800819,41.87849028203903
2016-02-18,17.649999618530273,17.649999618530273,17.6299991607666,17.6299991607666,16.165626525878906,200,124,3,-0.11331704360306727,40.89834696583008
2016-02-19,17.756999969482422,17.809999465942383,17.756999969482422,17.809999465942383,16.330677032470703,1500,125,4,0.2984710060879969,38.21058224055296
2016-02-22,17.90999984741211,18.059999465942383,17.889999389648438,18.000999450683594,16.50581169128418,5200,126,0,0.5080938249401035,41.09297719892048
2016-02-23,18.040000915527344,18.139999389648438,17.809999465942383,17.829999923706055,16.349016189575195,4400,127,1,-1.1640852614399733,45.55467627626666
2016-02-24,17.75,18.190000534057617,17.75,18.170000076293945,16.660776138305664,10000,128,2,2.366197612923626,51.3600462593068
2016-02-25,18.013999938964844,18.150999069213867,18.013999938964844,18.150999069213867,16.643354415893555,4300,129,3,0.760514770252052,46.36779915938684
2016-02-26,18.34000015258789,18.36400032043457,18.149999618530273,18.149999618530273,16.642436981201172,4900,130,4,-1.035989817212768,53.09212532342032
2016-02-29,18.110000610351562,18.110000610351562,18.110000610351562,18.110000610351562,16.605758666992188,700,131,0,0.0,60.800289073950246
2016-03-01,18.139999389648438,18.670000076293945,18.06999969482422,18.670000076293945,17.119245529174805,24800,132,1,2.9217238394613876,71.51383217129236
2016-03-02,18.309999465942383,18.690000534057617,18.309999465942383,18.599000930786133,17.054141998291016,2300,133,2,1.5783805203342993,67.15919578769112
2016-03-03,18.799999237060547,19.235000610351562,18.799999237060547,19.170000076293945,17.577713012695312,12600,134,3,1.9680896502592082,86.217320167376
2016-03-04,19.2189998626709,19.28499984741211,19.149999618530273,19.149999618530273,17.559375762939453,1100,135,4,-0.3590209929427379,83.17720411695733
2016-03-07,19.229999542236328,19.440000534057617,19.128999710083008,19.309999465942383,17.706085205078125,8900,136,0,0.41601625382436946,83.43582341846522
2016-03-08,19.139999389648438,19.149999618530273,18.850000381469727,18.889999389648438,17.32097053527832,7600,137,1,-1.3061651409205788,70.17174167816
2016-03-09,19.219999313354492,19.40999984741211,19.209999084472656,19.399999618530273,17.78860855102539,8900,138,2,0.936526074955224,77.19732103500989
2016-03-10,19.399999618530273,19.399999618530273,19.170000076293945,19.305999755859375,17.702415466308594,3400,139,3,-0.4845353841198663,73.61113536105694
2016-03-11,19.270000457763672,19.679000854492188,19.270000457763672,19.679000854492188,18.044435501098633,2200,140,4,2.122472169240308,75.04480847933571
2016-03-14,19.690000534057617,19.690000534057617,19.47100067138672,19.47100067138672,17.85371208190918,500,141,0,-1.1122389879680061,74.22499511477602
2016-03-15,19.290000915527344,19.3700008392334,19.15999984741211,19.274999618530273,17.673994064331055,3600,142,1,-0.0777672176521027,67.0366872007086
2016-03-16,19.410999298095703,19.53499984741211,19.329999923706055,19.53499984741211,17.912397384643555,12700,143,2,0.6388158971731617,69.86224275560475
2016-03-17,19.76099967956543,20.035999298095703,19.76099967956543,20.0310001373291,18.367198944091797,5200,144,3,1.3663299536555096,73.63659808392717
2016-03-18,20.21299934387207,20.219999313354492,19.969999313354492,19.97599983215332,18.3167667388916,12900,145,4,-1.1725103617074017,73.36002219667843
2016-03-21,20.15999984741211,20.280000686645508,20.079999923706055,20.139999389648438,18.467145919799805,13500,146,0,-0.09920862061038038,70.42799761873081
2016-03-22,20.260000228881836,20.368999481201172,20.260000228881836,20.299999237060547,18.613853454589844,29700,147,1,0.1974284685431149,73.06749796047802
2016-03-23,20.34000015258789,20.34000015258789,19.878999710083008,19.878999710083008,18.22782325744629,5600,148,2,-2.2664721683703037,60.02260559704229
2016-03-24,19.834999084472656,19.966999053955078,19.834999084472656,19.966999053955078,18.308513641357422,400,149,3,0.665490171793115,61.33147166305391
2016-03-28,19.969999313354492,19.969999313354492,19.969999313354492,19.969999313354492,18.311264038085938,700,150,0,0.0,59.57075828130722
2016-03-29,19.829999923706055,20.0,19.790000915527344,20.0,18.338773727416992,14900,151,1,0.8572873270196846,68.1491123787949
2016-03-30,20.18000030517578,20.31999969482422,20.18000030517578,20.31999969482422,18.63219451904297,2100,152,2,0.6937531592233537,66.03904209664557
2016-03-31,20.280000686645508,20.280000686645508,20.253000259399414,20.253000259399414,18.570758819580078,1000,153,3,-0.1331381969028933,66.66666666666666
2016-04-01,19.84000015258789,20.1299991607666,19.809999465942383,20.1299991607666,18.457971572875977,1200,154,4,1.4616885380461353,58.703165637415516
2016-04-04,19.94499969482422,20.040000915527344,19.94499969482422,20.040000915527344,18.375450134277344,5800,155,0,0.47631597972788153,61.50425277888326
2016-04-05,19.59000015258789,19.690000534057617,19.579999923706055,19.58099937438965,17.954574584960938,26300,156,1,-0.045945779112477325,55.59210067677413
2016-04-06,19.530000686645508,19.600000381469727,19.514999389648438,19.600000381469727,17.971996307373047,19000,157,2,0.35842136386654566,51.30261547482263
2016-04-07,19.700000762939453,19.746999740600586,19.530000686645508,19.530000686645508,17.907812118530273,1500,158,3,-0.8629445162954386,37.89271649188018
2016-04-08,20.1299991607666,20.170000076293945,20.030000686645508,20.131000518798828,18.458892822265625,26100,159,4,0.004974456403239458,52.96368451648526
2016-04-11,20.06100082397461,20.195999145507812,20.01099967956543,20.01099967956543,18.348859786987305,500,160,0,-0.2492455129627591,47.491255207000286
2016-04-12,20.329999923706055,20.368999481201172,20.31999969482422,20.31999969482422,18.63219451904297,1900,161,1,-0.04918951755713552,50.367655308597655
2016-04-13,20.475000381469727,20.530000686645508,20.475000381469727,20.520000457763672,18.815580368041992,5400,162,2,0.21978058830549596,62.82513240375302
2016-04-14,20.389999389648438,20.440000534057617,20.3799991607666,20.415000915527344,18.71930503845215,30200,163,3,0.12261660925600992,58.90304826739241
2016-04-15,20.059999465942383,20.174999237060547,19.983999252319336,19.983999252319336,18.324098587036133,2200,164,4,-0.37886448477767454,50.23777037471834
2016-04-18,20.170000076293945,20.267000198364258,20.170000076293945,20.219999313354492,18.540498733520508,1200,165,0,0.24788912677948804,53.492048786897314
2016-04-19,20.475000381469727,20.475000381469727,20.334999084472656,20.334999084472656,18.645944595336914,400,166,1,-0.683767005561442,50.254658264411965
2016-04-20,20.334999084472656,20.334999084472656,20.334999084472656,20.334999084472656,18.645944595336914,0,167,2,0.0,51.42457798811454
2016-04-21,20.334999084472656,20.334999084472656,20.334999084472656,20.334999084472656,18.645944595336914,0,168,3,0.0,53.7205027640948
2016-04-22,20.43000030517578,20.540000915527344,20.43000030517578,20.540000915527344,18.833919525146484,1500,169,4,0.5384268659246905,58.710781479487736
2016-04-25,20.6200008392334,20.6200008392334,20.30500030517578,20.309999465942383,18.623022079467773,1000,170,0,-1.5034013611734731,63.80155822996169
2016-04-26,20.459999084472656,20.516000747680664,20.459999084472656,20.516000747680664,18.81191635131836,1300,171,1,0.2737129311531028,66.19515879920954
2016-04-27,20.600000381469727,20.600000381469727,20.52199935913086,20.52199935913086,18.817415237426758,3600,172,2,-0.37864573249731803,67.94494646806544
2016-04-28,20.476999282836914,20.476999282836914,20.476999282836914,20.476999282836914,18.776151657104492,400,173,3,0.0,57.835095984817265
2016-04-29,20.0,20.0,19.700000762939453,19.83799934387207,18.190227508544922,10100,174,4,-0.8100032806396484,46.828015801518596
2016-05-02,19.670000076293945,20.118999481201172,19.670000076293945,20.118999481201172,18.44788932800293,700,175,0,2.282660921025381,46.27640178197894
2016-05-03,20.09000015258789,20.09000015258789,19.645000457763672,19.75,18.10953712463379,600,176,1,-1.6923850174490607,36.57602117499966
2016-05-04,19.40999984741211,19.40999984741211,19.101999282836914,19.101999282836914,17.515361785888672,1900,177,2,-1.5868138433615675,30.753449131014136
2016-05-05,19.049999237060547,19.051000595092773,19.049999237060547,19.049999237060547,17.46767807006836,700,178,3,0.0,34.59764236372568
2016-05-06,18.93000030517578,18.961999893188477,18.93000030517578,18.961999893188477,17.38698959350586,600,179,4,0.16904166664988285,28.190044231400066
2016-05-09,18.961999893188477,18.961999893188477,18.961999893188477,18.961999893188477,17.38698959350586,0,180,0,0.0,25.207696891004332
2016-05-10,18.93000030517578,18.93000030517578,18.860000610351562,18.860000610351562,17.2934627532959,500,181,1,-0.3697817944835369,24.312132614773006
2016-05-11,18.510000228881836,19.059999465942383,18.510000228881836,19.0,17.421833038330078,5600,182,2,2.6472164508869023,27.8313121740849
2016-05-12,18.729999542236328,18.8799991607666,18.729999542236328,18.8799991607666,17.31180191040039,300,183,3,0.8008522274227658,21.633605311893163
2016-05-13,18.559999465942383,18.739999771118164,18.559999465942383,18.648000717163086,17.099071502685547,2400,184,4,0.4741446861686871,21.618850456708742
2016-05-16,18.770000457763672,18.770000457763672,18.739999771118164,18.760000228881836,17.20176887512207,1200,185,0,-0.05327772316435775,19.018999481771132
2016-05-17,18.579999923706055,18.889999389648438,18.579999923706055,18.81999969482422,17.256784439086914,900,186,1,1.2917102911930156,20.53321286907041
2016-05-18,18.850000381469727,18.850000381469727,18.850000381469727,18.850000381469727,17.2842960357666,400,187,2,0.0,21.684642542744427
2016-05-19,18.850000381469727,18.850000381469727,18.850000381469727,18.850000381469727,17.2842960357666,100,188,3,0.0,27.887194793973663
2016-05-20,18.69099998474121,18.69099998474121,18.69099998474121,18.69099998474121,17.13850212097168,100,189,4,0.0,16.193155392194498
2016-05-23,18.440000534057617,18.670000076293945,18.440000534057617,18.670000076293945,17.119245529174805,2000,190,0,1.2472859846806017,19.3877231054352
2016-05-24,18.760000228881836,18.788000106811523,18.739999771118164,18.788000106811523,17.227441787719727,1000,191,1,0.14925307882769356,37.27715350016229
2016-05-25,18.799999237060547,18.799999237060547,18.799999237060547,18.799999237060547,17.238445281982422,400,192,2,0.0,39.53095696791364
2016-05-26,18.920000076293945,18.920000076293945,18.847999572753906,18.847999572753906,17.282459259033203,500,193,3,-0.3805523427574009,45.060633657671474
2016-05-27,18.93000030517578,19.0,18.93000030517578,19.0,17.421833038330078,500,194,4,0.369781794483548,51.45483037567235
2016-05-31,18.93000030517578,18.93000030517578,18.8799991607666,18.90999984741211,17.339309692382812,2800,195,1,-0.10565482008050298,51.93196625139293
2016-06-01,18.90999984741211,18.90999984741211,18.90999984741211,18.90999984741211,17.339309692382812,0,196,2,0.0,46.10051105072824
2016-06-02,18.989999771118164,19.049999237060547,18.940000534057617,19.049999237060547,17.46767807006836,1900,197,3,0.3159529576911124,57.24022075894417
2016-06-03,19.049999237060547,19.049999237060547,19.049999237060547,19.049999237060547,17.46767807006836,0,198,4,0.0,71.33751384448418
2016-06-06,19.170000076293945,19.170000076293945,19.06999969482422,19.091999053955078,17.506193161010742,1100,199,0,-0.4068910903935019,69.03663554100254
2016-06-07,19.25,19.25,19.25,19.25,17.65106964111328,2300,200,1,0.0,72.16493629070317
2016-06-08,19.56999969482422,19.6200008392334,19.469999313354492,19.469999313354492,17.852794647216797,1300,201,2,-0.5109881605985578,76.72409540690657
2016-06-09,19.309999465942383,19.440000534057617,19.309999465942383,19.440000534057617,17.825288772583008,1800,202,3,0.6732318576420537,74.789950985892
2016-06-10,18.989999771118164,19.065000534057617,18.860000610351562,19.06100082397461,17.477767944335938,1800,203,4,0.3738865387688417,63.120616304472804
2016-06-13,18.643999099731445,18.643999099731445,18.643999099731445,18.643999099731445,17.09540557861328,800,204,0,0.0,49.28015005322834
2016-06-14,18.224000930786133,18.22800064086914,18.1299991607666,18.1299991607666,16.62409782409668,1100,205,1,-0.5158130224891089,35.05901347963848
2016-06-15,18.1200008392334,18.18000030517578,18.1200008392334,18.18000030517578,16.669944763183594,400,206,2,0.3311228651406761,36.16074849753833
2016-06-16,18.280000686645508,18.280000686645508,18.280000686645508,18.280000686645508,16.761638641357422,500,207,3,0.0,37.60910866469884
2016-06-17,18.280000686645508,18.350000381469727,18.250999450683594,18.25200080871582,16.735963821411133,800,208,4,-0.15317219298652818,32.74910549092647
2016-06-20,18.670000076293945,18.670000076293945,18.579999923706055,18.600000381469727,17.05506134033203,1100,209,0,-0.3749314115595537,43.610894684662505
2016-06-21,18.600000381469727,18.600000381469727,18.600000381469727,18.600000381469727,17.05506134033203,0,210,1,0.0,43.610894684662505
2016-06-22,18.600000381469727,18.600000381469727,18.600000381469727,18.600000381469727,17.05506134033203,0,211,2,0.0,40.15751053588458
2016-06-23,18.600000381469727,18.600000381469727,18.600000381469727,18.600000381469727,17.05506134033203,0,212,3,0.0,40.15751053588458
2016-06-24,18.329999923706055,18.329999923706055,18.079999923706055,18.079999923706055,16.578250885009766,1100,213,4,-1.363884348284572,31.693226225612136
2016-06-27,17.79199981689453,17.812000274658203,17.65999984741211,17.812000274658203,16.332509994506836,2000,214,0,0.11241264596169032,24.98261220437429
2016-06-28,18.01799964904785,18.01799964904785,18.01799964904785,18.01799964904785,16.521398544311523,200,215,1,0.0,24.615395901468787
2016-06-29,18.40999984741211,18.520000457763672,18.40999984741211,18.520000457763672,16.98170280456543,200,216,2,0.5975046782361826,36.19448758363963
2016-06-30,18.5,18.5,18.5,18.5,16.96336555480957,900,217,3,0.0,40.56508266451103
2016-07-01,18.645000457763672,18.645000457763672,18.530000686645508,18.530000686645508,16.990877151489258,2300,218,4,-0.6167860997304486,47.79585635155369
2016-07-05,18.530000686645508,18.530000686645508,18.530000686645508,18.530000686645508,16.990877151489258,0,219,1,0.0,59.65253524264355
2016-07-06,17.940000534057617,17.979999542236328,17.90999984741211,17.90999984741211,16.4223690032959,5800,220,2,-0.16722790274478205,44.89023008006237
2016-07-07,18.15999984741211,18.15999984741211,17.88599967956543,17.88599967956543,16.400365829467773,700,221,3,-1.5088115096307475,42.322667253390264
2016-07-08,17.930999755859375,18.121999740600586,17.930999755859375,18.020000457763672,16.52323341369629,1600,222,4,0.49635102959171284,45.65868060438333
2016-07-11,18.15999984741211,18.290000915527344,18.15999984741211,18.290000915527344,16.770809173583984,300,223,0,0.7158649185438293,44.02469108569454
2016-07-12,18.290000915527344,18.290000915527344,18.290000915527344,18.290000915527344,16.770809173583984,0,224,1,0.0,44.02469108569454
2016-07-13,18.309999465942383,18.33300018310547,18.309999465942383,18.33300018310547,16.81023597717285,500,225,2,0.12561833879825013,44.93743078907149
2016-07-14,18.690000534057617,18.690000534057617,18.540000915527344,18.559999465942383,17.018381118774414,900,226,3,-0.6955648175522633,49.301660537493625
2016-07-15,18.68000030517578,18.68000030517578,18.68000030517578,18.68000030517578,17.128414154052734,200,227,4,0.0,62.17531952313239
2016-07-18,18.68000030517578,18.68000030517578,18.68000030517578,18.68000030517578,17.128414154052734,0,228,0,0.0,69.76317988288409
2016-07-19,18.43000030517578,18.516000747680664,18.40999984741211,18.516000747680664,16.978036880493164,300,229,1,0.46663288703652217,61.559897212299816
2016-07-20,18.573999404907227,18.573999404907227,18.573999404907227,18.573999404907227,17.031219482421875,600,230,2,0.0,51.57891566735413
2016-07-21,18.486000061035156,18.486000061035156,18.25,18.363000869750977,16.837745666503906,2100,231,3,-0.6653640099430591,46.39665446270635
2016-07-22,18.260000228881836,18.344999313354492,18.260000228881836,18.344999313354492,16.821237564086914,800,232,4,0.4654933373889669,45.10319271390779
2016-07-25,18.344999313354492,18.344999313354492,18.344999313354492,18.344999313354492,16.821237564086914,0,233,0,0.0,45.10319271390779
2016-07-26,18.350000381469727,18.454999923706055,18.350000381469727,18.350000381469727,16.825824737548828,300,234,1,0.0,67.26846452466754
2016-07-27,18.614999771118164,18.614999771118164,18.3700008392334,18.392000198364258,16.864336013793945,1400,235,2,-1.1979563550674754,69.58206619622663
2016-07-28,18.469999313354492,18.52400016784668,18.469999313354492,18.52400016784668,16.98537254333496,900,236,3,0.29237063616534,69.53488750330828
2016-07-29,18.52400016784668,18.52400016784668,18.52400016784668,18.52400016784668,16.98537254333496,0,237,4,0.0,61.47056788581323
2016-08-01,18.770000457763672,18.770000457763672,18.770000457763672,18.770000457763672,17.210939407348633,800,238,0,0.0,68.9573452575375
2016-08-02,18.677000045776367,18.677000045776367,18.677000045776367,18.677000045776367,17.125661849975586,200,239,1,0.0,63.069903748461876
2016-08-03,18.8799991607666,18.8799991607666,18.799999237060547,18.799999237060547,17.238445281982422,700,240,2,-0.4237284282951559,59.9009815292468
2016-08-04,18.825000762939453,18.884000778198242,18.825000762939453,18.884000778198242,17.31546974182129,400,241,3,0.3134130829622217,58.67348511019961
2016-08-05,19.020000457763672,19.06999969482422,18.969999313354492,18.969999313354492,17.39432716369629,3700,242,4,-0.2628871882533024,61.4896675135381
2016-08-08,18.969999313354492,18.969999313354492,18.969999313354492,18.969999313354492,17.39432716369629,0,243,0,0.0,70.67389537024813
2016-08-09,19.209999084472656,19.29800033569336,19.209999084472656,19.277999877929688,17.67674446105957,2100,244,1,0.35398644819299996,76.11274851749086
2016-08-10,19.277999877929688,19.277999877929688,19.277999877929688,19.277999877929688,17.67674446105957,0,245,2,0.0,90.23731918398569
2016-08-11,19.360000610351562,19.389999389648438,19.360000610351562,19.389999389648438,17.77943992614746,500,246,3,0.15495236751612573,92.445138588687
2016-08-12,19.450000762939453,19.5,19.450000762939453,19.5,17.88030433654785,600,247,4,0.2570654760889024,93.06485404745752
2016-08-15,19.476999282836914,19.476999282836914,19.476999282836914,19.476999282836914,17.859214782714844,200,248,0,0.0,91.46423619103224
2016-08-16,19.270000457763672,19.600000381469727,19.270000457763672,19.540000915527344,17.916980743408203,600,249,1,1.401144013231681,91.59413920021451
2016-08-17,19.597000122070312,19.600000381469727,19.575000762939453,19.600000381469727,17.971996307373047,400,250,2,0.015309789155093512,91.13142890473483
2016-08-18,19.549999237060547,19.65399932861328,19.530000686645508,19.65399932861328,18.02151107788086,2700,251,3,0.5319697985234795,91.48303903898858
2016-08-19,19.551000595092773,19.551000595092773,19.551000595092773,19.551000595092773,17.92706871032715,100,252,4,0.0,82.03446371264906
2016-08-22,19.5,19.5,19.309999465942383,19.364999771118164,17.75651741027832,7300,253,0,-0.692308866060698,76.21949623909308
2016-08-23,19.356000900268555,19.360000610351562,19.270999908447266,19.270999908447266,17.670324325561523,1400,254,1,-0.4391454219249913,68.35542962141461
2016-08-24,19.1200008392334,19.236000061035156,19.1200008392334,19.236000061035156,17.63823127746582,200,255,2,0.6066904639655313,64.26254036115994
2016-08-25,19.209999084472656,19.209999084472656,19.18899917602539,19.209999084472656,17.614389419555664,1000,256,3,0.0,60.22144058227663
2016-08-26,19.31999969482422,19.31999969482422,19.040000915527344,19.040000915527344,17.458513259887695,400,257,4,-1.4492690668721164,52.60422653740973
2016-08-29,19.110000610351562,19.12700080871582,19.100000381469727,19.100000381469727,17.513526916503906,1000,258,0,-0.052329819792984456,41.87957585809033
2016-08-30,19.229999542236328,19.270000457763672,19.170000076293945,19.270000457763672,17.669408798217773,6500,259,1,0.20801308621711811,49.68406684464586
2016-08-31,19.350000381469727,19.350000381469727,19.350000381469727,19.350000381469727,17.742761611938477,200,260,2,0.0,48.379293662312534
2016-09-01,19.111000061035156,19.15999984741211,19.111000061035156,19.15999984741211,17.568544387817383,1100,261,3,0.25639572089615204,37.06239095155564
2016-09-02,19.239999771118164,19.253999710083008,19.239999771118164,19.253999710083008,17.65473747253418,700,262,4,0.07276475640014546,41.94946415144229
2016-09-06,19.440000534057617,19.469999313354492,19.43000030517578,19.469999313354492,17.852794647216797,11600,263,1,0.15431470407791803,47.72425972247886
2016-09-07,19.459999084472656,19.65999984741211,19.399999618530273,19.65999984741211,18.027013778686523,500,264,2,1.0277531980925625,51.79854798853302
2016-09-08,19.65999984741211,19.65999984741211,19.65999984741211,19.65999984741211,18.027013778686523,0,265,3,0.0,50.18588986055306
2016-09-09,19.610000610351562,19.610000610351562,19.610000610351562,19.610000610351562,17.981168746948242,1500,266,4,0.0,51.88981602198401
2016-09-12,19.6200008392334,19.729999542236328,19.618000030517578,19.618000030517578,17.988502502441406,1700,267,0,-0.010197801377354043,59.146808184926265
2016-09-13,19.468000411987305,19.468000411987305,19.468000411987305,19.468000411987305,17.850961685180664,400,268,1,0.0,56.845061760304546
2016-09-14,19.190000534057617,19.190000534057617,19.190000534057617,19.190000534057617,17.596052169799805,400,269,2,0.0,48.63259212724145
2016-09-15,19.479999542236328,19.479999542236328,19.479999542236328,19.479999542236328,17.861963272094727,100,270,3,0.0,56.93733570396624
2016-09-16,19.429000854492188,19.429000854492188,19.429000854492188,19.429000854492188,17.815200805664062,200,271,4,0.0,60.64589005629145
2016-09-19,19.739999771118164,19.798999786376953,19.729999542236328,19.770000457763672,18.127878189086914,6600,272,0,0.15197916410010226,65.89187267066416
2016-09-20,19.489999771118164,19.489999771118164,19.489999771118164,19.489999771118164,17.87113380432129,100,273,1,0.0,54.95941503299168
2016-09-21,19.489999771118164,19.489999771118164,19.489999771118164,19.489999771118164,17.87113380432129,0,274,2,0.0,53.2740787527455
2016-09-22,20.016000747680664,20.016000747680664,20.0,20.0,18.338773727416992,5300,275,3,-0.07993978358797893,67.08709100192598
2016-09-23,20.0,20.0,20.0,20.0,18.338773727416992,0,276,4,0.0,65.77837124772574
2016-09-26,19.72599983215332,19.7549991607666,19.72599983215332,19.7549991607666,18.11412239074707,1000,277,0,0.14701069076363815,55.954870797532315
2016-09-27,19.7549991607666,19.7549991607666,19.7549991607666,19.7549991607666,18.11412239074707,0,278,1,0.0,52.15613785221709
2016-09-28,19.719999313354492,19.770000457763672,19.719999313354492,19.760000228881836,18.11870765686035,800,279,2,0.20284440628888234,52.26450316034439
2016-09-29,20.020000457763672,20.09000015258789,19.88599967956543,19.88599967956543,18.234241485595703,1600,280,3,-0.6693345411302287,56.04201514355647
2016-09-30,19.719999313354492,19.93000030517578,19.719999313354492,19.90999984741211,18.256250381469727,1100,281,4,0.9634915855648574,56.34782421205743
2016-10-03,19.729999542236328,19.861000061035156,19.729999542236328,19.829999923706055,18.182891845703125,500,282,0,0.5068443172320025,58.11658264637406
2016-10-04,19.94099998474121,19.979999542236328,19.90999984741211,19.90999984741211,18.256250381469727,1400,283,1,-0.1554592916745534,67.71652212928484
2016-10-05,19.979999542236328,20.143999099731445,19.979999542236328,20.143999099731445,18.47081184387207,3700,284,2,0.8208186248875204,66.80160966338576
2016-10-06,20.264999389648438,20.298999786376953,20.264999389648438,20.298999786376953,18.612937927246094,400,285,3,0.16777891809798273,70.91341745222462
2016-10-07,20.25,20.299999237060547,20.093000411987305,20.093000411987305,18.42405128479004,600,286,4,-0.7753066074701054,58.303333885761184
2016-10-10,20.093000411987305,20.093000411987305,20.093000411987305,20.093000411987305,18.42405128479004,0,287,0,0.0,68.10811739638463
2016-10-11,20.093000411987305,20.093000411987305,20.093000411987305,20.093000411987305,18.42405128479004,0,288,1,0.0,68.10811739638463
2016-10-12,19.898000717163086,19.934999465942383,19.8799991607666,19.93000030517578,18.27458953857422,1700,289,2,0.16081810664070328,47.344474480906264
2016-10-13,19.93000030517578,19.93000030517578,19.93000030517578,19.93000030517578,18.27458953857422,0,290,3,0.0,47.344474480906264
2016-10-14,19.875999450683594,19.875999450683594,19.875999450683594,19.875999450683594,18.225072860717773,100,291,4,0.0,55.368243260396056
2016-10-17,19.875999450683594,19.875999450683594,19.875999450683594,19.875999450683594,18.225072860717773,0,292,0,0.0,55.368243260396056
2016-10-18,19.950000762939453,19.979999542236328,19.950000762939453,19.979999542236328,18.3204345703125,1000,293,1,0.1503698152864441,58.9722407615705
2016-10-19,19.889999389648438,20.049999237060547,19.889999389648438,19.989999771118164,18.32960319519043,1500,294,2,0.5027671419727264,54.68468623273077
2016-10-20,19.989999771118164,19.989999771118164,19.989999771118164,19.989999771118164,18.32960319519043,0,295,3,0.0,53.68323623890674
2016-10-21,20.110000610351562,20.113000869750977,20.030000686645508,20.045000076293945,18.380035400390625,3000,296,4,-0.3232249233456441,60.13195031189889
2016-10-24,20.045000076293945,20.045000076293945,20.045000076293945,20.045000076293945,18.380035400390625,0,297,0,0.0,56.8807392962065
2016-10-25,20.045000076293945,20.045000076293945,20.045000076293945,20.045000076293945,18.380035400390625,0,298,1,0.0,43.37357396002492
2016-10-26,20.19499969482422,20.19499969482422,20.19499969482422,20.19499969482422,18.517574310302734,300,299,2,0.0,42.99191305376045
2016-10-27,20.19499969482422,20.19499969482422,20.19499969482422,20.19499969482422,18.517574310302734,0,300,3,0.0,59.51483707507321
2016-10-28,20.079999923706055,20.100000381469727,20.040000915527344,20.100000381469727,18.430465698242188,5100,301,4,0.0996038737035132,50.554672244624065
2016-10-31,20.242000579833984,20.242000579833984,20.139999389648438,20.14699935913086,18.473562240600586,400,302,0,-0.46932723042093505,53.98222619821249
2016-11-01,20.121000289916992,20.121000289916992,20.121000289916992,20.121000289916992,18.449724197387695,600,303,1,0.0,67.65254425519763
2016-11-02,20.0,20.0,19.8799991607666,19.899999618530273,18.247079849243164,500,304,2,-0.500001907348635,48.03144876059744
2016-11-03,19.899999618530273,19.899999618530273,19.899999618530273,19.899999618530273,18.247079849243164,0,305,3,0.0,51.694931235603924
2016-11-04,19.899999618530273,19.899999618530273,19.899999618530273,19.899999618530273,18.247079849243164,0,306,4,0.0,51.694931235603924
2016-11-07,19.889999389648438,19.889999389648438,19.829999923706055,19.829999923706055,18.182891845703125,200,307,0,-0.30165644938937586,38.872396842960185
2016-11-08,19.829999923706055,19.829999923706055,19.770000457763672,19.829999923706055,18.182891845703125,800,308,1,0.0,37.951776081074094
2016-11-09,20.149999618530273,20.149999618530273,19.799999237060547,20.059999465942383,18.393787384033203,3900,309,2,-0.44665088978524947,53.91498404137296
2016-11-10,20.110000610351562,20.110000610351562,20.100000381469727,20.100000381469727,18.430465698242188,3200,310,3,-0.04972764086684789,53.1285803562129
2016-11-11,20.100000381469727,20.100000381469727,20.100000381469727,20.100000381469727,18.430465698242188,0,311,4,0.0,53.1285803562129
2016-11-14,19.827999114990234,19.827999114990234,19.827999114990234,19.827999114990234,18.181058883666992,300,312,0,0.0,40.5733650396467
2016-11-15,19.989999771118164,20.047000885009766,19.989999771118164,20.047000885009766,18.38187026977539,300,313,1,0.28514814679465594,43.93448107661906
2016-11-16,20.047000885009766,20.047000885009766,20.047000885009766,20.047000885009766,18.38187026977539,0,314,2,0.0,43.93448107661906
2016-11-17,20.047000885009766,20.047000885009766,20.047000885009766,20.047000885009766,18.38187026977539,0,315,3,0.0,47.64447081761539
2016-11-18,20.06999969482422,20.076000213623047,20.06999969482422,20.076000213623047,18.40846061706543,400,316,4,0.029897951619672902,46.79317973493594
2016-11-21,20.360000610351562,20.40999984741211,20.360000610351562,20.3799991607666,18.68720817565918,900,317,0,0.09822470439844189,59.35012532018619
2016-11-22,20.788999557495117,20.84000015258789,20.709999084472656,20.739999771118164,19.01730728149414,14400,318,1,-0.23570055038693027,77.55902259779529
2016-11-23,20.75,20.75,20.68000030517578,20.68000030517578,18.962291717529297,3200,319,2,-0.33734792686370696,74.62120984065707
2016-11-25,20.68000030517578,20.68000030517578,20.68000030517578,20.68000030517578,18.962291717529297,0,320,4,0.0,74.62120984065707
2016-11-28,20.68000030517578,20.68000030517578,20.68000030517578,20.68000030517578,18.962291717529297,0,321,0,0.0,78.07131257928904
2016-11-29,20.15999984741211,20.399999618530273,20.15999984741211,20.360000610351562,18.668869018554688,2900,322,1,0.9920672839941913,64.44929774477534
2016-11-30,20.420000076293945,20.440000534057617,20.329999923706055,20.329999923706055,18.6413631439209,2400,323,2,-0.44074511386693604,58.26193433315279
2016-12-01,20.73200035095215,20.73200035095215,20.56999969482422,20.56999969482422,18.861427307128906,19400,324,3,-0.781403884746168,62.8134928682485
2016-12-02,20.56999969482422,20.56999969482422,20.56999969482422,20.56999969482422,18.861427307128906,100,325,4,0.0,62.8134928682485
2016-12-05,20.780000686645508,21.170000076293945,20.780000686645508,20.9950008392334,19.251127243041992,3400,326,0,1.0346494007869023,79.36590062403948
2016-12-06,21.15999984741211,21.270000457763672,21.149999618530273,21.270000457763672,19.50328254699707,700,327,1,0.5198516594744573,79.93147359772948
2016-12-07,21.459999084472656,21.722000122070312,21.450000762939453,21.670000076293945,19.870059967041016,4900,328,2,0.9785694351368113,83.21735430402823
2016-12-08,21.784000396728516,21.950000762939453,21.760000228881836,21.760000228881836,19.952585220336914,10100,329,3,-0.11017337224380475,83.81365957315434
2016-12-09,21.85700035095215,21.858999252319336,21.85700035095215,21.858999252319336,20.043359756469727,2200,330,4,0.009145359999496172,84.2489417250852
2016-12-12,22.40999984741211,22.40999984741211,21.56999969482422,21.617000579833984,19.82146453857422,11300,331,0,-3.538595595616212,74.34085339078152
2016-12-13,21.889999389648438,22.030000686645508,21.829999923706055,21.829999923706055,20.01677131652832,17400,332,1,-0.27409532944416837,72.76527633482692
2016-12-14,21.75,21.829999923706055,21.690000534057617,21.690000534057617,19.88840103149414,1800,333,2,-0.27585961352819544,70.41231621317614
2016-12-15,21.452999114990234,21.530000686645508,21.42099952697754,21.530000686645508,19.741689682006836,2500,334,3,0.3589315006379268,66.13518149884176
2016-12-16,21.530000686645508,21.530000686645508,21.530000686645508,21.530000686645508,19.741689682006836,100,335,4,0.0,66.13518149884176
2016-12-19,21.299999237060547,21.299999237060547,20.709999084472656,20.709999084472656,19.640214920043945,1300,336,0,-2.7699538672345647,55.58389598312477
2016-12-20,20.714000701904297,20.738000869750977,20.709999084472656,20.709999084472656,19.640214920043945,900,337,1,-0.019318418924607617,56.12112408280995
2016-12-21,20.709999084472656,20.709999084472656,20.709999084472656,20.709999084472656,19.640214920043945,0,338,2,0.0,52.44412477689869
2016-12-22,20.81999969482422,20.81999969482422,20.739999771118164,20.81800079345703,19.742637634277344,1000,339,3,-0.00960087126073983,54.172292874269026
2016-12-23,20.780000686645508,20.9689998626709,20.639999389648438,20.9689998626709,19.885835647583008,1900,340,4,0.9095243974022171,49.51814315446566
2016-12-27,20.854999542236328,20.899999618530273,20.854999542236328,20.8700008392334,19.79195213317871,2200,341,1,0.07193141849122231,42.06978543440628
2016-12-28,20.81999969482422,20.81999969482422,20.770000457763672,20.785999298095703,19.712289810180664,800,342,2,-0.16330642279964724,29.96371194704382
2016-12-29,20.785999298095703,20.785999298095703,20.785999298095703,20.785999298095703,19.712289810180664,0,343,3,0.0,26.98484666840335
2016-12-30,20.94499969482422,20.94499969482422,20.809999465942383,20.84000015258789,19.763500213623047,1300,344,4,-0.5013107842740894,25.398392523123476
2017-01-03,21.020000457763672,21.163000106811523,20.959999084472656,21.045000076293945,19.957910537719727,2300,345,1,0.11893253085557554,35.939039931433044
2017-01-04,21.149999618530273,21.209999084472656,21.041000366210938,21.06999969482422,19.981618881225586,1600,346,2,-0.3782502371109442,29.414973802406806
2017-01-05,20.961000442504883,21.158000946044922,20.961000442504883,21.158000946044922,20.065074920654297,300,347,3,0.9398430388873891,35.17284639715068
2017-01-06,20.97800064086914,20.97800064086914,20.97800064086914,20.97800064086914,19.894372940063477,200,348,4,0.0,34.78504533358007
2017-01-09,20.68000030517578,20.735000610351562,20.68000030517578,20.735000610351562,19.663925170898438,700,349,0,0.26595891858867127,30.675785817408666
2017-01-10,21.0,21.0,20.65999984741211,20.65999984741211,19.592798233032227,200,350,1,-1.6190483456566263,48.09454720963906
2017-01-11,20.660999298095703,20.660999298095703,20.660999298095703,20.660999298095703,19.593746185302734,300,351,2,0.0,48.13405733942289
2017-01-12,20.90999984741211,20.969999313354492,20.90999984741211,20.969999313354492,19.886783599853516,300,352,3,0.2869414939274062,58.014786035228255
2017-01-13,20.969999313354492,20.969999313354492,20.969999313354492,20.969999313354492,19.886783599853516,0,353,4,0.0,55.019760057346375
2017-01-17,20.93000030517578,20.93000030517578,20.93000030517578,20.93000030517578,19.848852157592773,400,354,1,0.0,48.61013870743648
2017-01-18,20.930999755859375,20.930999755859375,20.930999755859375,20.930999755859375,19.84980010986328,200,355,2,0.0,52.33711927997346
2017-01-19,20.799999237060547,20.815000534057617,20.799999237060547,20.799999237060547,19.725566864013672,1600,356,3,0.0,50.517748766290744
2017-01-20,20.799999237060547,20.799999237060547,20.799999237060547,20.799999237060547,19.725566864013672,0,357,4,0.0,50.517748766290744
2017-01-23,20.729999542236328,20.809999465942383,20.729999542236328,20.809999465942383,19.735050201416016,700,358,0,0.38591377459058496,48.85318525625976
2017-01-24,21.010000228881836,21.149999618530273,21.010000228881836,21.149999618530273,20.057485580444336,5700,359,1,0.6663464451370338,53.6382357761834
2017-01-25,21.200000762939453,21.209999084472656,21.030000686645508,21.030000686645508,19.943687438964844,1400,360,2,-0.801887123471845,48.699642217137615
2017-01-26,21.01099967956543,21.01099967956543,20.920000076293945,20.920000076293945,19.83936882019043,2500,361,3,-0.4331045864513938,42.37176438367554
2017-01-27,21.047000885009766,21.047000885009766,21.0,21.0,19.91523551940918,300,362,4,-0.22331393088523832,50.75340318240013
2017-01-30,20.871000289916992,20.937000274658203,20.871000289916992,20.937000274658203,19.855491638183594,500,363,0,0.31622818180447876,57.89061941205922
2017-01-31,20.920000076293945,20.920000076293945,20.920000076293945,20.920000076293945,19.83936882019043,1100,364,1,0.0,60.638322779426204
2017-02-01,20.920000076293945,20.920000076293945,20.920000076293945,20.920000076293945,19.83936882019043,0,365,2,0.0,60.60610320937898
2017-02-02,20.86400032043457,20.86400032043457,20.86400032043457,20.86400032043457,19.78626251220703,200,366,3,0.0,44.524836949025634
2017-02-03,20.954999923706055,20.954999923706055,20.93899917602539,20.93899917602539,19.85738754272461,300,367,4,-0.07635766041002023,48.51389186055655
2017-02-06,20.93899917602539,20.93899917602539,20.93899917602539,20.93899917602539,19.85738754272461,0,368,0,0.0,50.44859848628912
2017-02-07,20.724000930786133,20.799999237060547,20.724000930786133,20.799999237060547,19.725566864013672,2900,369,1,0.3667163813022123,44.25939299111352
2017-02-08,20.6200008392334,20.790000915527344,20.6200008392334,20.790000915527344,19.716083526611328,300,370,2,0.8244426254847115,49.50988458632838
2017-02-09,21.09000015258789,21.1299991607666,21.041000366210938,21.041000366210938,19.954118728637695,1000,371,3,-0.2323365861661264,59.48079739723396
2017-02-10,21.041000366210938,21.041000366210938,21.041000366210938,21.041000366210938,19.954118728637695,0,372,4,0.0,59.159463036490834
2017-02-13,21.041000366210938,21.041000366210938,21.041000366210938,21.041000366210938,19.954118728637695,1000,373,0,0.0,44.082532042984916
2017-02-14,21.426000595092773,21.426000595092773,21.426000595092773,21.426000595092773,20.319232940673828,200,374,1,0.0,66.69481058339927
2017-02-15,21.270000457763672,21.666000366210938,21.270000457763672,21.450000762939453,20.34199333190918,900,375,2,0.8462637578838361,74.09101549292112
2017-02-16,21.450000762939453,21.450000762939453,21.450000762939453,21.450000762939453,20.34199333190918,0,376,3,0.0,72.05893352681143
2017-02-17,21.601999282836914,21.601999282836914,21.601999282836914,21.601999282836914,20.48613929748535,300,377,4,0.0,79.98204436280707
2017-02-21,21.601999282836914,21.601999282836914,21.601999282836914,21.601999282836914,20.48613929748535,0,378,1,0.0,81.22720603647033
2017-02-22,21.690000534057617,21.690000534057617,21.690000534057617,21.690000534057617,20.569595336914062,300,379,2,0.0,82.62723507980176
2017-02-23,21.709999084472656,21.738000869750977,21.700000762939453,21.700000762939453,20.579078674316406,1200,380,3,-0.04605399334334237,86.86078840651864
2017-02-24,21.700000762939453,21.82900047302246,21.700000762939453,21.82900047302246,20.701414108276367,1100,381,4,0.594468689159311,87.45803584473383
2017-02-27,21.82900047302246,21.82900047302246,21.82900047302246,21.82900047302246,20.701414108276367,0,382,0,0.0,87.45803584473383
2017-02-28,21.917999267578125,21.917999267578125,21.80900001525879,21.80900001525879,20.682445526123047,400,383,1,-0.49730475390867834,97.19374873988113
2017-03-01,21.80900001525879,21.80900001525879,21.80900001525879,21.80900001525879,20.682445526123047,0,384,2,0.0,98.11138267464668
2017-03-02,21.80900001525879,21.80900001525879,21.80900001525879,21.80900001525879,20.682445526123047,0,385,3,0.0,97.52469755089997
2017-03-03,21.799999237060547,21.90999984741211,21.559999465942383,21.899999618530273,20.76874542236328,1600,386,4,0.4587173622452312,97.77525539160045
2017-03-06,21.899999618530273,21.899999618530273,21.899999618530273,21.899999618530273,20.76874542236328,0,387,0,0.0,97.77525539160045
2017-03-07,21.899999618530273,21.899999618530273,21.899999618530273,21.899999618530273,20.76874542236328,0,388,1,0.0,96.10885989520713
2017-03-08,21.899999618530273,22.049999237060547,21.798999786376953,21.798999786376953,20.672964096069336,700,389,2,-0.4611864562219514,79.52616393527273
2017-03-09,21.68199920654297,21.68199920654297,21.361000061035156,21.402999877929688,20.297420501708984,700,390,3,-1.2867786127816472,47.61900160781646
2017-03-10,21.767000198364258,21.8700008392334,21.767000198364258,21.8700008392334,20.740297317504883,1100,391,4,0.47319630601594387,60.2919030095631
2017-03-13,21.90999984741211,21.90999984741211,21.90999984741211,21.90999984741211,20.778228759765625,300,392,0,0.0,61.47542265081474
2017-03-14,22.079999923706055,22.079999923706055,22.059999465942383,22.059999465942383,20.920482635498047,1000,393,1,-0.09058178366295744,63.176606439342486
2017-03-15,21.87299919128418,22.170000076293945,21.87299919128418,22.170000076293945,21.02480125427246,11600,394,2,1.357842527274955,65.62498018462225
2017-03-16,22.389999389648438,22.579999923706055,22.350000381469727,22.479999542236328,21.31878662109375,2700,395,3,0.40196585547698227,69.31748592127232
2017-03-17,22.479999542236328,22.479999542236328,22.479999542236328,22.479999542236328,21.31878662109375,0,396,4,0.0,69.31748592127232
2017-03-20,22.600000381469727,22.600000381469727,22.409000396728516,22.469999313354492,21.309303283691406,1400,397,0,-0.5752259554023031,69.73133131856494
2017-03-21,22.225000381469727,22.225000381469727,22.225000381469727,22.225000381469727,21.07695960998535,300,398,1,0.0,60.833353201567206
2017-03-22,22.059999465942383,22.229999542236328,22.059999465942383,22.229999542236328,21.08169937133789,900,399,2,0.7706259311402119,60.935067817484814
2017-03-23,22.25,22.25,22.21500015258789,22.21500015258789,21.067476272583008,200,400,3,-0.15730268499823952,58.51814562923519
2017-03-24,22.166000366210938,22.25,22.166000366210938,22.25,21.100666046142578,1900,401,4,0.37895710728719223,59.288772440995096
2017-03-27,22.139999389648438,22.18199920654297,22.110000610351562,22.15999984741211,21.01531410217285,1300,402,0,0.09033630675265858,56.58562838726383
2017-03-28,22.200000762939453,22.239999771118164,22.155000686645508,22.155000686645508,21.010574340820312,2000,403,1,-0.20270303940289613,59.47821017640469
2017-03-29,22.25,22.549999237060547,22.25,22.549999237060547,21.385169982910156,3700,404,2,1.34831117780021,80.55413856106073
2017-03-30,22.614999771118164,22.649999618530273,22.614999771118164,22.649999618530273,21.480005264282227,400,405,3,0.15476386365835815,75.8278681069938
2017-03-31,22.649999618530273,22.649999618530273,22.649999618530273,22.649999618530273,21.480005264282227,0,406,4,0.0,75.17013731654689
2017-04-03,22.450000762939453,22.549999237060547,22.450000762939453,22.549999237060547,21.385169982910156,1300,407,0,0.4454274865155927,67.25355849061165
2017-04-04,22.549999237060547,22.739999771118164,22.549999237060547,22.729999542236328,21.555871963500977,2200,408,1,0.7982275444158526,68.79197938521763
2017-04-05,22.559999465942383,22.559999465942383,22.395000457763672,22.395000457763672,21.238176345825195,500,409,2,-0.7313785996661992,47.19474149370384
2017-04-06,22.402999877929688,22.402999877929688,22.402999877929688,22.402999877929688,21.245763778686523,1000,410,3,0.0,47.47209726382863
2017-04-07,22.31999969482422,22.31999969482422,22.31999969482422,22.31999969482422,21.167049407958984,300,411,4,0.0,45.300748959380286
2017-04-10,22.540000915527344,22.68899917602539,22.530000686645508,22.530000686645508,21.36620330810547,1000,412,0,-0.044366585961175264,59.76940709569263
2017-04-11,22.59000015258789,22.670000076293945,22.450000762939453,22.670000076293945,21.49897003173828,700,413,1,0.35413865943196843,62.971734981573135
2017-04-12,22.709999084472656,22.709999084472656,22.34000015258789,22.350000381469727,21.19550132751465,1700,414,2,-1.5851991083921657,53.37332320400648
2017-04-13,22.56999969482422,22.65999984741211,22.3799991607666,22.3799991607666,21.22395133972168,1300,415,3,-0.8418278095997822,53.256497753892354
2017-04-17,22.299999237060547,22.520000457763672,22.260000228881836,22.520000457763672,21.356719970703125,500,416,0,0.9865525929593,58.79767911012667
2017-04-18,22.520000457763672,22.520000457763672,22.520000457763672,22.520000457763672,21.356719970703125,0,417,1,0.0,58.94169639210857
2017-04-19,22.142000198364258,22.142000198364258,22.1299991607666,22.1299991607666,20.986865997314453,1400,418,2,-0.054200331903808685,39.685662386376514
2017-04-20,22.1299991607666,22.1299991607666,22.1299991607666,22.1299991607666,20.986865997314453,0,419,3,0.0,36.57024182727075
2017-04-21,22.1299991607666,22.1299991607666,22.1299991607666,22.1299991607666,20.986865997314453,0,420,4,0.0,36.57024182727075
2017-04-24,22.483999252319336,22.483999252319336,22.483999252319336,22.483999252319336,21.32257843017578,300,421,0,0.0,48.49315140076869
2017-04-25,22.483999252319336,22.483999252319336,22.483999252319336,22.483999252319336,21.32257843017578,0,422,1,0.0,43.88059049988661
2017-04-26,22.895000457763672,22.895000457763672,22.895000457763672,22.895000457763672,21.71234893798828,600,423,2,0.0,61.98464613510889
2017-04-27,22.916000366210938,22.916000366210938,22.510000228881836,22.510000228881836,21.34723472595215,200,424,3,-1.7716884746071915,52.172152126152795
2017-04-28,22.93000030517578,22.94499969482422,22.93000030517578,22.93000030517578,21.745540618896484,6200,425,4,0.0,60.89285616972115
2017-05-01,22.89299964904785,22.940000534057617,22.89299964904785,22.899999618530273,21.717090606689453,1900,426,0,0.030576899444079153,57.06104091622526
2017-05-02,23.059999465942383,23.059999465942383,22.954999923706055,22.954999923706055,21.769248962402344,1400,427,1,-0.45533193698206187,55.6212906449011
2017-05-03,22.940000534057617,22.989999771118164,22.812000274658203,22.81999969482422,21.64122200012207,1000,428,2,-0.5231073951164067,59.99996753454933
2017-05-04,22.433000564575195,22.805999755859375,22.433000564575195,22.805999755859375,21.627946853637695,1600,429,3,1.6627253684163623,59.125955817277394
2017-05-05,22.829999923706055,23.0,22.829999923706055,22.868000030517578,21.686744689941406,3500,430,4,0.16644812500443695,57.712741673120306
2017-05-08,22.950000762939453,23.110000610351562,22.950000762939453,23.049999237060547,21.85934066772461,2900,431,0,0.4357231842997411,60.869524399631985
2017-05-09,22.989999771118164,23.190000534057617,22.989999771118164,23.190000534057617,21.992111206054688,1400,432,1,0.8699467809073713,74.22302692600057
2017-05-10,23.049999237060547,23.049999237060547,23.049999237060547,23.049999237060547,21.85934066772461,100,433,2,0.0,69.75941075503157
2017-05-11,23.09000015258789,23.235000610351562,23.09000015258789,23.209999084472656,22.011075973510742,3000,434,3,0.5197008709041384,71.70413766615482
2017-05-12,23.209999084472656,23.209999084472656,23.209999084472656,23.209999084472656,22.011075973510742,0,435,4,0.0,67.0102687353698
2017-05-15,23.280000686645508,23.450000762939453,23.280000686645508,23.33099937438965,22.125825881958008,1400,436,0,0.2190665216491805,68.78044984572078
2017-05-16,23.25,23.3799991607666,23.25,23.3799991607666,22.17229461669922,400,437,1,0.5591361753402246,62.81029623800604
2017-05-17,22.940000534057617,22.98900032043457,22.940000534057617,22.940000534057617,21.755023956298828,3300,438,2,0.0,61.03695827140331
2017-05-18,22.6299991607666,22.8700008392334,22.43000030517578,22.589000701904297,21.422155380249023,1700,439,3,-0.18116862740933382,40.926042848819144
2017-05-19,23.079999923706055,23.18000030517578,22.7549991607666,22.7549991607666,21.579580307006836,1200,440,4,-1.4081488908742834,46.40197266290561
2017-05-22,23.15999984741211,23.18000030517578,23.010000228881836,23.156999588012695,21.9608154296875,3100,441,0,-0.012954487993011021,54.276031034393654
2017-05-23,22.940000534057617,23.049999237060547,22.639999389648438,22.639999389648438,21.47052001953125,5900,442,1,-1.307764330536032,46.72011043717496
2017-05-24,22.639999389648438,22.937999725341797,22.6200008392334,22.889999389648438,21.70760726928711,5600,443,2,1.1042403124547073,51.40939004517473
2017-05-25,22.774999618530273,22.799999237060547,22.6299991607666,22.6299991607666,21.461036682128906,5100,444,3,-0.6366650282869646,46.25549233069277
2017-05-26,22.59000015258789,22.649999618530273,22.59000015258789,22.649999618530273,21.480005264282227,1500,445,4,0.2656018837410734,43.36870823328082
2017-05-30,22.847000122070312,22.847000122070312,22.847000122070312,22.847000122070312,21.666828155517578,600,446,1,0.0,44.419127609880476
2017-05-31,22.36400032043457,22.36400032043457,22.332000732421875,22.332000732421875,21.17843246459961,700,447,2,-0.14308526003488087,39.588182840048155
2017-06-01,22.399999618530273,22.780000686645508,22.3799991607666,22.780000686645508,21.603290557861328,3900,448,3,1.696433368690231,44.24520061120956
2017-06-02,22.68000030517578,22.799999237060547,22.674999237060547,22.790000915527344,21.612773895263672,2000,449,4,0.4850115029604307,44.394042307923385
2017-06-05,22.559999465942383,22.69499969482422,22.559999465942383,22.600000381469727,21.432586669921875,1300,450,0,0.17730902692498773,40.419406866857514
2017-06-06,22.8700008392334,22.8700008392334,22.75,22.805999755859375,21.627946853637695,3300,451,1,-0.2798473153714509,42.77442519007467
2017-06-07,22.868999481201172,22.868999481201172,22.860000610351562,22.860000610351562,21.679157257080078,200,452,2,-0.039349648230158074,48.88455223320925
2017-06-08,22.690000534057617,22.858999252319336,22.690000534057617,22.850000381469727,21.669673919677734,1400,453,3,0.7051557675018527,54.02156567126017
2017-06-09,22.860000610351562,22.860000610351562,22.860000610351562,22.860000610351562,21.679157257080078,400,454,4,0.0,51.69960117985067
2017-06-12,22.920000076293945,22.950000762939453,22.860000610351562,22.950000762939453,21.764509201049805,2400,455,0,0.13089304775586452,46.27298071567068
2017-06-13,23.1200008392334,23.450000762939453,22.950000762939453,23.3799991607666,22.17229461669922,2400,456,1,1.1245601734235278,63.7546398550699
2017-06-14,23.209999084472656,23.219999313354492,23.045000076293945,23.045000076293945,21.85460090637207,1000,457,2,-0.7108962287253773,52.79280554870132
2017-06-15,23.045000076293945,23.045000076293945,23.045000076293945,23.045000076293945,21.85460090637207,0,458,3,0.0,58.25051722150428
2017-06-16,23.035999298095703,23.20199966430664,23.035999298095703,23.1560001373291,21.959867477416992,500,459,4,0.5209274304992739,59.708379016522066
2017-06-19,23.469999313354492,23.520000457763672,23.329999923706055,23.329999923706055,22.1248779296875,3800,460,0,-0.5965035949906383,59.34959589731473
2017-06-20,22.860000610351562,23.0,22.840999603271484,22.972000122070312,21.78537368774414,1900,461,1,0.4899366086107415,63.19043148872336
2017-06-21,23.086000442504883,23.086000442504883,22.950000762939453,22.950000762939453,21.764509201049805,900,462,2,-0.589100220733918,54.250005960470155
2017-06-22,22.809999465942383,22.809999465942383,22.799999237060547,22.799999237060547,21.622255325317383,900,463,3,-0.04384142532211088,50.23360570992606
2017-06-23,22.81999969482422,22.979000091552734,22.81999969482422,22.979000091552734,21.792009353637695,1100,464,4,0.6967589783297701,58.90088684108442
2017-06-26,23.1299991607666,23.27199935913086,23.1299991607666,23.200000762939453,22.001596450805664,3300,465,0,0.3026442054161027,59.1884520058288
2017-06-27,23.200000762939453,23.420000076293945,23.200000762939453,23.200000762939453,22.001596450805664,3500,466,1,0.0,58.13397434844428
2017-06-28,23.139999389648438,23.489999771118164,23.139999389648438,23.459999084472656,22.2481632232666,3600,467,2,1.3828854937972368,63.034170094870284
2017-06-29,23.43000030517578,23.43000030517578,23.299999237060547,23.299999237060547,22.0964298248291,1000,468,3,-0.5548487683396108,58.835321369370256
2017-06-30,23.440000534057617,23.440000534057617,23.0,23.3799991607666,22.17229461669922,3500,469,4,-0.2559785491635824,58.6693308045558
2017-07-03,23.75,23.75,23.5,23.5,22.28609848022461,2600,470,0,-1.0526315789473717,52.76499619848731
2017-07-05,23.350000381469727,23.40999984741211,23.020000457763672,23.190000534057617,21.992111206054688,3700,471,2,-0.6852241747245635,53.379963329118496
2017-07-06,23.1299991607666,23.299999237060547,23.1299991607666,23.1299991607666,21.935211181640625,2000,472,3,0.0,51.927415280920656
2017-07-07,23.204999923706055,23.45199966430664,23.16900062561035,23.45199966430664,22.240577697753906,2700,473,4,1.06442465594776,56.12581226054548
2017-07-10,23.700000762939453,23.700000762939453,23.2549991607666,23.420000076293945,22.210229873657227,1600,474,0,-1.1814374583622556,51.97889336974682
2017-07-11,23.389999389648438,23.65999984741211,23.389999389648438,23.649999618530273,22.428348541259766,1900,475,1,1.1115871554785217,65.79680621585374
2017-07-12,23.652000427246094,23.780000686645508,23.5,23.780000686645508,22.5516357421875,3100,476,2,0.5411815368139505,68.41168202669438
2017-07-13,23.6200008392334,23.760000228881836,23.6200008392334,23.639999389648438,22.418865203857422,2500,477,3,0.08466786496392764,68.71655344988201
2017-07-14,24.09000015258789,24.09000015258789,24.03499984741211,24.03499984741211,22.793460845947266,1500,478,4,-0.22831176765215622,71.46338437681722
2017-07-17,23.950000762939453,24.040000915527344,23.91699981689453,23.950000762939453,22.712852478027344,1800,479,0,0.0,66.13596335003767
2017-07-18,24.059999465942383,24.18000030517578,23.975000381469727,23.975000381469727,22.736560821533203,700,480,1,-0.35327966067902894,66.49636678242837
2017-07-19,24.079999923706055,24.079999923706055,24.079999923706055,24.079999923706055,22.836137771606445,600,481,2,0.0,64.12944920798165
2017-07-20,24.115999221801758,24.360000610351562,24.115999221801758,24.340999603271484,23.083654403686523,1500,482,3,0.9329921576142652,72.67972693772325
2017-07-21,24.299999237060547,24.299999237060547,24.299999237060547,24.299999237060547,23.04477310180664,400,483,4,0.0,70.39005068502995
2017-07-24,24.290000915527344,24.417999267578125,24.290000915527344,24.389999389648438,23.130125045776367,2600,484,0,0.4116857569040677,69.99098594252595
2017-07-25,24.65999984741211,24.65999984741211,24.378999710083008,24.530000686645508,23.262893676757812,900,485,1,-0.527166105316279,82.58749575578558
2017-07-26,24.829999923706055,24.829999923706055,24.656999588012695,24.783000946044922,23.502822875976562,1700,486,2,-0.18928303586606132,86.74966606593873
2017-07-27,24.649999618530273,24.799999237060547,24.5,24.5,23.23444175720215,4600,487,3,-0.6085177316494272,73.71038373042381
2017-07-28,24.606000900268555,24.610000610351562,24.5,24.5,23.23444175720215,1300,488,4,-0.43079288137146676,74.79334898559507
2017-07-31,24.790000915527344,24.93000030517578,24.665000915527344,24.829999923706055,23.547395706176758,3500,489,0,0.16135137838440006,75.89987691843962
2017-08-01,24.780000686645508,25.020000457763672,24.780000686645508,24.860000610351562,23.575847625732422,2500,490,1,0.3228406839761222,74.79334898559507
2017-08-02,25.132999420166016,25.15999984741211,24.950000762939453,24.950000762939453,23.661197662353516,1200,491,2,-0.7281210418511708,80.78007611460572
2017-08-03,24.899999618530273,25.03499984741211,24.729999542236328,24.850000381469727,23.566362380981445,5000,492,3,-0.20080015191380474,72.23130399855987
2017-08-04,25.170000076293945,25.170000076293945,24.84000015258789,24.93199920654297,23.64412498474121,2400,493,4,-0.9455735758027828,76.83053172240704
2017-08-07,24.809999465942383,24.834999084472656,24.729999542236328,24.756999969482422,23.478166580200195,1600,494,0,-0.21362151390900141,69.74744988637798
2017-08-08,24.799999237060547,25.0049991607666,24.799999237060547,24.799999237060547,23.518943786621094,1400,495,1,0.0,68.76952221841017
2017-08-09,24.729999542236328,24.729999542236328,24.503000259399414,24.503000259399414,23.237287521362305,800,496,2,-0.9179105824455136,54.14535867223578
2017-08-10,24.5,24.639999389648438,24.1299991607666,24.3799991607666,23.12063980102539,3300,497,3,-0.4897993438097936,51.96463350542554
2017-08-11,24.290000915527344,24.520000457763672,24.082000732421875,24.274999618530273,23.02106475830078,4100,498,4,-0.061759145457584985,47.196495910500644
2017-08-14,24.450000762939453,24.600000381469727,24.450000762939453,24.600000381469727,23.32927703857422,600,499,0,0.613495353168414,51.565288303073935
2017-08-15,24.530000686645508,24.719999313354492,24.240999221801758,24.2450008392334,22.99261474609375,2200,500,1,-1.1618419870948804,38.49443417891391
2017-08-16,24.216999053955078,24.216999053955078,24.100000381469727,24.100000381469727,22.855104446411133,400,501,2,-0.4831262214805454,40.909094849895915
2017-08-17,24.290000915527344,24.290000915527344,24.100000381469727,24.100000381469727,22.855104446411133,600,502,3,-0.7822170724421817,40.909094849895915
2017-08-18,24.399999618530273,24.450000762939453,24.125,24.125,22.878812789916992,2700,503,4,-1.1270476345476177,31.3984046702398
2017-08-21,24.31999969482422,24.399999618530273,24.1299991607666,24.399999618530273,23.139606475830078,2200,504,0,0.3289470588401455,39.25230063058446
2017-08-22,24.389999389648438,24.399999618530273,24.239999771118164,24.399999618530273,23.139606475830078,6200,505,1,0.041001349455060954,36.58532046755223
2017-08-23,24.40999984741211,24.5,24.378999710083008,24.5,23.23444175720215,4500,506,2,0.3687019793137347,41.46339421039851
2017-08-24,24.68000030517578,25.099000930786133,24.68000030517578,24.979999542236328,23.689647674560547,4000,507,3,1.2155560508547936,50.98039979555201
2017-08-25,25.010000228881836,25.40999984741211,24.889999389648438,25.18899917602539,23.88785171508789,19600,508,4,0.7157094982224166,58.70264861882359
2017-08-28,25.31999969482422,25.613000869750977,25.31999969482422,25.579999923706055,24.258655548095703,9500,509,0,1.0268571564595375,63.780931230981274
2017-08-29,25.350000381469727,25.549999237060547,25.200000762939453,25.5,24.182785034179688,6100,510,1,0.5917144626156334,69.07767716693492
2017-08-30,25.583999633789062,25.59000015258789,25.375,25.59000015258789,24.268138885498047,7500,511,2,0.02345418575953051,73.44963231787962
2017-08-31,25.600000381469727,25.809999465942383,25.600000381469727,25.600000381469727,24.277620315551758,4400,512,3,0.0,76.65996856137593
2017-09-01,25.600000381469727,26.099000930786133,25.600000381469727,26.0,24.656959533691406,18100,513,4,1.5624984866008385,77.3437482537698
2017-09-05,26.100000381469727,26.219999313354492,25.5,25.5,24.182785034179688,20000,514,1,-2.2988520026831494,73.19776702705332
2017-09-06,25.64900016784668,25.850000381469727,25.600000381469727,25.850000381469727,24.514705657958984,13500,515,2,0.7836571106386359,80.06873009901172
2017-09-07,25.799999237060547,26.0,25.736000061035156,26.0,24.656959533691406,6900,516,3,0.7751967785028402,81.04575081919391
2017-09-08,25.85099983215332,26.0,25.75,25.950000762939453,24.609542846679688,4100,517,4,0.3829675116201692,79.57862730211174
2017-09-11,26.100000381469727,26.25,25.799999237060547,25.850000381469727,24.514705657958984,11800,518,0,-0.9578543921305527,74.91410376239286
2017-09-12,25.950000762939453,26.25,25.81999969482422,25.81999969482422,24.486257553100586,4800,519,1,-0.50096749245917,74.14965677462214
2017-09-13,26.34000015258789,26.43000030517578,26.149999618530273,26.200000762939453,24.846630096435547,22400,520,2,-0.5315086895877785,76.39751736752817
2017-09-14,26.190000534057617,26.440000534057617,26.0,26.1200008392334,24.770761489868164,16700,521,3,-0.2672764161771979,70.21277747003198
2017-09-15,26.030000686645508,26.25,26.0,26.139999389648438,24.78972625732422,7500,522,4,0.42258432616701924,68.0729765507082
2017-09-18,26.149999618530273,26.299999237060547,26.1200008392334,26.246999740600586,24.89120101928711,4800,523,0,0.37093737470488275,64.20962467411726
2017-09-19,26.110000610351562,26.389999389648438,26.09000015258789,26.336999893188477,24.976552963256836,2900,524,1,0.8693959307948695,67.75561664321256
2017-09-20,26.440000534057617,26.600000381469727,26.440000534057617,26.479999542236328,25.112165451049805,3600,525,2,0.15128217613757933,68.46471879664497
2017-09-21,26.3700008392334,26.584999084472656,26.259000778198242,26.5,25.131132125854492,6500,526,3,0.4929812538086331,68.59503285447325
2017-09-22,26.3799991607666,26.54599952697754,26.350000381469727,26.450000762939453,25.083715438842773,2700,527,4,0.2653586216824433,60.869585248360785
2017-09-25,26.549999237060547,26.780000686645508,26.520999908447266,26.780000686645508,25.396669387817383,5600,528,0,0.8662955035565689,83.6842353588376
2017-09-26,26.760000228881836,27.027000427246094,26.729999542236328,26.729999542236328,25.34925079345703,5000,529,1,-0.11211018829935249,77.49996721745319
2017-09-27,26.639999389648438,26.96299934387207,26.2810001373291,26.73900032043457,25.357786178588867,10100,530,2,0.37162512407789006,75.32554968579112
2017-09-28,26.540000915527344,26.989999771118164,26.270000457763672,26.889999389648438,25.500986099243164,7200,531,3,1.3187583347682663,80.12813459022607
2017-09-29,27.076000213623047,27.076000213623047,26.746000289916992,26.82699966430664,25.441240310668945,2100,532,4,-0.9196356454123644,82.07481361718541
2017-10-02,26.639999389648438,26.959999084472656,26.479999542236328,26.959999084472656,25.56736946105957,12500,533,0,1.2012000831672864,85.0553436278581
2017-10-03,26.81999969482422,27.218000411987305,26.68000030517578,27.114999771118164,25.71436309814453,5400,534,1,1.0999257257667816,82.65523255101583
2017-10-04,26.95599937438965,27.059999465942383,26.780000686645508,27.05900001525879,25.661256790161133,5000,535,2,0.38210655609007826,84.0958578504704
2017-10-05,27.041000366210938,27.155000686645508,27.033000946044922,27.059999465942383,25.66220474243164,5500,536,3,0.0702603434567628,83.87335090865933
2017-10-06,26.979999542236328,27.170000076293945,26.799999237060547,27.170000076293945,25.766521453857422,6900,537,4,0.704227343518582,83.90890133360242
2017-10-09,27.020000457763672,27.450000762939453,27.020000457763672,27.1200008392334,25.719106674194336,5500,538,0,0.37009763055348976,79.63669388839477
2017-10-10,27.44499969482422,27.44499969482422,27.024999618530273,27.239999771118164,25.83290672302246,5000,539,1,-0.7469481726564364,79.27585320157232
2017-10-11,27.0,27.30900001525879,27.0,27.299999237060547,25.889806747436523,2300,540,2,1.1111082854094345,79.89539498443327
2017-10-12,27.3700008392334,27.499000549316406,27.3700008392334,27.3700008392334,25.956192016601562,6300,541,3,0.0,83.87335090865933
2017-10-13,27.649999618530273,28.110000610351562,27.649999618530273,27.937000274658203,26.4939022064209,2800,542,4,1.0379770708408564,86.26959517554192
2017-10-16,28.360000610351562,28.360000610351562,27.530000686645508,27.90999984741211,26.46829605102539,10400,543,0,-1.5867445460322038,87.53184983862748
2017-10-17,27.639999389648438,27.65999984741211,27.538999557495117,27.6200008392334,26.193279266357422,6400,544,1,-0.07235365722376708,73.77231591429371
2017-10-18,27.559999465942383,27.832000732421875,27.520000457763672,27.65999984741211,26.231210708618164,4100,545,2,0.36284609364127807,72.10108747541902
2017-10-19,27.489999771118164,27.68199920654297,27.479999542236328,27.56999969482422,26.145858764648438,2400,546,3,0.29101463940390815,71.00059948418483
2017-10-20,27.6200008392334,27.75,27.34000015258789,27.64900016784668,26.220779418945312,8800,547,4,0.1049939454458304,70.0875156953266
2017-10-23,27.700000762939453,28.003999710083008,27.700000762939453,28.003999710083008,26.55744171142578,500,548,0,1.0974690930344089,73.21152179759166
2017-10-24,27.81999969482422,28.125999450683594,27.81999969482422,27.829999923706055,26.39242935180664,3300,549,1,0.03594618616655776,68.96214944327482
2017-10-25,27.81999969482422,28.040000915527344,27.549999237060547,27.950000762939453,26.5062313079834,3700,550,2,0.46729356413119927,70.67848301864719
2017-10-26,28.1299991607666,28.21299934387207,27.63800048828125,27.735000610351562,26.302337646484375,6200,551,3,-1.4041896985405922,62.516637553588765
2017-10-27,27.920000076293945,28.25,27.920000076293945,28.0,26.553647994995117,2600,552,4,0.2865326772472976,67.7993486307125
2017-10-30,28.299999237060547,28.6299991607666,28.200000762939453,28.5,27.027820587158203,3800,553,0,0.7067164958702188,72.0897711381698
2017-10-31,28.454999923706055,28.454999923706055,28.1200008392334,28.1200008392334,26.667448043823242,1900,554,1,-1.1772942729603275,62.92562841204757
2017-11-01,28.489999771118164,28.698999404907227,28.489999771118164,28.676000595092773,27.19472885131836,3000,555,2,0.6528635502593749,67.85129551725792
2017-11-02,28.760000228881836,29.201000213623047,28.760000228881836,28.920000076293945,27.426124572753906,12700,556,3,0.5563276986744636,64.7376406849532
2017-11-03,28.8700008392334,29.200000762939453,28.700000762939453,28.799999237060547,27.31232261657715,11900,557,4,-0.24247177048128954,62.98133044893944
2017-11-06,28.799999237060547,29.290000915527344,28.799999237060547,29.030000686645508,27.53044319152832,22500,558,0,0.798616165548327,70.93230158307671
2017-11-07,29.0,29.336000442504883,28.788000106811523,28.860000610351562,27.369226455688477,5700,559,1,-0.48275651602909253,67.15266418024385
2017-11-08,28.865999221801758,29.010000228881836,28.801000595092773,28.920000076293945,27.426124572753906,3500,560,2,0.18707426019537454,69.46367100769925
2017-11-09,28.709999084472656,28.709999084472656,28.354999542236328,28.6299991607666,27.151105880737305,10700,561,3,-0.2786482976564142,63.332410506538594
2017-11-10,28.69700050354004,28.83099937438965,28.549999237060547,28.67300033569336,27.191883087158203,3800,562,4,-0.08363301887149843,59.93466188630805
2017-11-13,28.559999465942383,28.56999969482422,27.38599967956543,28.562999725341797,27.087566375732422,12800,563,0,0.010505110138359086,61.09595923140221
2017-11-14,28.6200008392334,28.729999542236328,27.0,28.56399917602539,27.088512420654297,13600,564,1,-0.19567317108963866,59.641929056737595
2017-11-15,28.31999969482422,28.31999969482422,27.986000061035156,28.290000915527344,26.82866859436035,9300,565,2,-0.10592789413891301,58.556896391505795
2017-11-16,28.31999969482422,28.575000762939453,28.31999969482422,28.51300048828125,27.040149688720703,11700,566,3,0.6814999842401193,58.01312799196304
2017-11-17,28.5,28.708999633789062,28.5,28.649999618530273,27.170072555541992,1400,567,4,0.5263144509834117,52.642700021304776
2017-11-20,28.65999984741211,28.68000030517578,28.579999923706055,28.649999618530273,27.170072555541992,15000,568,0,-0.03489263410704213,60.78109722976644
2017-11-21,28.969999313354492,29.141000747680664,28.940000534057617,29.079999923706055,27.577857971191406,4200,569,1,0.3797052570203352,58.6620755087352
2017-11-22,29.18000030517578,29.200000762939453,29.149999618530273,29.149999618530273,27.644243240356445,1800,570,2,-0.10281249599639608,55.32899539867812
2017-11-24,29.31999969482422,29.31999969482422,29.110000610351562,29.167999267578125,27.661314010620117,1400,571,4,-0.5184189250620141,58.94941814727405
2017-11-27,29.290000915527344,29.290000915527344,29.18899917602539,29.229999542236328,27.720111846923828,2200,572,0,-0.2048527532111044,55.296583843088136
2017-11-28,29.18000030517578,29.290000915527344,29.01099967956543,29.290000915527344,27.777013778686523,6500,573,1,0.37697261549394234,62.092247882392314
2017-11-29,29.260000228881836,29.360000610351562,29.0,29.077999114990234,27.57596206665039,4300,574,2,-0.6220133713873088,54.09323465203775
2017-11-30,29.23699951171875,29.368000030517578,29.131000518798828,29.344999313354492,27.82917022705078,2200,575,3,0.36939427246101,68.74671190156609
2017-12-01,29.336999893188477,29.336999893188477,28.98900032043457,29.18000030517578,27.67269515991211,2700,576,4,-0.5351589753018637,62.493842711838916
2017-12-04,29.219999313354492,29.639999389648438,29.219999313354492,29.399999618530273,27.881330490112305,8900,577,0,0.6160174859878076,69.56523289916368
2017-12-05,29.489999771118164,29.760000228881836,29.479999542236328,29.6299991607666,28.099449157714844,10800,578,1,0.4747351330451677,72.508463463532
2017-12-06,29.5,29.610000610351562,29.440000534057617,29.5,27.976163864135742,8500,579,2,0.0,77.20322877216094
2017-12-07,29.350000381469727,29.469999313354492,29.350000381469727,29.389999389648438,27.87184715270996,9400,580,3,0.13628281996196367,70.77211928021309
2017-12-08,29.540000915527344,29.719999313354492,29.459999084472656,29.649999618530273,28.11841583251953,7800,581,4,0.37237203653948114,72.38136707477418
2017-12-11,29.600000381469727,29.849000930786133,29.600000381469727,29.768999099731445,28.23126983642578,9600,582,0,0.5709416083910401,73.77813804563692
2017-12-12,29.770000457763672,29.799999237060547,29.75,29.760000228881836,28.222734451293945,2400,583,1,-0.033591631602503114,67.59835881073012
2017-12-13,29.93000030517578,30.06999969482422,29.93000030517578,29.969999313354492,28.421884536743164,5800,584,2,0.13364185690232233,69.78765082977085
2017-12-14,30.110000610351562,30.25,30.110000610351562,30.15999984741211,28.60207176208496,4700,585,3,0.16605525090345186,72.10340483909079
2017-12-15,30.15999984741211,30.16900062561035,30.030000686645508,30.049999237060547,28.49775505065918,4700,586,4,-0.36472351096845657,67.88830192698816
2017-12-18,30.200000762939453,30.200000762939453,29.885000228881836,29.885000228881836,28.773115158081055,13600,587,0,-1.0430480996681868,62.41134638904383
2017-12-19,29.780000686645508,30.024999618530273,29.6200008392334,29.68000030517578,28.575742721557617,13400,588,1,-0.33579710934852347,62.5941904766465
2017-12-20,29.799999237060547,30.25,29.799999237060547,30.239999771118164,29.114906311035156,11300,589,2,1.4765118970553992,66.67913116299437
2017-12-21,30.229999542236328,30.40999984741211,30.200000762939453,30.200000762939453,29.07639503479004,9900,590,3,-0.09923512984166827,69.93750027961579
2017-12-22,30.239999771118164,30.360000610351562,30.100000381469727,30.309999465942383,29.182300567626953,15200,591,4,0.23148047405434635,68.58664198327327
2017-12-26,30.459999084472656,30.66699981689453,30.450000762939453,30.610000610351562,29.471139907836914,16300,592,1,0.4924541378445779,69.45994977862448
2017-12-27,30.760000228881836,30.902000427246094,30.66900062561035,30.829999923706055,29.682954788208008,22900,593,2,0.2275672766689052,75.49850403081601
2017-12-28,30.790000915527344,30.825000762939453,30.700000762939453,30.780000686645508,29.634817123413086,8600,594,3,-0.03247881969627997,77.27637824569966
2017-12-29,30.790000915527344,30.850000381469727,30.700000762939453,30.700000762939453,29.55779266357422,10300,595,4,-0.2923031825650346,72.17068555977353
2018-01-02,30.84000015258789,31.040000915527344,30.795000076293945,30.93000030517578,29.779233932495117,33800,596,1,0.29182928710309586,73.41677778145382
2018-01-03,31.020000457763672,31.260000228881836,31.020000457763672,31.165000915527344,30.0054931640625,32300,597,2,0.46744182986426797,75.97047518786178
2018-01-04,31.350000381469727,31.389999389648438,31.274999618530273,31.350000381469727,30.183609008789062,12100,598,3,0.0,75.74632229963917
2018-01-05,31.219999313354492,31.459999084472656,31.118000030517578,31.3799991607666,30.212491989135742,41300,599,4,0.5124915148337905,74.20638614959245
2018-01-08,31.399999618530273,31.479999542236328,31.200000762939453,31.299999237060547,30.135467529296875,59100,600,0,-0.31847255632039273,75.10046159479239
2018-01-09,31.290000915527344,31.3799991607666,30.950000762939453,30.950000762939453,29.798490524291992,353700,601,1,-1.08660959616389,69.90660029790362
2018-01-10,31.309999465942383,31.584999084472656,31.149999618530273,31.34000015258789,30.173980712890625,22700,602,2,0.09581822790556416,79.02104757712777
2018-01-11,31.530000686645508,31.719999313354492,31.530000686645508,31.649999618530273,30.47244644165039,20900,603,3,0.3805865184633328,77.01156397162208
2018-01-12,31.760000228881836,32.270999908447266,31.760000228881836,32.060001373291016,30.86719512939453,59800,604,4,0.944587979367717,81.20810867550449
2018-01-16,32.060001373291016,32.060001373291016,31.440000534057617,31.54599952697754,30.372316360473633,33300,605,1,-1.6032496079107728,68.26241834301851
2018-01-17,31.639999389648438,31.93000030517578,31.639999389648438,31.79800033569336,30.614940643310547,14000,606,2,0.49937088840974475,67.8057590976453
2018-01-18,31.6200008392334,31.6200008392334,31.0,31.450000762939453,30.279888153076172,22000,607,3,-0.5376346356164907,58.949206913810826
2018-01-19,31.610000610351562,31.65999984741211,31.459999084472656,31.600000381469727,30.42430877685547,7000,608,4,-0.03163628183721068,61.503926548864854
2018-01-22,31.920000076293945,32.099998474121094,31.889999389648438,32.099998474121094,30.905702590942383,11000,609,0,0.5639047537497666,67.57026410859638
2018-01-23,32.150001525878906,32.15999984741211,32.029998779296875,32.130001068115234,30.934589385986328,17500,610,1,-0.06220981901843281,65.85624520516598
2018-01-24,32.22999954223633,32.22999954223633,31.885000228881836,31.920000076293945,30.732402801513672,7100,611,2,-0.9618351546550219,60.042551269814936
2018-01-25,32.09000015258789,32.09000015258789,31.709999084472656,31.719999313354492,30.53984260559082,11800,612,3,-1.1530097771082715,54.901943937929836
2018-01-26,31.809999465942383,31.93899917602539,31.700000762939453,31.86400032043457,30.678483963012695,19000,613,4,0.16976062684315174,56.224287860190714
2018-01-29,32.0099983215332,32.0099983215332,31.719999313354492,31.719999313354492,30.53984260559082,18000,614,0,-0.9059638343799192,55.31375890509071
2018-01-30,31.489999771118164,31.489999771118164,31.100000381469727,31.15999984741211,30.00067710876465,19300,615,1,-1.0479514960451741,52.52281069983365
2018-01-31,31.25,31.415000915527344,31.17099952697754,31.360000610351562,30.1932373046875,9500,616,2,0.35200195312499183,50.2517676074058
2018-02-01,31.33300018310547,31.399999618530273,30.950000762939453,31.093000411987305,29.93617057800293,25500,617,3,-0.7659648604207758,42.91170776511069
2018-02-02,30.799999237060547,30.9060001373291,30.209999084472656,30.299999237060547,29.17267417907715,57300,618,4,-1.6233766635889046,29.591849372814323
2018-02-05,29.8799991607666,30.290000915527344,28.809999465942383,29.27199935913086,28.182920455932617,47000,619,0,-2.034805283509067,26.440143276248634
2018-02-06,28.25,29.760000228881836,28.25,29.760000228881836,28.65276527404785,27600,620,1,5.34513355356403,29.869639544693598
2018-02-07,29.799999237060547,30.159000396728516,29.198999404907227,29.45199966430664,28.356224060058594,17100,621,2,-1.1677838310852007,30.107543625506935
2018-02-08,29.34000015258789,29.34000015258789,28.6200008392334,28.639999389648438,27.574434280395508,19500,622,3,-2.3858239921573765,23.962024887443434
2018-02-09,28.65999984741211,28.860000610351562,27.860000610351562,28.729999542236328,27.66108512878418,25200,623,4,0.2442417836598043,18.05088423565151
2018-02-12,28.920000076293945,29.242000579833984,28.700000762939453,29.0,27.92104148864746,7200,624,0,0.27662490835065334,21.61772967019587
2018-02-13,28.90999984741211,29.260000228881836,28.770000457763672,29.040000915527344,27.95955467224121,5000,625,1,0.4496750909767755,23.053937844934623
2018-02-14,28.670000076293945,29.729999542236328,28.670000076293945,29.59000015258789,28.489089965820312,9000,626,2,3.2089294518511613,31.296128126529368
2018-02-15,29.81999969482422,29.840999603271484,29.482999801635742,29.604999542236328,28.503530502319336,5200,627,3,-0.720993141476145,29.70351291186617
2018-02-16,29.56999969482422,29.881000518798828,29.55500030517578,29.670000076293945,28.566112518310547,5900,628,4,0.3381818819809812,31.316097440900393
2018-02-20,29.579999923706055,29.614999771118164,29.354999542236328,29.354999542236328,28.26283073425293,3000,629,1,-0.7606503788034402,32.78001714828902
2018-02-21,29.34000015258789,29.5,29.139999389648438,29.139999389648438,28.055831909179688,11100,630,2,-0.6816658551442201,28.881284338416208
2018-02-22,29.190000534057617,29.43000030517578,29.190000534057617,29.211000442504883,28.124191284179688,7200,631,3,0.07194213108274727,31.403181424101916
2018-02-23,29.559999465942383,29.801000595092773,29.559999465942383,29.801000595092773,28.692241668701172,2300,632,4,0.815294768283259,44.86310259421968
2018-02-26,30.170000076293945,30.170000076293945,29.940000534057617,30.09000015258789,28.970487594604492,6300,633,0,-0.2651638167177728,59.9320061879927
2018-02-27,30.100000381469727,30.100000381469727,29.899999618530273,29.899999618530273,28.787555694580078,15600,634,1,-0.6644543535041847,51.83245106057474
2018-02-28,30.0,30.0,29.361000061035156,29.454999923706055,28.359111785888672,2800,635,2,-1.8166669209798147,50.03791075812358
2018-03-01,29.149999618530273,29.347999572753906,29.05299949645996,29.229999542236328,28.14248275756836,5800,636,3,0.27444228045614416,58.75370432837611
2018-03-02,29.091999053955078,29.091999053955078,29.0,29.09000015258789,28.007692337036133,5600,637,4,-0.006870966011929269,55.26316376530479
2018-03-05,29.049999237060547,29.489999771118164,29.030000686645508,29.413999557495117,28.319637298583984,7500,638,0,1.2530131841456127,55.9585412575211
2018-03-06,29.510000228881836,29.81100082397461,29.510000228881836,29.790000915527344,28.68164825439453,2100,639,1,0.9488332242419517,59.8425161373651
2018-03-07,29.43000030517578,29.6299991607666,29.43000030517578,29.579999923706055,28.479461669921875,2400,640,2,0.5096826944439137,49.8559046128663
2018-03-08,29.66699981689453,29.739999771118164,29.434999465942383,29.739999771118164,28.633508682250977,7800,641,3,0.24606449817705656,51.86722123058952
2018-03-09,29.75,29.989999771118164,29.75,29.989999771118164,28.87420654296875,5900,642,4,0.8067219197249287,54.21051891887551
2018-03-12,30.100000381469727,30.177000045776367,29.959999084472656,30.065000534057617,28.9464168548584,13900,643,0,-0.11627856135728587,59.97191485303517
2018-03-13,30.049999237060547,30.049999237060547,29.77199935913086,29.77199935913086,28.664318084716797,3200,644,1,-0.9251244092772892,58.686080565723756
2018-03-14,29.90999984741211,29.937999725341797,29.790000915527344,29.937999725341797,28.824142456054688,1100,645,2,0.09361376821308554,59.73745752155281
2018-03-15,29.510000228881836,29.64699935913086,29.451000213623047,29.479999542236328,28.383182525634766,3700,646,3,-0.10166278011799479,45.542894643592064
2018-03-16,29.440000534057617,29.66900062561035,29.42099952697754,29.59000015258789,28.489089965820312,16600,647,4,0.5095095645692993,42.69434083414896
2018-03-19,29.6299991607666,29.6299991607666,29.336000442504883,29.336000442504883,28.244539260864258,15400,648,0,-0.9922332993211991,41.91051995163241
2018-03-20,29.461000442504883,29.739999771118164,29.461000442504883,29.700000762939453,28.594999313354492,2700,649,1,0.8112430563958384,53.59765808146189
2018-03-21,29.8700008392334,30.040000915527344,29.8700008392334,30.030000686645508,28.9127197265625,7700,650,2,0.5356539769558744,61.39601456973579
2018-03-22,29.860000610351562,30.110000610351562,29.600000381469727,29.600000381469727,28.49871826171875,15800,651,3,-0.8707308223955712,56.710520569975266
2018-03-23,29.93000030517578,29.969999313354492,29.344999313354492,29.420000076293945,28.325414657592773,12000,652,4,-1.703976691218545,50.08206385642739
2018-03-26,30.479999542236328,30.479999542236328,29.690000534057617,30.010000228881836,28.893463134765625,8200,653,0,-1.5419925210405916,52.842364971461265
2018-03-27,30.799999237060547,30.799999237060547,29.760000228881836,29.760000228881836,28.65276527404785,28400,654,1,-3.376620240065842,52.30179202797312
2018-03-28,29.6299991607666,29.739999771118164,29.18000030517578,29.3799991607666,28.286903381347656,13500,655,2,-0.8437394771547146,45.64164425265274
2018-03-29,29.59000015258789,29.90999984741211,29.59000015258789,29.90999984741211,28.797183990478516,4400,656,3,1.0814453976818683,49.09297253205185
2018-04-02,29.8700008392334,29.8700008392334,29.3700008392334,29.375,28.282087326049805,7100,657,0,-1.6571838812378892,42.91581237503842
2018-04-03,29.739999771118164,29.959999084472656,29.485000610351562,29.958999633789062,28.8443603515625,18700,658,1,0.7363815210367886,51.81166597434006
2018-04-04,29.309999465942383,30.05699920654297,29.309999465942383,30.05699920654297,28.93871307373047,3400,659,2,2.548617380456064,51.16826454947195
2018-04-05,30.1200008392334,30.450000762939453,30.1200008392334,30.34000015258789,29.211185455322266,20600,660,3,0.730409386536035,58.74339234811612
2018-04-06,30.469999313354492,30.469999313354492,30.055999755859375,30.077999114990234,28.958932876586914,13400,661,4,-1.286512002619078,54.81260971009073
2018-04-09,30.34000015258789,30.458999633789062,30.139999389648438,30.139999389648438,29.018627166748047,6800,662,0,-0.6591982924640583,58.24106473601543
2018-04-10,30.464000701904297,30.66900062561035,30.40999984741211,30.639999389648438,29.500024795532227,10800,663,1,0.5777267715633361,59.37373277814592
2018-04-11,30.59000015258789,31.040000915527344,30.59000015258789,30.950000762939453,29.798490524291992,21200,664,2,1.176857170826473,59.211044430788405
2018-04-12,31.049999237060547,31.139999389648438,30.90399932861328,31.010000228881836,29.856258392333984,10900,665,3,-0.12882128554441152,65.24652375315037
2018-04-13,31.010000228881836,31.1299991607666,30.924999237060547,31.020000457763672,29.865886688232422,23000,666,4,0.03224839989688366,67.9613700179986
2018-04-16,31.110000610351562,31.518999099731445,31.058000564575195,31.454999923706055,30.284700393676758,80900,667,0,1.1089659485242764,66.80621638073468
2018-04-17,31.239999771118164,31.6200008392334,31.239999771118164,31.579999923706055,30.405052185058594,9700,668,1,1.0883487678582604,71.80160666794615
2018-04-18,31.610000610351562,31.968000411987305,31.600000381469727,31.68000030517578,30.501331329345703,13000,669,2,0.22144793885672254,79.5326068694868
2018-04-19,31.790000915527344,31.959999084472656,31.700000762939453,31.93000030517578,30.742029190063477,19200,670,3,0.4403881271360932,77.94686237648949
2018-04-20,31.719999313354492,31.8700008392334,31.70800018310547,31.739999771118164,30.559099197387695,20000,671,4,0.06305314689982744,86.17310588313546
2018-04-23,31.6200008392334,31.889999389648438,31.579999923706055,31.760000228881836,30.57835578918457,31700,672,0,0.4427558062387149,83.29016831887722
2018-04-24,31.860000610351562,32.290000915527344,31.702999114990234,31.809999465942383,30.626493453979492,19300,673,1,-0.15694018660167286,82.9882953407488
2018-04-25,31.559999465942383,31.628999710083008,31.25,31.628999710083008,30.452226638793945,6400,674,2,0.21863195598303964,75.22501842026878
2018-04-26,31.899999618530273,32.38999938964844,31.895000457763672,32.33000183105469,31.127147674560547,12700,675,3,1.3479693343777743,87.60855439186606
2018-04-27,32.400001525878906,32.400001525878906,32.2400016784668,32.2400016784668,31.040494918823242,5100,676,4,-0.4938266662867674,84.74520323150719
2018-04-30,32.4900016784668,32.76900100708008,32.29999923706055,32.29999923706055,31.098262786865234,16900,677,0,-0.5848028057572452,82.1456114742279
2018-05-01,32.11000061035156,32.209999084472656,32.0,32.209999084472656,31.01161003112793,7500,678,1,0.3114247032709683,76.67228158350345
2018-05-02,32.0099983215332,32.540000915527344,32.0099983215332,32.279998779296875,31.07900619506836,11700,679,2,0.8434878847901839,76.77063004428234
2018-05-03,32.279998779296875,32.279998779296875,32.02199935913086,32.270999908447266,31.070341110229492,3800,680,3,-0.027877543958831907,76.38128013669207
2018-05-04,32.22100067138672,32.55799865722656,32.22100067138672,32.36000061035156,31.156030654907227,27200,681,4,0.43139547521340305,72.34570017604125
2018-05-07,32.5,32.757999420166016,32.2599983215332,32.29800033569336,31.096338272094727,10200,682,0,-0.6215374286358211,68.2976669489128
2018-05-08,32.25,32.41999816894531,32.0099983215332,32.41999816894531,31.213796615600586,15700,683,1,0.527126105256781,68.64916466862658
2018-05-09,32.45000076293945,32.749000549316406,32.45000076293945,32.630001068115234,31.415987014770508,671500,684,2,0.5547004651579535,68.00413258818543
2018-05-10,33.029998779296875,33.040000915527344,32.77000045776367,32.95000076293945,31.72408103942871,54100,685,3,-0.2421980602904661,79.17071694809417
2018-05-11,32.959999084472656,32.981998443603516,32.900001525878906,32.91999816894531,31.695192337036133,31300,686,4,-0.12136200436422273,77.83102404593741
2018-05-14,33.20000076293945,33.209999084472656,33.02000045776367,33.07600021362305,31.84539031982422,122400,687,0,-0.37349562188813135,78.90406926361683
2018-05-15,32.91999816894531,32.93000030517578,32.70000076293945,32.79999923706055,31.57965660095215,50400,688,1,-0.36451682429911036,75.62355957966646
2018-05-16,32.77000045776367,32.874000549316406,32.5989990234375,32.808998107910156,31.58832359313965,20600,689,2,0.1190041184062407,65.03438730256038
2018-05-17,32.7400016784668,33.439998626708984,32.7400016784668,33.349998474121094,32.10919189453125,80700,690,3,1.8631544422170743,77.1525298466098
2018-05-18,33.59000015258789,33.59000015258789,33.220001220703125,33.400001525878906,32.15734100341797,44900,691,4,-0.5656404461026665,77.04026421456743
2018-05-21,33.54999923706055,33.68000030517578,33.47999954223633,33.56999969482422,32.32101058959961,32200,692,0,0.059613884406828355,82.16643148180896
2018-05-22,33.81999969482422,33.81999969482422,33.209999084472656,33.209999084472656,31.974403381347656,27600,693,1,-1.8036682905260837,69.3427124259754
2018-05-23,32.790000915527344,33.04399871826172,32.45000076293945,33.04399871826172,31.8145809173584,22300,694,2,0.7746196878393397,65.09168797934916
2018-05-24,32.75,32.96699905395508,32.599998474121094,32.83000183105469,31.608545303344727,7200,695,3,0.24428040016697405,58.749076861898544
2018-05-25,32.52000045776367,32.62699890136719,32.220001220703125,32.31999969482422,31.11751937866211,21000,696,4,-0.615008487466695,50.35097819881907
2018-05-29,32.189998626708984,32.327999114990234,31.959999084472656,32.0,30.809425354003906,27300,697,1,-0.5902411768086813,43.69752228478269
2018-05-30,32.06999969482422,32.79499816894531,32.06999969482422,32.79499816894531,31.57484245300293,5800,698,2,2.2606750265672826,52.106164767110855
2018-05-31,32.86000061035156,33.202999114990234,32.82400131225586,32.82400131225586,31.602767944335938,3300,699,3,-0.10955355272989076,48.26255922973985
2018-06-01,32.91999816894531,33.349998474121094,32.91999816894531,33.34000015258789,32.09956741333008,14200,700,4,1.2758262667182718,55.10702387987424
2018-06-04,33.63999938964844,33.849998474121094,33.349998474121094,33.459999084472656,32.21510314941406,17600,701,0,-0.5350782058312742,54.71048639259372
2018-06-05,33.33000183105469,33.33000183105469,33.040000915527344,33.15999984741211,31.9262638092041,39600,702,1,-0.5100569286023315,54.390252979651834
2018-06-06,33.5099983215332,33.5099983215332,33.0369987487793,33.15999984741211,31.9262638092041,35200,703,2,-1.0444598378155923,54.289926344911706
2018-06-07,33.5,33.58000183105469,33.3849983215332,33.4900016784668,32.24399185180664,9200,704,3,-0.02984573592000883,51.80416450779112
2018-06-08,33.36000061035156,33.388999938964844,33.16299819946289,33.28900146484375,32.05046844482422,4500,705,4,-0.21282717088974,48.62316906753276
2018-06-11,33.400001525878906,33.52000045776367,33.20000076293945,33.34000015258789,32.09956741333008,13700,706,0,-0.17964482200555354,47.06033210889833
2018-06-12,33.2859992980957,33.2859992980957,32.95000076293945,32.95000076293945,31.72408103942871,16400,707,1,-1.0094290159270436,46.70220085525914
2018-06-13,32.81999969482422,32.81999969482422,32.470001220703125,32.7599983215332,31.54114532470703,7500,708,2,-0.18281954250133348,46.41956095388602
2018-06-14,32.689998626708984,32.779998779296875,32.5099983215332,32.5099983215332,31.300447463989258,13000,709,3,-0.5506280597660007,46.00195786678308
2018-06-15,32.560001373291016,32.560001373291016,32.270999908447266,32.290000915527344,31.08863639831543,13700,710,4,-0.8292397001713692,49.595921395818216
2018-06-18,32.0099983215332,32.470001220703125,32.000999450683594,32.33000183105469,31.127147674560547,22500,711,0,0.9996986138740782,54.80772009541192
2018-06-19,31.90999984741211,32.11000061035156,31.709999084472656,32.0099983215332,30.819049835205078,50100,712,1,0.3133766048237785,36.726434895460436
2018-06-20,32.130001068115234,32.130001068115234,31.860000610351562,31.90999984741211,30.7227725982666,11400,713,2,-0.6847221082773247,34.90750492584772
2018-06-21,31.81999969482422,31.889999389648438,31.469999313354492,31.6560001373291,30.47822380065918,10400,714,3,-0.5153977343431371,19.55893781534857
2018-06-22,32.08000183105469,32.08000183105469,31.700000762939453,31.700000762939453,30.520587921142578,8800,715,4,-1.184541915291848,17.28630624191682
2018-06-25,31.860000610351562,31.860000610351562,31.139999389648438,31.270000457763672,30.106584548950195,23000,716,0,-1.8518522953078542,16.489414228262007
2018-06-26,31.360000610351562,31.496999740600586,31.280000686645508,31.43000030517578,30.260631561279297,9500,717,1,0.22321330823289465,20.97319474135614
2018-06-27,31.690000534057617,31.799999237060547,31.389999389648438,31.40999984741211,30.241374969482422,8300,718,2,-0.8835616343539909,11.048683787548669
2018-06-28,31.31999969482422,31.65999984741211,31.270000457763672,31.459999084472656,30.289514541625977,2100,719,3,0.44699677845645436,13.6958783416447
2018-06-29,31.510000228881836,31.98900032043457,31.510000228881836,31.670000076293945,30.491703033447266,11100,720,4,0.5077748214849409,18.82005206385834
2018-07-02,31.31999969482422,31.329999923706055,30.969999313354492,31.079999923706055,29.923654556274414,13100,721,0,-0.7662828015858048,17.512192632660955
2018-07-03,31.459999084472656,31.649999618530273,31.440000534057617,31.440000534057617,30.270261764526367,3000,722,1,-0.0635681849873615,28.34650892254281
2018-07-05,31.600000381469727,31.65999984741211,31.149999618530273,31.290000915527344,30.12584114074707,8300,723,3,-0.9810109563294978,29.308062489567178
2018-07-06,31.149999618530273,31.68000030517578,31.079999923706055,31.450000762939453,30.279888153076172,11200,724,4,0.9630855476181699,35.45708273838849
2018-07-09,31.5,31.868000030517578,31.490999221801758,31.81999969482422,30.63612174987793,7100,725,0,1.0158720470610172,42.07579601223358
2018-07-10,32.0,32.45800018310547,32.0,32.220001220703125,31.021240234375,11600,726,1,0.6875038146972656,53.183791355281535
2018-07-11,32.15999984741211,32.21500015258789,31.60099983215332,31.709999084472656,30.53021240234375,10200,727,2,-1.399256110306435,47.3031209909972
2018-07-12,31.760000228881836,32.03799819946289,31.760000228881836,31.860000610351562,30.67463493347168,4900,728,3,0.314862659789239,52.83019067634029
2018-07-13,31.959999084472656,32.0099983215332,31.85099983215332,31.989999771118164,30.79979705810547,6900,729,4,0.09386948530947237,53.929521225043615
2018-07-16,31.8799991607666,32.2599983215332,31.8700008392334,31.93000030517578,30.742029190063477,13300,730,0,0.15684173690542202,59.93974623097968
2018-07-17,31.799999237060547,32.138999938964844,31.799999237060547,31.950000762939453,30.76128578186035,4300,731,1,0.4717029228858971,58.17609723386823
2018-07-18,31.959999084472656,32.18600082397461,31.858999252319336,32.040000915527344,30.847938537597656,9300,732,2,0.2503186274919411,59.692312748468545
2018-07-19,32.040000915527344,32.439998626708984,31.959999084472656,32.2599983215332,31.059749603271484,14500,733,3,0.6866335821458902,61.69588849490203
2018-07-20,32.4900016784668,32.73899841308594,32.457000732421875,32.599998474121094,31.38709831237793,13100,734,4,0.33855583247690557,63.09856476091259
2018-07-23,32.75,32.83000183105469,32.57500076293945,32.709999084472656,31.49300765991211,11600,735,0,-0.12214020008348703,76.5472037475964
2018-07-24,32.76900100708008,32.849998474121094,32.70000076293945,32.83000183105469,31.608545303344727,12100,736,1,0.18615405444135646,74.55829436079304
2018-07-25,32.869998931884766,33.290000915527344,32.869998931884766,33.290000915527344,32.051429748535156,56200,737,2,1.2777669525117163,81.84710125824138
2018-07-26,33.45000076293945,34.150001525878906,33.45000076293945,34.0,32.735015869140625,21300,738,3,1.6442428236650874,84.55281232942421
2018-07-27,34.189998626708984,34.35200119018555,33.88199996948242,34.09000015258789,32.8216667175293,8700,739,4,-0.29247873102566935,83.28442844485811
2018-07-30,34.380001068115234,34.560001373291016,34.332000732421875,34.470001220703125,33.18752670288086,34600,740,0,0.2617805404065532,83.18580933958538
2018-07-31,34.470001220703125,34.790000915527344,34.426998138427734,34.5,33.21641159057617,65200,741,1,0.08702865748335675,97.93816257427845
2018-08-01,34.439998626708984,34.56999969482422,34.33000183105469,34.41999816894531,33.13938522338867,9900,742,2,-0.058073340770004034,95.07037713115976
2018-08-02,34.08000183105469,34.08000183105469,33.68000030517578,33.89500045776367,32.63391876220703,24900,743,3,-0.5428443760306267,79.44360819800586
2018-08-03,34.0099983215332,34.0099983215332,33.81999969482422,33.9900016784668,32.72538375854492,6900,744,4,-0.058796365931446104,81.49848753690748
2018-08-06,34.09000015258789,34.191001892089844,33.84000015258789,34.099998474121094,32.83129119873047,8600,745,0,0.029329191811244826,81.99404407114872
2018-08-07,34.439998626708984,34.630001068115234,34.369998931884766,34.560001373291016,33.2741813659668,16000,746,1,0.348440044620002,83.78017113981737
2018-08-08,34.459999084472656,34.4900016784668,34.369998931884766,34.4900016784668,33.206783294677734,12400,747,2,0.08706498778654481,81.14528235138671
2018-08-09,34.5099983215332,34.5099983215332,34.09000015258789,34.20000076293945,32.927574157714844,7800,748,3,-0.898283319823634,72.66290528427038
2018-08-10,33.959999084472656,33.9900016784668,33.861000061035156,33.9900016784668,32.72538375854492,5800,749,4,0.08834686337744202,67.630884536609
2018-08-13,33.91999816894531,34.0,33.689998626708984,33.7599983215332,32.50394058227539,5400,750,0,-0.4716976888241464,62.43310258165132
2018-08-14,33.9900016784668,34.13999938964844,33.9900016784668,34.0099983215332,32.7446403503418,6300,751,1,0.05883095639585001,60.198256047047174
2018-08-15,33.66999816894531,33.77000045776367,33.18000030517578,33.220001220703125,31.98403549194336,10500,752,2,-1.3364923454531996,39.19669463406387
2018-08-16,33.44599914550781,33.44900131225586,33.290000915527344,33.290000915527344,32.051429748535156,3700,753,3,-0.46641820835369163,38.85794981813777
2018-08-17,33.369998931884766,33.5880012512207,33.369998931884766,33.5099983215332,32.263240814208984,3700,754,4,0.4195366920274779,36.00577432316858
2018-08-20,33.61000061035156,34.04999923706055,33.61000061035156,33.97999954223633,32.715755462646484,3200,755,0,1.1008596404809667,43.281645978253266
2018-08-21,34.16999816894531,34.36000061035156,34.12900161743164,34.189998626708984,32.91794204711914,7200,756,1,0.05853221783853613,47.12500298023508
2018-08-22,34.5,34.60499954223633,34.4630012512207,34.56800079345703,33.28187942504883,9900,757,2,0.19710374915080653,58.73345735470144
2018-08-23,34.540000915527344,34.70000076293945,34.46200180053711,34.689998626708984,33.39934158325195,36900,758,3,0.4342724586154034,59.02058561543498
2018-08-24,35.04999923706055,35.33000183105469,34.95000076293945,35.13999938964844,33.83259963989258,5900,759,4,0.25677647516959556,62.32228216457793
2018-08-27,35.400001525878906,35.56999969482422,35.380001068115234,35.439998626708984,34.121437072753906,23900,760,0,0.11298615566679437,60.8374111156211
2018-08-28,35.540000915527344,35.643001556396484,35.400001525878906,35.400001525878906,34.08292770385742,3700,761,1,-0.3939206135115003,61.29033479453144
2018-08-29,35.439998626708984,35.599998474121094,35.32899856567383,35.45000076293945,34.131065368652344,12700,762,2,0.028222733120908394,66.4907943844336
2018-08-30,35.040000915527344,35.22999954223633,34.98099899291992,35.159000396728516,33.85089111328125,7400,763,3,0.339610382682487,65.09946213777079
2018-08-31,34.83000183105469,34.83000183105469,34.48099899291992,34.770999908447266,33.477325439453125,6200,764,4,-0.1693997114717738,62.54658314523337
2018-09-04,34.79800033569336,34.95000076293945,34.7400016784668,34.845001220703125,33.54857635498047,9700,765,1,0.13506777560881034,60.83576970790237
2018-09-05,34.608001708984375,34.608001708984375,34.290000915527344,34.38999938964844,33.11050033569336,31700,766,2,-0.6299188296657543,66.62875099487977
2018-09-06,34.49300003051758,34.630001068115234,34.18600082397461,34.349998474121094,33.07198715209961,6200,767,3,-0.41458138251229126,65.19492365134882
2018-09-07,34.060001373291016,34.08100128173828,33.81999969482422,34.0099983215332,32.7446403503418,46700,768,4,-0.14680871914768412,56.9290432811456
2018-09-10,34.150001525878906,34.209999084472656,34.0099983215332,34.0099983215332,32.7446403503418,2800,769,0,-0.4099654409666975,50.4779919475619
2018-09-11,34.040000915527344,34.45000076293945,33.95000076293945,34.290000915527344,33.014225006103516,4800,770,1,0.7344300625031996,51.5586372225043
2018-09-12,34.470001220703125,34.60499954223633,34.40999984741211,34.5099983215332,33.226036071777344,4500,771,2,0.11603452107236123,49.049139566675294
2018-09-13,34.779998779296875,34.933998107910156,34.779998779296875,34.88999938964844,33.59189987182617,6000,772,3,0.31627548652197746,53.022983879802524
2018-09-14,35.00199890136719,35.00199890136719,34.7400016784668,34.79999923706055,33.5052490234375,21600,773,4,-0.5771089384805084,44.23337961519201
2018-09-17,34.779998779296875,34.810001373291016,34.45399856567383,34.470001220703125,33.18752670288086,8000,774,0,-0.891309860477274,33.71394900501495
2018-09-18,34.84000015258789,34.94900131225586,34.792999267578125,34.79999923706055,33.5052490234375,12200,775,1,-0.11481318987415223,40.82004279275861
2018-09-19,35.13999938964844,35.13999938964844,34.52000045776367,34.70000076293945,33.40896987915039,6300,776,2,-1.2521304335554428,38.6980135526343
2018-09-20,34.68000030517578,34.90999984741211,34.65700149536133,34.90999984741211,33.61115646362305,10500,777,3,0.6632051332537081,46.153837088715
2018-09-21,34.790000915527344,35.2400016784668,34.790000915527344,35.029998779296875,33.726688385009766,434400,778,4,0.689847247639519,54.36172194705161
2018-09-24,35.34000015258789,35.70000076293945,35.34000015258789,35.650001525878906,34.32362747192383,20900,779,0,0.877196864608143,61.4509309382312
2018-09-25,35.7599983215332,36.029998779296875,35.59000015258789,35.91999816894531,34.583580017089844,73700,780,1,0.4474268873658316,72.97299464566785
2018-09-26,35.90999984741211,36.11000061035156,35.810001373291016,35.959999084472656,34.622093200683594,18800,781,2,0.13923485734614882,74.1742254318176
2018-09-27,36.02000045776367,36.02399826049805,35.900001525878906,35.900001525878906,34.56432342529297,25100,782,3,-0.33314528139851696,80.98374434203795
2018-09-28,35.88999938964844,35.98500061035156,35.558998107910156,35.56999969482422,34.24660110473633,10900,783,4,-0.8916124276015291,73.07698818908746
2018-10-01,35.779998779296875,36.058998107910156,35.77000045776367,35.77000045776367,34.43915939331055,35600,784,0,-0.027943884500603033,72.42429251635411
2018-10-02,35.810001373291016,35.959999084472656,35.599998474121094,35.709999084472656,34.38138961791992,12400,785,1,-0.27925798654938605,69.10831933191679
2018-10-03,35.75,36.18899917602539,35.744998931884766,36.06999969482422,34.727996826171875,44100,786,2,0.8951040414663547,68.91029089557495
2018-10-04,35.95000076293945,35.95000076293945,35.5,35.54999923706055,34.22734451293945,37300,787,3,-1.1126606881501466,60.5633939029239
2018-10-05,35.5,35.5,34.91999816894531,35.04999923706055,33.745948791503906,33700,788,4,-1.2676077829280374,57.795677698874556
2018-10-08,35.13999938964844,35.15999984741211,34.71099853515625,35.13999938964844,33.83259963989258,12500,789,0,0.0,54.885060306206235
2018-10-09,35.08000183105469,35.354000091552734,35.0,35.029998779296875,33.726688385009766,18300,790,1,-0.14254004888205607,54.727763003575326
2018-10-10,35.189998626708984,35.257999420166016,34.09000015258789,34.099998474121094,32.83129119873047,49400,791,2,-3.09747142689738,40.38003782074922
2018-10-11,33.86000061035156,34.150001525878906,33.060001373291016,33.279998779296875,32.04180145263672,460100,792,3,-1.7129409940925155,32.17923936080949
2018-10-12,33.689998626708984,33.847999572753906,33.349998474121094,33.79999923706055,32.54245376586914,65800,793,4,0.32650820669477554,30.769212467473963
2018-10-15,33.7599983215332,33.84000015258789,33.5,33.58000183105469,32.33064270019531,10500,794,0,-0.5331649864559029,25.420217565871624
2018-10-16,33.900001525878906,34.220001220703125,33.79199981689453,34.189998626708984,32.91794204711914,20900,795,1,0.8554486365102365,33.39586194655557
2018-10-17,33.9900016784668,34.13999938964844,33.849998474121094,33.869998931884766,32.60984802246094,18500,796,2,-0.3530530763640849,31.842553322164477
2018-10-18,33.470001220703125,33.63399887084961,33.13999938964844,33.209999084472656,31.974403381347656,10900,797,3,-0.7768214124522999,30.067556247470833
2018-10-19,32.709999084472656,32.77399826049805,32.220001220703125,32.2400016784668,31.040494918823242,20400,798,4,-1.4368615688190811,23.617327976407026
2018-10-22,32.0,32.13999938964844,31.7450008392334,31.940000534057617,30.751657485961914,22600,799,0,-0.1874983310699463,22.79941199670934
2018-10-23,31.440000534057617,31.597000122070312,30.81999969482422,31.43000030517578,30.260631561279297,14900,800,1,-0.03180734323144918,17.231615891998715
2018-10-24,31.299999237060547,31.299999237060547,30.384000778198242,30.384000778198242,29.253549575805664,15200,801,2,-2.926512719456309,16.0399485321352
2018-10-25,30.690000534057617,31.038999557495117,30.690000534057617,30.989999771118164,29.83700180053711,8500,802,3,0.9775146035844173,23.677362949369396
2018-10-26,30.700000762939453,30.983999252319336,30.290000915527344,30.6299991607666,29.490394592285156,365800,803,4,-0.2280182424534538,21.748907909291177
2018-10-29,31.010000228881836,31.190000534057617,30.399999618530273,30.56999969482422,29.432628631591797,22400,804,0,-1.418898841696281,21.886007183103743
2018-10-30,30.610000610351562,31.09000015258789,30.56999969482422,31.09000015258789,29.93328094482422,27800,805,1,1.5681134683610765,29.992012556767904
2018-10-31,31.6299991607666,31.875,31.61199951171875,31.700000762939453,30.520587921142578,157500,806,2,0.2213139552013743,39.19584514775966
2018-11-01,31.479999542236328,31.75,31.299999237060547,31.702999114990234,30.523473739624023,26100,807,3,0.7083849301036782,34.569514042259826
2018-11-02,31.829999923706055,32.02000045776367,31.454999923706055,31.59000015258789,30.4146785736084,89600,808,4,-0.7540049377738778,35.12257752463043
2018-11-05,31.670000076293945,31.81800079345703,31.56999969482422,31.649999618530273,30.47244644165039,18100,809,0,-0.06315269250233291,29.309211681386117
2018-11-06,31.65999984741211,31.732999801635742,31.600000381469727,31.670000076293945,30.491703033447266,7000,810,1,0.031586320056953276,31.157926170065195
2018-11-07,31.770000457763672,32.04999923706055,31.736000061035156,31.959999084472656,30.770912170410156,15500,811,2,0.5980441421824301,38.56984990951596
2018-11-08,31.940000534057617,32.053001403808594,31.389999389648438,31.43000030517578,30.260631561279297,14200,812,3,-1.5967445847035022,41.94508743538795
2018-11-09,30.93000030517578,30.93000030517578,30.600000381469727,30.809999465942383,29.663698196411133,15400,813,4,-0.3879755514044292,39.43528455110579
2018-11-12,30.739999771118164,30.7549991607666,30.149999618530273,30.149999618530273,29.02825355529785,8200,814,0,-1.9193238678623104,38.35938738602472
2018-11-13,30.030000686645508,30.18400001525879,29.69300079345703,29.780000686645508,28.672021865844727,9000,815,1,-0.832500813465431,43.73703084591913
2018-11-14,29.989999771118164,29.989999771118164,29.450000762939453,29.760000228881836,28.65276527404785,8800,816,2,-0.766920786901204,35.48157894025887
2018-11-15,29.6299991607666,30.15999984741211,29.6299991607666,30.020000457763672,28.903091430664062,9100,817,3,1.3162379616718844,42.6257336451378
2018-11-16,30.0,30.3799991607666,30.0,30.29800033569336,29.170747756958008,3000,818,4,0.9933344523112009,46.87644015020493
2018-11-19,30.229999542236328,30.229999542236328,29.81999969482422,29.81999969482422,28.710533142089844,6600,819,0,-1.3562681231247486,35.27363751853386
2018-11-20,29.3799991607666,29.520000457763672,29.149999618530273,29.25,28.161739349365234,12900,820,1,-0.4424750322668425,21.324867530213112
2018-11-21,29.46500015258789,29.742000579833984,29.46500015258789,29.56999969482422,28.469833374023438,6000,821,2,0.35635344202469277,26.75963317699909
2018-11-23,29.149999618530273,29.149999618530273,29.0,29.0,27.92104148864746,38300,822,4,-0.5145784579527746,24.336094189652385
2018-11-26,29.06999969482422,29.305999755859375,29.06999969482422,29.239999771118164,28.152111053466797,25500,823,0,0.5847955902256619,26.942204320697485
2018-11-27,29.200000762939453,29.3700008392334,29.160999298095703,29.3700008392334,28.27727508544922,6600,824,1,0.5821920268910041,28.448277094652568
2018-11-28,29.489999771118164,29.899999618530273,29.170000076293945,29.899999618530273,28.787555694580078,22300,825,2,1.3903012905875034,31.527976222442888
2018-11-29,29.84000015258789,30.1299991607666,29.81999969482422,30.0,28.88383674621582,4200,826,3,0.5361925153952507,36.10570996291308
2018-11-30,29.981000900268555,30.065000534057617,29.81999969482422,30.049999237060547,28.931974411010742,9700,827,4,0.23014020452991613,41.69579862125652
2018-12-03,30.649999618530273,30.649999618530273,30.128999710083008,30.3799991607666,29.249696731567383,6300,828,0,-0.8809150444505587,52.70842710610271
2018-12-04,30.072999954223633,30.10099983215332,29.530000686645508,29.530000686645508,28.43132209777832,11700,829,1,-1.8056039251310607,47.35505596936618
2018-12-06,29.010000228881836,29.31999969482422,28.860000610351562,29.240999221801758,28.153074264526367,36900,830,3,0.7962736680365179,44.8047936129964
2018-12-07,29.389999389648438,29.479999542236328,28.649999618530273,28.75,27.680341720581055,6800,831,4,-2.1776094009510416,37.84920625651477
2018-12-10,28.670000076293945,28.729000091552734,27.979999542236328,28.329999923706055,27.275968551635742,30900,832,0,-1.1859091443429115,31.669140275094634
2018-12-11,28.299999237060547,28.3799991607666,27.899999618530273,28.100000381469727,27.054527282714844,21700,833,1,-0.7067097561222146,33.203121944096026
2018-12-12,28.489999771118164,28.905000686645508,28.489999771118164,28.708999633789062,27.640867233276367,8700,834,2,0.7686902928406125,44.75672877846791
2018-12-13,28.489999771118164,28.65999984741211,28.309999465942383,28.43899917602539,27.38091278076172,10700,835,3,-0.17901226922604208,38.93128688046604
2018-12-14,28.360000610351562,28.604000091552734,28.187999725341797,28.187999725341797,27.139251708984375,2700,836,4,-0.6064911188576771,41.52400035359637
2018-12-17,28.139999389648438,28.15999984741211,27.65999984741211,27.860000610351562,26.823455810546875,105400,837,0,-0.9950205592395123,35.854856841220354
2018-12-18,27.8799991607666,27.981000900268555,27.6200008392334,27.75,26.717546463012695,40800,838,1,-0.4662810784784366,33.32644938788506
2018-12-19,27.719999313354492,28.115999221801758,27.454999923706055,27.579999923706055,26.55387306213379,8900,839,2,-0.5050483157154728,24.210748157740966
2018-12-20,26.950000762939453,27.099000930786133,26.510000228881836,26.600000381469727,26.22848129272461,24500,840,3,-1.298702677407837,18.389718610918706
2018-12-21,26.329999923706055,26.447999954223633,26.040000915527344,26.149999618530273,25.784767150878906,34000,841,4,-0.6836320003697383,16.25128947442259
2018-12-24,25.899999618530273,26.08799934387207,25.549999237060547,25.549999237060547,25.193145751953125,28300,842,0,-1.3513528441109202,10.069434698679515
2018-12-26,25.75,26.59000015258789,25.68000030517578,26.459999084472656,26.090436935424805,23300,843,2,2.757277997952068,24.86901029899596
2018-12-27,26.3799991607666,26.850000381469727,26.260000228881836,26.850000381469727,26.474990844726562,312000,844,3,1.781657451309293,30.745699940773576
2018-12-28,26.969999313354492,27.06800079345703,26.739999771118164,26.780000686645508,26.405967712402344,20700,845,4,-0.7044813924592996,32.98203803558911
2018-12-31,26.93000030517578,26.94700050354004,26.790000915527344,26.84000015258789,26.465129852294922,26800,846,0,-0.3342003400222504,36.27487187415995
2019-01-02,26.329999923706055,26.893999099731445,26.329999923706055,26.760000228881836,26.386247634887695,3700,847,2,1.6331192799914573,37.305795911523305
2019-01-03,26.392000198364258,26.639999389648438,26.354000091552734,26.540000915527344,26.169321060180664,5000,848,3,0.5607787058604874,27.81756243260493
2019-01-04,27.170000076293945,27.656999588012695,27.170000076293945,27.6200008392334,27.234235763549805,5600,849,4,1.6562413017145339,42.814542706507574
2019-01-07,27.760000228881836,28.007999420166016,27.607999801635742,27.8799991607666,27.490602493286133,14100,850,0,0.43227280581905614,47.30202647499612
2019-01-08,27.950000762939453,28.07200050354004,27.790000915527344,28.0,27.608928680419922,2200,851,1,0.17888814202411396,51.2727217240767
2019-01-09,28.18000030517578,28.420000076293945,28.1299991607666,28.280000686645508,27.88501739501953,28100,852,2,0.3548629538210557,54.67372733257466
2019-01-10,27.972000122070312,28.27400016784668,27.972000122070312,28.260000228881836,27.865297317504883,8100,853,3,1.0296014069594017,56.15942254333862
2019-01-11,28.18000030517578,28.450000762939453,28.138999938964844,28.200000762939453,27.806135177612305,4400,854,4,0.07097394445378935,67.39130705200634
2019-01-14,28.163999557495117,28.219999313354492,28.052000045776367,28.219999313354492,27.825855255126953,16400,855,0,0.1988345289704041,74.82015112428417
2019-01-15,28.270000457763672,28.309999465942383,28.15999984741211,28.281999588012695,27.88698959350586,3900,856,1,0.04244474727530534,87.6101570570099
2019-01-16,28.25,28.420000076293945,28.139999389648438,28.31999969482422,27.924457550048828,40000,857,2,0.2477865303512239,83.69568372270452
2019-01-17,28.326000213623047,28.510000228881836,28.309999465942383,28.450000762939453,28.052642822265625,14300,858,3,0.4377622974696127,82.00003204348148
2019-01-18,28.75,28.892000198364258,28.742000579833984,28.854000091552734,28.451000213623047,5700,859,4,0.3617394488790726,86.59140911718762
2019-01-22,28.959999084472656,28.959999084472656,28.75,28.75,28.348453521728516,6800,860,1,-0.7251349831197018,83.18278215918882
2019-01-23,28.760000228881836,28.790000915527344,28.489999771118164,28.54800033569336,28.149274826049805,10500,861,2,-0.7371345323411327,79.800020726535
2019-01-24,28.400999069213867,28.540000915527344,28.347000122070312,28.417999267578125,28.021089553833008,3700,862,3,0.05985774768988428,82.2680146138307
2019-01-25,28.613000869750977,28.920000076293945,28.613000869750977,28.899999618530273,28.496356964111328,4600,863,4,1.0030361725627435,77.68163121187571
2019-01-28,28.530000686645508,28.545000076293945,28.43000030517578,28.510000228881836,28.111804962158203,2000,864,0,-0.07010325020088137,62.899277676066454
2019-01-29,28.500999450683594,28.56999969482422,28.420000076293945,28.56999969482422,28.17096710205078,2500,865,1,0.24209762980424987,61.96472926378904
2019-01-30,28.719999313354492,29.01799964904785,28.5939998626709,29.01799964904785,28.612709045410156,1000,866,2,1.0376056504806108,64.47057221972065
2019-01-31,29.40999984741211,29.489999771118164,29.360000610351562,29.399999618530273,28.9893741607666,7400,867,3,-0.034002818543765745,69.57417375481913
2019-02-01,29.309999465942383,29.31999969482422,29.049999237060547,29.09000015258789,28.683704376220703,18400,868,4,-0.7505947368239507,64.07336720155291
2019-02-04,29.15999984741211,29.364999771118164,29.15999984741211,29.364999771118164,28.954862594604492,1900,869,0,0.7030175746871592,66.754470575364
2019-02-05,29.233999252319336,29.459999084472656,29.233999252319336,29.459999084472656,29.04853630065918,3900,870,1,0.7730718955101246,67.07246213358853
2019-02-06,29.520000457763672,29.572999954223633,29.5,29.548999786376953,29.136293411254883,1500,871,2,0.09823620651623344,67.55213202493883
2019-02-07,29.170000076293945,29.18000030517578,28.760000228881836,28.90999984741211,28.50621795654297,13600,872,3,-0.8913274878361577,55.73565183310074
2019-02-08,28.770000457763672,28.802000045776367,28.56999969482422,28.709999084472656,28.309011459350586,8300,873,4,-0.20855534353954042,48.10823677985807
2019-02-11,28.709999084472656,28.799999237060547,28.559999465942383,28.68000030517578,28.279430389404297,6200,874,0,-0.10448895943399039,49.06216875647155
2019-02-12,28.760000228881836,28.850000381469727,28.739999771118164,28.739999771118164,28.338592529296875,3000,875,1,-0.06954262032162761,52.67408815142762
2019-02-13,28.87700080871582,28.90399932861328,28.87700080871582,28.899999618530273,28.496356964111328,5000,876,2,0.07964403909810347,56.65746888305677
2019-02-14,28.899999618530273,29.160999298095703,28.899999618530273,29.110000610351562,28.70342445373535,3800,877,3,0.7266470401149805,53.136217715908536
2019-02-15,29.389999389648438,29.42799949645996,29.308000564575195,29.424999237060547,29.01402473449707,6200,878,4,0.1190876085027659,63.977999910256045
2019-02-19,29.450000762939453,29.780000686645508,29.450000762939453,29.780000686645508,29.36406707763672,605300,879,1,1.120543005626451,66.95629721932218
2019-02-20,29.709999084472656,29.93000030517578,29.655000686645508,29.889999389648438,29.472530364990234,39700,880,2,0.6058576597865128,63.49845788092821
2019-02-21,29.65999984741211,29.660999298095703,29.350000381469727,29.427000045776367,29.0159969329834,5300,881,3,-0.7855691262118158,50.40773862329743
2019-02-22,29.600000381469727,29.600000381469727,29.450000762939453,29.510000228881836,29.097837448120117,3000,882,4,-0.3040545656351812,56.80934477825819
2019-02-25,29.510000228881836,29.510000228881836,29.3799991607666,29.399999618530273,28.9893741607666,11800,883,0,-0.3727570637017563,50.599518033241075
2019-02-26,29.309999465942383,29.55699920654297,29.309999465942383,29.429000854492188,29.01797103881836,11000,884,1,0.40600952138563073,49.456743375090426
2019-02-27,29.399999618530273,29.415000915527344,29.31999969482422,29.322999954223633,28.913450241088867,2000,885,2,-0.2619036234888572,46.06272184551543
2019-02-28,29.100000381469727,29.25,28.8799991607666,28.90999984741211,28.50621795654297,23700,886,3,-0.6529227888897426,50.0
2019-03-01,28.950000762939453,29.114999771118164,28.940000534057617,29.049999237060547,28.644262313842773,2500,887,4,0.3454178635086791,56.578951253358525
2019-03-04,29.18000030517578,29.18000030517578,28.90999984741211,29.139999389648438,28.73300552368164,7500,888,0,-0.13708332799520218,58.69892037183185
2019-03-05,29.222999572753906,29.222999572753906,29.145000457763672,29.209999084472656,28.802026748657227,1500,889,1,-0.04448717952064696,58.854542096400834
2019-03-06,29.270000457763672,29.350000381469727,29.15999984741211,29.350000381469727,28.940073013305664,13800,890,2,0.2733171248886501,58.542147003278835
2019-03-07,29.139999389648438,29.139999389648438,28.770000457763672,28.857999801635742,28.454944610595703,3400,891,3,-0.9677405419331375,45.67900184782431
2019-03-08,28.510000228881836,28.599000930786133,28.45199966430664,28.599000930786133,28.199562072753906,2900,892,4,0.3121736274632969,35.559482882228
2019-03-11,28.600000381469727,28.98699951171875,28.600000381469727,28.98699951171875,28.582141876220703,7600,893,0,1.3531437940111468,36.29448200611169
2019-03-12,28.950000762939453,29.165000915527344,28.950000762939453,29.086000442504883,28.679759979248047,700,894,1,0.46977435572137516,36.051380576691315
2019-03-13,29.1200008392334,29.165000915527344,29.10300064086914,29.125999450683594,28.719200134277344,2900,895,2,0.0205996266391395,43.87961759972076
2019-03-14,29.1299991607666,29.3700008392334,29.1299991607666,29.350000381469727,28.940073013305664,7100,896,3,0.755239365057836,46.92308256611525
2019-03-15,29.399999618530273,29.690000534057617,29.399999618530273,29.540000915527344,29.12742042541504,14200,897,4,0.4761948939238314,52.611962339859346
2019-03-18,29.719999313354492,30.0,29.719999313354492,29.954999923706055,29.536623001098633,25000,898,0,0.7907153963020663,58.57793659216643
2019-03-19,30.059999465942383,30.21500015258789,30.030000686645508,30.030000686645508,29.610576629638672,3900,899,1,-0.09979634008597804,61.647459109836895
2019-03-20,29.84000015258789,30.035999298095703,29.670000076293945,29.885000228881836,29.467599868774414,7900,900,2,0.15080454444984515,67.61836486397993
2019-03-21,29.809999465942383,30.139999389648438,29.809999465942383,30.0,29.58099365234375,3300,901,3,0.6373718130209705,67.3231320577797
2019-03-22,29.75,29.760000228881836,29.37299919128418,29.399999618530273,28.9893741607666,7700,902,4,-1.176471870486473,53.9975425003739
2019-03-25,29.190000534057617,29.239999771118164,29.059999465942383,29.239999771118164,28.83160972595215,1400,903,0,0.1712889213626667,50.44884317797749
2019-03-26,29.280000686645508,29.475000381469727,29.209999084472656,29.4060001373291,28.995290756225586,3300,904,1,0.43032598268026856,50.831350287291556
2019-03-27,29.174999237060547,29.288999557495117,29.174999237060547,29.21299934387207,28.80498504638672,1500,905,2,0.13024886994084106,55.78363496246209
2019-03-28,29.079999923706055,29.079999923706055,28.790000915527344,28.93000030517578,28.52593994140625,11400,906,3,-0.5158171214711516,55.35078128516924
2019-03-29,28.93199920654297,28.93199920654297,28.690000534057617,28.764999389648438,28.363243103027344,2300,907,4,-0.5772149228345236,46.132405755801116
2019-04-01,29.049999237060547,29.256999969482422,29.049999237060547,29.25,28.841468811035156,3100,908,0,0.6884708027265596,52.518418846652445
2019-04-02,29.200000762939453,29.200000762939453,29.010000228881836,29.024999618530273,28.619611740112305,3200,909,1,-0.5993189720436276,48.53240743050325
2019-04-03,29.059999465942383,29.266000747680664,29.059999465942383,29.079999923706055,28.673843383789062,1200,910,2,0.06882470107101302,45.87408013654551
2019-04-04,29.023000717163086,29.135000228881836,28.950000762939453,29.135000228881836,28.72807502746582,4300,911,3,0.3858991453372207,43.54478312973911
2019-04-05,29.152999877929688,29.360000610351562,29.152999877929688,29.3439998626709,28.93415641784668,2300,912,4,0.6551640844543405,39.57694785545555
2019-04-08,29.34000015258789,29.34000015258789,29.200000762939453,29.256999969482422,28.848371505737305,400,913,0,-0.28289087482553654,36.86714223959984
2019-04-09,29.260000228881836,29.344999313354492,29.18400001525879,29.18400001525879,28.776391983032227,4100,914,1,-0.25974098779407706,37.791715828523444
2019-04-10,29.100000381469727,29.56999969482422,29.100000381469727,29.56999969482422,29.156999588012695,3100,915,2,1.6151178941350652,43.15722442715839
2019-04-11,29.531999588012695,29.531999588012695,29.409000396728516,29.420000076293945,29.00909423828125,700,916,3,-0.3792479794162418,50.371479342262624
2019-04-12,29.433000564575195,29.55900001525879,29.389999389648438,29.389999389648438,28.97951316833496,1000,917,4,-0.146098508823167,52.92739053041668
2019-04-15,29.420000076293945,29.43000030517578,29.25,29.260000228881836,28.851329803466797,3300,918,0,-0.5438472025737107,47.11005835306626
2019-04-16,29.190000534057617,29.190000534057617,29.094999313354492,29.094999313354492,28.68863296508789,1600,919,1,-0.3254580985439959,47.63811091632103
2019-04-17,29.270000457763672,29.448999404907227,29.270000457763672,29.395000457763672,28.984445571899414,2500,920,2,0.42705841491315066,59.24452405834735
2019-04-18,29.440000534057617,29.440000534057617,29.30500030517578,29.30500030517578,28.895702362060547,3000,921,3,-0.4585605517420488,61.06558145933912
2019-04-22,29.239999771118164,29.399999618530273,29.231000900268555,29.385000228881836,28.974584579467773,8500,922,0,0.49589760225270396,53.316956080406634
2019-04-23,29.649999618530273,29.687999725341797,29.579999923706055,29.65999984741211,29.245742797851562,5800,923,1,0.0337275851955976,65.22781599080082
2019-04-24,29.5,29.5,29.200000762939453,29.200000762939453,28.79216766357422,7300,924,2,-1.0169465663069421,52.40965562778969
2019-04-25,29.06999969482422,29.239999771118164,29.059999465942383,29.239999771118164,28.83160972595215,11800,925,3,0.5847955902256619,52.12120418121904
2019-04-26,29.0,29.066999435424805,28.950000762939453,28.989999771118164,28.585100173950195,11700,926,4,-0.034483547868402464,42.96501878542166
2019-04-29,29.0,29.106000900268555,28.969999313354492,29.075000762939453,28.668914794921875,5800,927,0,0.25862332048087744,46.38028617817095
2019-04-30,28.920000076293945,28.920000076293945,28.79800033569336,28.84000015258789,28.437196731567383,2300,928,1,-0.27662490835064224,43.572500258375825
2019-05-01,28.81999969482422,28.899999618530273,28.489999771118164,28.489999771118164,28.092084884643555,5200,929,2,-1.1450379153380763,29.545466039457537
2019-05-02,28.600000381469727,28.76300048828125,28.280000686645508,28.459999084472656,28.062501907348633,8800,930,3,-0.4895150179360819,30.952379150276983
2019-05-03,28.3799991607666,28.6200008392334,28.3799991607666,28.509000778198242,28.11081886291504,4400,931,4,0.4545511671824709,32.65070024917948
2019-05-06,28.1299991607666,28.1299991607666,28.0,28.084999084472656,27.692739486694336,3700,932,0,-0.15997183660321213,29.26228917714876
2019-05-07,27.790000915527344,27.790000915527344,27.18000030517578,27.31999969482422,26.938425064086914,25200,933,1,-1.6912601843079411,24.148014065358694
2019-05-08,27.239999771118164,27.239999771118164,26.920000076293945,26.924999237060547,26.548940658569336,6900,934,2,-1.1563896354786496,14.994350404662399
2019-05-09,26.40999984741211,26.577999114990234,26.242000579833984,26.559999465942383,26.18903923034668,8700,935,3,0.5679652381556988,13.910091385141143
2019-05-10,26.559999465942383,26.809999465942383,26.517000198364258,26.77899932861328,26.40498161315918,6800,936,4,0.8245476922984052,16.94572866996171
2019-05-13,26.450000762939453,26.450000762939453,26.045000076293945,26.18000030517578,25.814348220825195,8800,937,0,-1.0207956520817407,9.212407684115362
2019-05-14,26.5,26.729999542236328,26.5,26.600000381469727,26.22848129272461,6000,938,1,0.377359930074439,19.238072198454347
2019-05-15,26.80500030517578,26.80500030517578,26.729999542236328,26.80500030517578,26.430618286132812,1000,939,2,0.0,22.27286568083501
2019-05-16,26.829999923706055,27.200000762939453,26.829999923706055,27.200000762939453,26.82010269165039,10700,940,3,1.3790564304343444,30.268992205361002
2019-05-17,27.100000381469727,27.200000762939453,27.069000244140625,27.069000244140625,26.69093132019043,2400,941,4,-0.11439164905067134,28.110011697172283
2019-05-20,27.100000381469727,27.256999969482422,27.100000381469727,27.256999969482422,26.876304626464844,5200,942,0,0.5793342649546451,32.546869847849635
2019-05-21,27.31999969482422,27.459999084472656,27.290000915527344,27.459999084472656,27.07646942138672,1900,943,1,0.5124428668092484,38.26344434461441
2019-05-22,27.290000915527344,27.290000915527344,27.010000228881836,27.11400032043457,26.735301971435547,9600,944,2,-0.6449270398984575,35.69304178690652
2019-05-23,26.520000457763672,26.655000686645508,26.229999542236328,26.358999252319336,25.990846633911133,8700,945,3,-0.6070935243788878,30.129375355644726
2019-05-24,26.54400062561035,26.54400062561035,26.34000015258789,26.450000762939453,26.080577850341797,2100,946,4,-0.35412846765910944,33.89798670829248
2019-05-28,26.5,26.5,26.264999389648438,26.264999389648438,25.89815902709961,2800,947,1,-0.8867947560436296,38.26995865504189
2019-05-29,26.2450008392334,26.329999923706055,26.139999389648438,26.319000244140625,25.951406478881836,1400,948,2,0.28195619181161646,42.709351602750324
2019-05-30,26.5,26.5,26.219999313354492,26.23699951171875,25.87055015563965,1400,949,3,-0.9924546727594352,45.83010968846663
2019-05-31,26.15999984741211,26.15999984741211,25.9950008392334,26.049999237060547,25.6861629486084,9000,950,4,-0.4204916322369301,40.51029103303618
2019-06-03,26.14900016784668,26.326000213623047,26.14900016784668,26.326000213623047,25.958309173583984,1000,951,0,0.6768903003565363,52.07503816860111
2019-06-04,26.358999252319336,26.584999084472656,26.358999252319336,26.584999084472656,26.21368980407715,1900,952,1,0.857391549618236,49.77656719716688
2019-06-05,26.5,26.5,26.315000534057617,26.43600082397461,26.0667724609375,2300,953,2,-0.24150632462411892,44.41079670602701
2019-06-06,26.229999542236328,26.37700080871582,26.229999542236328,26.30500030517578,25.937602996826172,4900,954,3,0.285935052414632,35.2650691091427
2019-06-07,26.391000747680664,26.511999130249023,26.360000610351562,26.434999465942383,26.065786361694336,13100,955,4,0.16671864277668647,39.558621105595826
2019-06-10,26.559999465942383,26.820999145507812,26.559999465942383,26.690000534057617,26.317224502563477,5000,956,0,0.48946186268539194,40.86369690945848
2019-06-11,26.8799991607666,26.899999618530273,26.790000915527344,26.849000930786133,26.4740047454834,13700,957,1,-0.11532079965878017,40.01311885092832
2019-06-12,26.579999923706055,26.579999923706055,26.392000198364258,26.424999237060547,26.055925369262695,9200,958,2,-0.5831478069616813,39.01817662241327
2019-06-13,26.34000015258789,26.468000411987305,26.297000885009766,26.298999786376953,25.931684494018555,4100,959,3,-0.15565818516865004,48.80384085079134
2019-06-14,26.329999923706055,26.381000518798828,26.280000686645508,26.299999237060547,25.93267059326172,2500,960,4,-0.1139410813993047,46.898235428679605
2019-06-17,26.24799919128418,26.30900001525879,26.170000076293945,26.170000076293945,25.804487228393555,2500,961,0,-0.29716213575674555,47.98985868836131
2019-06-18,26.420000076293945,26.420000076293945,26.322999954223633,26.389999389648438,26.021413803100586,1900,962,1,-0.1135529392841561,51.40370036291674
2019-06-19,26.5,26.59000015258789,26.489999771118164,26.59000015258789,26.2186222076416,5000,963,2,0.3396232173128011,56.66793967386997
2019-06-20,26.760000228881836,27.09600067138672,26.760000228881836,27.075000762939453,26.696847915649414,7300,964,3,1.1771320305058897,67.40240461960535
2019-06-21,27.170000076293945,27.350000381469727,27.0,27.125,26.74614906311035,5300,965,4,-0.16562413017144895,64.69290892280668
2019-06-24,27.149999618530273,27.239999771118164,27.1299991607666,27.170000076293945,26.79051971435547,3100,966,0,0.07366651213511766,61.67667041537575
2019-06-25,27.1299991607666,27.219999313354492,27.09000015258789,27.09000015258789,26.711637496948242,2900,967,1,-0.14743460897910232,63.423626999152816
2019-06-26,27.25,27.399999618530273,27.25,27.399999618530273,27.01730728149414,12800,968,2,0.55045731570742,70.93689118921557
2019-06-27,27.530000686645508,27.743999481201172,27.520000457763672,27.68000030517578,27.293397903442383,2400,969,3,0.5448587533201099,72.51356700240126
2019-06-28,27.6200008392334,27.75,27.586999893188477,27.649999618530273,27.263816833496094,3700,970,4,0.10861252130833776,68.89761296155568
2019-07-01,28.059999465942383,28.170000076293945,27.864999771118164,27.868000030517578,27.478771209716797,4500,971,0,-0.6842460409090312,69.60366938812953
2019-07-02,27.599000930786133,27.670000076293945,27.55299949645996,27.65399932861328,27.267759323120117,2500,972,1,0.19927677079716322,75.7220620123846
2019-07-03,27.559999465942383,27.680999755859375,27.559999465942383,27.680999755859375,27.294384002685547,600,973,2,0.43904315044172026,80.17465975912445
2019-07-05,27.520000457763672,27.729999542236328,27.520000457763672,27.66699981689453,27.28057861328125,3900,974,4,0.5341546391195218,79.67867448046935
2019-07-08,27.549999237060547,27.549999237060547,27.371999740600586,27.420000076293945,27.037029266357422,17400,975,0,-0.4718662953417607,75.82642511140641
2019-07-09,27.469999313354492,27.479999542236328,27.344999313354492,27.450000762939453,27.06661033630371,2900,976,1,-0.07280142306125281,73.76681115737398
2019-07-10,27.739999771118164,27.84600067138672,27.709999084472656,27.739999771118164,27.35256004333496,5600,977,2,0.0,74.78445742134863
2019-07-11,28.12299919128418,28.200000762939453,28.100000381469727,28.125,27.732181549072266,3800,978,3,0.007114492669191286,73.64861846174995
2019-07-12,28.260000228881836,28.260000228881836,28.1299991607666,28.1299991607666,27.737112045288086,2300,979,4,-0.4600179301568863,73.10341682692771
2019-07-15,28.163000106811523,28.277999877929688,28.149999618530273,28.239999771118164,27.8455753326416,2300,980,0,0.27340717968473705,73.88390386288899
2019-07-16,28.149999618530273,28.16699981689453,28.06999969482422,28.06999969482422,27.677949905395508,2500,981,1,-0.2841915623096214,71.03001656854335
2019-07-17,28.0,28.0,27.93400001525879,27.93400001525879,27.54384994506836,800,982,2,-0.2357142312186089,62.384041982862186
2019-07-18,27.6299991607666,27.89900016784668,27.59000015258789,27.89900016784668,27.50933837890625,3800,983,3,0.9735831170854636,55.729977093865244
2019-07-19,27.969999313354492,27.979999542236328,27.92300033569336,27.93000030517578,27.539905548095703,6900,984,4,-0.14300682574422963,57.32219117572242
2019-07-22,28.149999618530273,28.25,28.110000610351562,28.174999237060547,27.781482696533203,1800,985,0,0.0888085927852611,57.91643468287242
2019-07-23,28.309999465942383,28.315000534057617,28.16900062561035,28.264999389648438,27.87022590637207,1000,986,1,-0.15895470555582492,66.83197033991816
2019-07-24,28.239999771118164,28.399999618530273,28.229999542236328,28.399999618530273,28.003341674804688,2900,987,2,0.5665717022269368,68.69475949831632
2019-07-25,28.31999969482422,28.31999969482422,27.969999313354492,27.969999313354492,27.579345703125,5000,988,3,-1.2358770665301,56.47711955143443
2019-07-26,27.950000762939453,27.979000091552734,27.93000030517578,27.934999465942383,27.544836044311523,1900,989,4,-0.053671901923380005,62.106244843789234
2019-07-29,27.899999618530273,27.899999618530273,27.753000259399414,27.799999237060547,27.411720275878906,1200,990,0,-0.3584243112437546,57.840473077481825
2019-07-30,27.719999313354492,27.829999923706055,27.67799949645996,27.829999923706055,27.441301345825195,2000,991,1,0.39682760850057175,52.281950989267784
2019-07-31,27.940000534057617,28.079999923706055,27.844999313354492,27.844999313354492,27.456092834472656,1800,992,2,-0.340018678909193,41.26089850209963
2019-08-01,27.84000015258789,28.107999801635742,27.572999954223633,27.572999954223633,27.187891006469727,2700,993,3,-0.9590524313967674,35.09900050413617
2019-08-02,27.545000076293945,27.55900001525879,27.280000686645508,27.280000686645508,26.898984909057617,2000,994,4,-0.962059861733322,26.608188221646756
2019-08-05,26.889999389648438,26.889999389648438,26.18000030517578,26.19099998474121,25.825193405151367,6200,995,0,-2.5994772062966742,18.377642346624
2019-08-06,26.559999465942383,26.674999237060547,26.350000381469727,26.399999618530273,26.031274795532227,9800,996,1,-0.6024090761646117,24.80287380665341
2019-08-07,26.1299991607666,26.183000564575195,26.0,26.183000564575195,25.817306518554688,2600,997,2,0.20283737279322978,23.40358482444813
2019-08-08,26.309999465942383,26.54800033569336,26.309999465942383,26.46500015258789,26.095367431640625,1700,998,3,0.5891322302995494,28.932970112148013
2019-08-09,26.420000076293945,26.420000076293945,26.25,26.299999237060547,25.93267059326172,5200,999,4,-0.4542045378004067,22.40211431067611
2019-08-12,26.28700065612793,26.290000915527344,25.799999237060547,25.90999984741211,25.548118591308594,7500,1000,0,-1.4341720215536813,18.149845327742156
2019-08-13,25.799999237060547,26.299999237060547,25.799999237060547,26.239999771118164,25.873510360717773,1000,1001,1,1.7054284770116501,22.250760587455787
2019-08-14,25.770000457763672,25.770000457763672,25.56999969482422,25.56999969482422,25.212867736816406,3400,1002,2,-0.7760991827192587,20.95836466473439
2019-08-15,25.350000381469727,25.461999893188477,25.299999237060547,25.3799991607666,25.02552032470703,5200,1003,3,0.11833837808856718,20.200594228032998
2019-08-16,25.632999420166016,25.659000396728516,25.600000381469727,25.6299991607666,25.27202796936035,7800,1004,4,-0.011704675485824101,25.352103522010125
2019-08-19,26.139999389648438,26.18000030517578,26.049999237060547,26.05500030517578,25.69109344482422,2600,1005,0,-0.3251686551542732,31.49885348322809
2019-08-20,26.018999099731445,26.05900001525879,25.93000030517578,25.934999465942383,25.572769165039062,1000,1006,1,-0.3228396045024229,30.518159109125847
2019-08-21,26.141000747680664,26.25,26.13800048828125,26.200000762939453,25.834068298339844,4500,1007,2,0.22569914529391166,35.97550022580347
2019-08-22,26.18000030517578,26.18000030517578,25.829999923706055,25.8799991607666,25.518537521362305,2000,1008,3,-1.1459172685718833,35.77813704685981
2019-08-23,25.81999969482422,25.81999969482422,25.520000457763672,25.520000457763672,25.16356658935547,1300,1009,4,-1.1618870666395997,41.99857983815978
2019-08-26,25.549999237060547,25.799999237060547,25.493999481201172,25.540000915527344,25.183286666870117,2100,1010,0,-0.039132375075379144,39.260764910913466
2019-08-27,25.490999221801758,25.558000564575195,25.18000030517578,25.273000717163086,24.92001724243164,4900,1011,1,-0.8551979572939739,38.77653182878484
2019-08-28,25.059999465942383,25.34000015258789,24.940000534057617,25.270000457763672,24.917057037353516,6400,1012,2,0.8379928024607075,34.17221186444961
2019-08-29,25.5,25.756999969482422,25.5,25.756999969482422,25.397254943847656,3200,1013,3,1.007843017578125,43.37321520849531
2019-08-30,26.18000030517578,26.18000030517578,25.940000534057617,26.03499984741211,25.67137336730957,1800,1014,4,-0.5538596488671721,51.568379688793804
2019-09-03,25.780000686645508,25.899999618530273,25.729999542236328,25.899999618530273,25.538257598876953,3500,1015,1,0.4654729584508077,45.51451545856328
2019-09-04,26.033000946044922,26.125,26.033000946044922,26.125,25.760116577148438,1500,1016,2,0.3533939638605377,58.29595619890223
2019-09-05,26.25,26.524999618530273,26.25,26.510000228881836,26.139738082885742,1300,1017,3,0.9904770624070025,65.9604457370815
2019-09-06,26.586000442504883,26.593000411987305,26.586000442504883,26.59000015258789,26.2186222076416,1000,1018,4,0.015044421938004149,64.24331848772931
2019-09-09,26.670000076293945,26.899999618530273,26.670000076293945,26.899999618530273,26.5242919921875,1700,1019,0,0.8623904821086548,62.98000830911794
2019-09-10,27.0,27.184999465942383,27.0,27.180999755859375,26.801366806030273,3600,1020,1,0.6703694661458259,68.23769702323156
2019-09-11,27.299999237060547,27.3700008392334,27.235000610351562,27.28499984741211,26.903913497924805,2300,1021,2,-0.05494282076050627,66.66664713417299
2019-09-12,27.209999084472656,27.44499969482422,27.179000854492188,27.344999313354492,26.963075637817383,2300,1022,3,0.49614198244818386,74.45744031811657
2019-09-13,27.350000381469727,27.440000534057617,27.350000381469727,27.440000534057617,27.05674934387207,4100,1023,4,0.3290681950003371,85.16481789022201
2019-09-16,27.719999313354492,27.719999313354492,27.55500030517578,27.56999969482422,27.184932708740234,21600,1024,0,-0.5411241783761844,85.73941320825425
2019-09-17,27.700000762939453,27.829999923706055,27.610000610351562,27.764999389648438,27.377208709716797,5900,1025,1,0.234652075518893,95.01443259471799
2019-09-18,27.68000030517578,27.68000030517578,27.645000457763672,27.645000457763672,27.258886337280273,1300,1026,2,-0.12644453405430411,91.1612024567458
2019-09-19,27.6200008392334,27.81999969482422,27.6200008392334,27.665000915527344,27.278608322143555,3600,1027,3,0.16292568764162407,89.45412580616662
2019-09-20,27.809999465942383,27.9950008392334,27.809999465942383,27.8700008392334,27.480745315551758,10500,1028,4,0.21575467257557435,89.12583217767222
2019-09-23,27.649999618530273,27.950000762939453,27.649999618530273,27.950000762939453,27.559627532958984,2900,1029,0,1.0849951122897217,94.75986970054613
2019-09-24,28.06999969482422,28.100000381469727,27.93199920654297,28.06999969482422,27.677949905395508,11900,1030,1,0.0,94.50805190089109
2019-09-25,28.010000228881836,28.135000228881836,27.976999282836914,28.135000228881836,27.742042541503906,5300,1031,2,0.44626918592849396,93.56573354769297
2019-09-26,28.082000732421875,28.082000732421875,27.989999771118164,28.04599952697754,27.654285430908203,4700,1032,3,-0.12820028667961392,88.8473967318565
2019-09-27,28.079999923706055,28.260000228881836,28.079999923706055,28.079999923706055,27.68781089782715,2900,1033,4,0.0,86.9211708593336
2019-09-30,28.15999984741211,28.31999969482422,28.15999984741211,28.257999420166016,27.863323211669922,300,1034,0,0.3480098483129579,86.0200813972774
2019-10-01,28.0,28.02899932861328,27.90999984741211,27.969999313354492,27.579345703125,3500,1035,1,-0.10714530944824219,70.39904393947828
2019-10-02,27.639999389648438,27.639999389648438,27.34000015258789,27.360000610351562,26.977867126464844,1100,1036,2,-1.01302020795897,50.33650312286878
2019-10-03,27.270000457763672,27.63599967956543,27.204999923706055,27.6299991607666,27.244094848632812,12900,1037,3,1.3201272349096627,53.95172589984339
2019-10-04,27.670000076293945,28.066999435424805,27.670000076293945,28.066999435424805,27.674991607666016,700,1038,4,1.4347645754832605,59.166365894791056
2019-10-07,27.860000610351562,28.1200008392334,27.860000610351562,27.920000076293945,27.530044555664062,1900,1039,0,0.21536060526894385,52.9102685404501
2019-10-08,27.799999237060547,27.799999237060547,27.799999237060547,27.799999237060547,27.411720275878906,600,1040,1,0.0,52.910230643943684
2019-10-09,28.059999465942383,28.059999465942383,27.986000061035156,27.9950008392334,27.6039981842041,300,1041,2,-0.2316415821314477,55.8139534883721
2019-10-10,28.17799949645996,28.211999893188477,28.138999938964844,28.211999893188477,27.81796646118164,4800,1042,3,0.12066291907197879,55.99998661509015
2019-10-11,28.5,28.809999465942383,28.5,28.722000122070312,28.320844650268555,17800,1043,4,0.7789477967379277,61.76828729333172
2019-10-14,28.565000534057617,28.604999542236328,28.510000228881836,28.535999298095703,28.137441635131836,2000,1044,0,-0.10152716758166092,56.963531227839766
2019-10-15,28.459999084472656,28.80699920654297,28.39699935913086,28.75,28.348453521728516,41200,1045,1,1.0189772482654957,58.7982778747066
2019-10-16,28.56999969482422,28.68000030517578,28.503999710083008,28.579999923706055,28.18082618713379,5700,1046,2,0.03500255158788157,57.466448054088474
2019-10-17,28.672000885009766,28.799999237060547,28.672000885009766,28.790000915527344,28.387895584106445,2300,1047,3,0.4115514330193415,59.46163164693317
2019-10-18,28.996000289916992,29.04599952697754,28.886999130249023,29.04199981689453,28.63637351989746,5000,1048,4,0.1586409384660259,60.24569201456086
2019-10-21,29.100000381469727,29.208999633789062,29.027999877929688,29.084999084472656,28.678773880004883,3900,1049,0,-0.051550848111403536,65.56827654163172
2019-10-22,29.25,29.579999923706055,29.239999771118164,29.510000228881836,29.097837448120117,12000,1050,1,0.8888896713908911,81.65486556176049
2019-10-23,29.469999313354492,29.499000549316406,29.42300033569336,29.481000900268555,29.069244384765625,4500,1051,2,0.03733148004885223,79.33439330645112
2019-10-24,29.770000457763672,29.909000396728516,29.770000457763672,29.864999771118164,29.447879791259766,10300,1052,3,0.31911088980087765,78.98129667683673
2019-10-25,29.75,30.190000534057617,29.75,30.138999938964844,29.71805191040039,3300,1053,4,1.30756282004989,84.360459724489
2019-10-28,30.239999771118164,30.479999542236328,30.209999084472656,30.440000534057617,30.014848709106445,488600,1054,0,0.6613781893294535,88.70967651719438
2019-10-29,30.299999237060547,30.5,30.299999237060547,30.489999771118164,30.064149856567383,10900,1055,1,0.6270644846261941,88.20826031078397
2019-10-30,30.43000030517578,30.43000030517578,30.139999389648438,30.329999923706055,29.90638542175293,9700,1056,2,-0.3286243196412908,83.01122053657852
2019-10-31,29.924999237060547,29.989999771118164,29.854000091552734,29.975000381469727,29.55634307861328,219400,1057,3,0.16708820612851838,70.52080684671424
2019-11-01,30.072999954223633,30.48900032043457,30.072999954223633,30.375,29.950756072998047,15500,1058,4,1.0042232109735094,78.1451127011854
2019-11-04,30.700000762939453,30.839000701904297,30.540000915527344,30.774999618530273,30.345169067382812,19400,1059,0,0.24429594047878922,79.32234659861409
2019-11-05,30.670000076293945,30.71299934387207,30.520999908447266,30.614999771118164,30.18740463256836,5600,1060,1,-0.17932932846091987,79.5527393716325
2019-11-06,30.222000122070312,30.290000915527344,30.200000762939453,30.290000915527344,29.866945266723633,5100,1061,2,0.225004278943719,71.07928856543373
2019-11-07,30.479999542236328,30.559999465942383,30.437999725341797,30.514999389648438,30.08880043029785,4000,1062,3,0.11482889743357205,70.85814078858809
2019-11-08,30.489999771118164,30.489999771118164,30.25,30.395999908447266,29.971464157104492,14700,1063,4,-0.3082973544655143,68.17303543327073
2019-11-11,30.219999313354492,30.33799934387207,30.149999618530273,30.191999435424805,29.77031135559082,4000,1064,0,-0.0926534697746173,60.07088634975857
2019-11-12,30.239999771118164,30.280000686645508,29.959999084472656,30.09000015258789,29.669736862182617,14100,1065,1,-0.49603048831216023,58.80312697648591
2019-11-13,29.8700008392334,29.90999984741211,29.77899932861328,29.90999984741211,29.492250442504883,8100,1066,2,0.13391030148941496,50.69124639991094
2019-11-14,29.81999969482422,29.94499969482422,29.809999465942383,29.899999618530273,29.482391357421875,4000,1067,3,0.2682760715116306,46.00466921702932
2019-11-15,29.860000610351562,29.934999465942383,29.816999435424805,29.889999389648438,29.472530364990234,6000,1068,4,0.10046476451335273,39.81477491478727
2019-11-18,29.770000457763672,29.91200065612793,29.770000457763672,29.8799991607666,29.462669372558594,5200,1069,0,0.3694951337303243,38.53380601231604
2019-11-19,29.85300064086914,29.85300064086914,29.670000076293945,29.729999542236328,29.31476402282715,13200,1070,1,-0.41202256387058434,38.679220159483386
2019-11-20,29.56999969482422,29.56999969482422,29.200000762939453,29.440000534057617,29.02881622314453,21400,1071,2,-0.439631931377249,39.651821539723834
2019-11-21,29.420000076293945,29.440000534057617,29.417999267578125,29.440000534057617,29.02881622314453,9900,1072,3,0.06798252111421821,28.604088630346368
2019-11-22,29.5,29.514999389648438,29.4060001373291,29.4060001373291,28.995290756225586,2100,1073,4,-0.3186436022742267,12.369374149346015
2019-11-25,29.469999313354492,29.631000518798828,29.469999313354492,29.520000457763672,29.107698440551758,3400,1074,0,0.1696679524065159,19.120100778754704
2019-11-26,29.68000030517578,29.68000030517578,29.479999542236328,29.559999465942383,29.147138595581055,10100,1075,1,-0.4043154919121439,25.470332850940665
2019-11-27,29.510000228881836,29.56999969482422,29.510000228881836,29.54800033569336,29.13530731201172,5200,1076,2,0.12877026945710135,12.078400397327613
2019-11-29,29.389999389648438,29.420000076293945,29.31999969482422,29.360000610351562,28.949934005737305,5800,1077,4,-0.10207138455212705,11.458300810908241
2019-12-02,29.280000686645508,29.34000015258789,29.280000686645508,29.34000015258789,28.930212020874023,1900,1078,0,0.20491620401412725,13.275827766112599
2019-12-03,29.100000381469727,29.100000381469727,28.75,28.959999084472656,28.555519104003906,22400,1079,1,-0.48110410708523954,10.709273854463163
2019-12-04,28.969999313354492,28.969999313354492,28.829999923706055,28.899999618530273,28.496356964111328,16200,1080,2,-0.2416282239673717,11.684329193022975
2019-12-05,28.94499969482422,28.94499969482422,28.799999237060547,28.875,28.47170639038086,2100,1081,3,-0.24183691678094643,11.552852799141476
2019-12-06,28.93000030517578,29.1200008392334,28.81999969482422,28.934999465942383,28.530868530273438,15700,1082,4,0.017280196038260698,15.473548764358583
2019-12-09,28.850000381469727,28.850000381469727,28.59000015258789,28.618000030517578,28.21829605102539,7300,1083,0,-0.8041606512461663,12.66267514629618
2019-12-10,28.549999237060547,28.790000915527344,28.549999237060547,28.73699951171875,28.335634231567383,13200,1084,1,0.6549922229611038,20.07227015194438
2019-12-11,28.701000213623047,28.78499984741211,28.645000457763672,28.773000717163086,28.371131896972656,4300,1085,2,0.25086409185790526,26.263331088859445
2019-12-12,28.690000534057617,29.0,28.690000534057617,29.0,28.594961166381836,4700,1086,3,1.080513977594344,36.519575474178886
2019-12-13,29.06999969482422,29.263999938964844,29.027000427246094,29.030000686645508,28.624542236328125,3700,1087,4,-0.13759548881533412,38.45209363357312
2019-12-16,29.06999969482422,29.459999084472656,28.950000762939453,29.31999969482422,28.910491943359375,23600,1088,0,0.8599931290832252,44.45673250766007
2019-12-17,29.549999237060547,29.549999237060547,29.25,29.344999313354492,28.935142517089844,17000,1089,1,-0.6937391844293206,43.991044298736604
2019-12-18,29.365999221801758,29.474000930786133,29.309999465942383,29.309999465942383,28.900630950927734,6100,1090,2,-0.19069589778439866,43.43264116445212
2019-12-19,29.40999984741211,29.56599998474121,29.40999984741211,29.4950008392334,29.08304786682129,2200,1091,3,0.2890207149347068,53.7313495783062
2019-12-20,29.597000122070312,29.597000122070312,29.5,29.56999969482422,29.156999588012695,6600,1092,4,-0.09122690520908527,56.16952087034111
2019-12-23,29.450000762939453,29.450000762939453,29.150999069213867,29.204999923706055,29.204999923706055,7400,1093,0,-0.8319213340792664,56.62523584005479
2019-12-24,29.09000015258789,29.22599983215332,29.09000015258789,29.174999237060547,29.174999237060547,6600,1094,1,0.29219348238846976,57.55909483169914
2019-12-26,29.09000015258789,29.239999771118164,29.079999923706055,29.114999771118164,29.114999771118164,3200,1095,3,0.08593887383685495,56.47249207585371
2019-12-27,29.170000076293945,29.22800064086914,28.959999084472656,28.975000381469727,28.975000381469727,16700,1096,4,-0.6684939811936852,51.03415084440202
2019-12-30,29.010000228881836,29.084999084472656,28.829999923706055,28.839000701904297,28.839000701904297,3700,1097,0,-0.5894502779331123,56.30350482441061
2019-12-31,28.729999542236328,28.915000915527344,28.729999542236328,28.8700008392334,28.8700008392334,12000,1098,1,0.48730003211887585,53.99403623850006
2020-01-02,29.010000228881836,29.200000762939453,29.010000228881836,29.190000534057617,29.190000534057617,7100,1099,3,0.620476745107279,60.697802778528064
2020-01-03,29.25,29.25,28.740999221801758,28.746999740600586,28.746999740600586,10200,1100,4,-1.7196590064937234,44.15703521240297
2020-01-06,29.010000228881836,29.010000228881836,28.790000915527344,28.959999084472656,28.959999084472656,8100,1101,0,-0.17235830408370845,48.50933407634439
2020-01-07,28.700000762939453,28.81999969482422,28.6299991607666,28.80900001525879,28.80900001525879,13100,1102,1,0.37978832551142094,38.433675746944914
2020-01-08,28.59000015258789,28.663000106811523,28.399999618530273,28.591999053955078,28.591999053955078,15700,1103,2,0.006991610201190213,34.319022255057334
2020-01-09,28.5,28.56800079345703,28.39900016784668,28.56800079345703,28.56800079345703,2700,1104,3,0.23859927528782077,34.47699886756044
2020-01-10,28.674999237060547,28.839000701904297,28.579999923706055,28.739999771118164,28.739999771118164,25300,1105,4,0.22668015967584054,34.11858164223297
2020-01-13,28.6200008392334,28.81999969482422,28.6200008392334,28.799999237060547,28.799999237060547,11300,1106,0,0.6289252010796664,33.700214637675785
2020-01-14,28.5,28.615999221801758,28.43000030517578,28.53499984741211,28.53499984741211,10500,1107,1,0.12280648214775258,35.19006490226715
2020-01-15,28.43000030517578,28.450000762939453,28.260000228881836,28.280000686645508,28.280000686645508,5500,1108,2,-0.5276103303557322,32.006417665144824
2020-01-16,28.290000915527344,28.30500030517578,28.18000030517578,28.209999084472656,28.209999084472656,22700,1109,3,-0.2827918998432266,31.878210587826416
2020-01-17,28.18000030517578,28.18000030517578,28.070999145507812,28.139999389648438,28.139999389648438,10800,1110,4,-0.1419478889075676,32.797645477800614
2020-01-21,27.920000076293945,27.920000076293945,27.670000076293945,27.68000030517578,27.68000030517578,18500,1111,1,-0.859598031741915,28.934892124738454
2020-01-22,27.579999923706055,27.711000442504883,27.530000686645508,27.55500030517578,27.55500030517578,12700,1112,2,-0.0906440123257024,26.8892334859885
2020-01-23,27.219999313354492,27.489999771118164,27.09000015258789,27.489999771118164,27.489999771118164,14700,1113,3,0.9919194143080068,17.181406049323073
2020-01-24,27.30500030517578,27.30500030517578,26.950000762939453,27.100000381469727,27.100000381469727,550300,1114,4,-0.7507779579375984,17.540349864222378
2020-01-27,26.450000762939453,26.530000686645508,26.290000915527344,26.290000915527344,26.290000915527344,11600,1115,0,-0.6049143394970868,7.4026422967094305
2020-01-28,26.441999435424805,26.5,26.40999984741211,26.415000915527344,26.415000915527344,10700,1116,1,-0.10210468373768045,11.486451240729437
2020-01-29,26.413000106811523,26.489999771118164,26.399999618530273,26.399999618530273,26.399999618530273,18200,1117,2,-0.04922003645431161,12.284889723473484
2020-01-30,26.079999923706055,26.290000915527344,26.0310001373291,26.290000915527344,26.290000915527344,8100,1118,3,0.8052185292776848,11.931779063511215
2020-01-31,26.040000915527344,26.0939998626709,25.6299991607666,25.729999542236328,25.729999542236328,13600,1119,4,-1.1904814223956728,5.473358339545371
2020-02-03,25.56999969482422,25.770000457763672,25.299999237060547,25.325000762939453,25.325000762939453,8700,1120,0,-0.9581499210356115,3.3557060725909054
2020-02-04,25.670000076293945,25.940000534057617,25.56999969482422,25.774999618530273,25.774999618530273,3900,1121,1,0.40903600282142794,14.705860831770295
2020-02-05,26.100000381469727,26.270000457763672,26.100000381469727,26.239999771118164,26.239999771118164,6200,1122,2,0.5363961210814061,25.24270091747198
2020-02-06,26.389999389648438,26.389999389648438,26.1200008392334,26.149999618530273,26.149999618530273,4500,1123,3,-0.9094345459223607,25.12076426676913
2020-02-07,26.110000610351562,26.18000030517578,25.969999313354492,26.040000915527344,26.040000915527344,5300,1124,4,-0.2680953396702157,24.880379936865793
2020-02-10,25.959999084472656,26.138999938964844,25.959999084472656,26.010000228881836,26.010000228881836,2700,1125,0,0.1926084213118795,27.733320990662122
2020-02-11,26.290000915527344,26.31999969482422,26.2549991607666,26.261999130249023,26.261999130249023,1200,1126,1,-0.10651116129015703,33.3247075388296
2020-02-12,26.549999237060547,26.645000457763672,26.440000534057617,26.530000686645508,26.530000686645508,14600,1127,2,-0.07532410918913435,38.23529961750161
2020-02-13,26.551000595092773,26.575000762939453,26.459999084472656,26.459999084472656,26.459999084472656,1600,1128,3,-0.34274230191134736,41.489344972893846
2020-02-14,26.649999618530273,26.65999984741211,26.260000228881836,26.27199935913086,26.27199935913086,4700,1129,4,-1.4183874852162548,49.71316836208741
2020-02-18,26.229999542236328,26.389999389648438,26.049999237060547,26.062000274658203,26.062000274658203,9400,1130,1,-0.6404852097218194,44.52372498195031
2020-02-19,26.31999969482422,26.31999969482422,26.090999603271484,26.274999618530273,26.274999618530273,6700,1131,2,-0.17097293622991838,48.17304754492113
2020-02-20,26.190000534057617,26.209999084472656,26.02400016784668,26.1299991607666,26.1299991607666,8500,1132,3,-0.22910031335429126,47.685159378985716
2020-02-21,26.100000381469727,26.110000610351562,25.992000579833984,26.062999725341797,26.062999725341797,2400,1133,4,-0.14176496393539795,55.61931271017546
2020-02-24,25.049999237060547,25.18000030517578,24.780000686645508,24.822999954223633,24.822999954223633,18700,1134,0,-0.9061847894233699,43.39124517575687
2020-02-25,25.030000686645508,25.030000686645508,24.209999084472656,24.216999053955078,24.216999053955078,3400,1135,1,-3.2481087110964313,30.298427185262184
2020-02-26,24.5,24.51799964904785,24.06399917602539,24.100000381469727,24.100000381469727,3700,1136,2,-1.632651504205196,20.327232566479523
2020-02-27,23.489999771118164,23.610000610351562,23.010000228881836,23.010000228881836,23.010000228881836,9900,1137,3,-2.0434208042288127,15.914024357418825
2020-02-28,22.239999771118164,22.75,22.239999771118164,22.75,22.75,11100,1138,4,2.2931665203708596,15.412105165641734
2020-03-02,22.8700008392334,23.083999633789062,22.520000457763672,23.083999633789062,23.083999633789062,9300,1139,0,0.9357183502527455,21.086947589748107
2020-03-03,23.360000610351562,23.524999618530273,22.81999969482422,22.988000869750977,22.988000869750977,5700,1140,1,-1.592464601373944,16.619099625531092
2020-03-04,22.989999771118164,23.190000534057617,22.8700008392334,23.18000030517578,23.18000030517578,4700,1141,2,0.8264486122192549,15.306521137093341
2020-03-05,22.520000457763672,22.56999969482422,22.145999908447266,22.145999908447266,22.145999908447266,15400,1142,3,-1.660748409032431,12.758959308770045
2020-03-06,21.610000610351562,21.8700008392334,21.479999542236328,21.55500030517578,21.55500030517578,22000,1143,4,-0.25451320510113673,11.928957296914191
2020-03-09,19.459999084472656,19.889999389648438,18.8799991607666,19.3700008392334,19.3700008392334,19500,1144,0,-0.46247815762266997,9.045272352933893
2020-03-10,19.940000534057617,20.163999557495117,19.25,19.746999740600586,19.746999740600586,7900,1145,1,-0.9679076644325324,10.83511427390492
2020-03-11,19.399999618530273,19.399999618530273,18.559999465942383,18.674999237060547,18.674999237060547,10100,1146,2,-3.7371154418850083,9.750549333539837
2020-03-12,17.299999237060547,17.299999237060547,16.100000381469727,16.517000198364258,16.517000198364258,33800,1147,3,-4.526006203624144,7.954530752900638
2020-03-13,17.093000411987305,17.51099967956543,16.350000381469727,17.496000289916992,17.496000289916992,6800,1148,4,2.357689511591321,16.968702342061974
2020-03-16,16.0,16.73699951171875,15.220000267028809,15.267000198364258,15.267000198364258,13000,1149,0,-4.581248760223389,14.802570436084522
2020-03-17,15.3100004196167,15.729999542236328,15.029999732971191,15.48900032043457,15.48900032043457,9300,1150,1,1.1691697969421266,16.413127156908516
2020-03-18,14.406999588012695,14.668000221252441,13.800999641418457,14.369999885559082,14.369999885559082,12800,1151,2,-0.2568175436362119,16.376079722086402
2020-03-19,14.4399995803833,14.626999855041504,13.960000038146973,14.300000190734863,14.300000190734863,7700,1152,3,-0.9695248872349405,16.62188986843917
2020-03-20,15.40999984741211,15.493000030517578,14.793999671936035,14.993000030517578,14.993000030517578,9000,1153,4,-2.706033880750236,18.921403352990012
2020-03-23,15.109999656677246,15.109999656677246,14.262999534606934,14.350000381469727,14.350000381469727,14800,1154,0,-5.029776919099193,18.158352153944605
2020-03-24,15.460000038146973,15.461000442504883,15.239999771118164,15.399999618530273,15.399999618530273,8700,1155,1,-0.38810103149191644,23.02731151339455
2020-03-25,15.890000343322754,16.989999771118164,15.770000457763672,16.60700035095215,16.60700035095215,16700,1156,2,4.51227181962075,31.024321541791394
2020-03-26,16.790000915527344,17.770000457763672,16.790000915527344,17.486000061035156,17.486000061035156,12800,1157,3,4.145319282646098,36.33003788169566
2020-03-27,16.920000076293945,17.15999984741211,16.607999801635742,17.059999465942383,17.059999465942383,12700,1158,4,0.8274195568390486,41.199323330070605
2020-03-30,16.799999237060547,17.290000915527344,16.708999633789062,17.218000411987305,17.218000411987305,11400,1159,0,2.48810234469925,40.20147542018201
2020-03-31,17.670000076293945,17.700000762939453,17.299999237060547,17.420000076293945,17.420000076293945,9400,1160,1,-1.4148273849494797,44.786044135112874
2020-04-01,16.93000030517578,16.959999084472656,16.260000228881836,16.325000762939453,16.325000762939453,14000,1161,2,-3.573535329774147,49.12504815307742
2020-04-02,17.0,17.610000610351562,16.860000610351562,17.239999771118164,17.239999771118164,15400,1162,3,1.411763359518603,48.8265468401186
2020-04-03,17.399999618530273,17.415000915527344,16.799999237060547,17.010000228881836,17.010000228881836,53100,1163,4,-2.241375851716132,59.78224450590798
2020-04-06,17.799999237060547,18.31999969482422,17.760000228881836,18.280000686645508,18.280000686645508,24400,1164,0,2.696637472801533,64.01526913502678
2020-04-07,19.239999771118164,19.239999771118164,18.579999923706055,18.579999923706055,18.579999923706055,25400,1165,1,-3.430352678085047,73.03568139254438
2020-04-08,18.75,19.084999084472656,18.639999389648438,18.93000030517578,18.93000030517578,13400,1166,2,0.9600016276041679,74.5805953670943
2020-04-09,19.549999237060547,19.69700050354004,18.899999618530273,19.149999618530273,19.149999618530273,25900,1167,3,-2.0460339342213474,73.2364483858965
2020-04-13,19.280000686645508,19.280000686645508,18.75,18.81999969482422,18.81999969482422,63700,1168,0,-2.3858971755115865,75.89203149247192
2020-04-14,19.190000534057617,19.31999969482422,18.889999389648438,19.158000946044922,19.158000946044922,62400,1169,1,-0.16675136593093942,73.72475562697944
2020-04-15,18.510000228881836,18.559999465942383,18.100000381469727,18.18600082397461,18.18600082397461,20200,1170,2,-1.7504019497616152,60.273263388111594
2020-04-16,18.260000228881836,18.260000228881836,17.799999237060547,17.809999465942383,17.809999465942383,42200,1171,3,-2.4644072141230655,52.25563460496086
2020-04-17,18.229999542236328,18.84000015258789,18.222999572753906,18.84000015258789,18.84000015258789,17600,1172,4,3.346136180301462,61.4307758223878
2020-04-20,18.309999465942383,18.790000915527344,18.290000915527344,18.469999313354492,18.469999313354492,158400,1173,0,0.8738386241338603,57.82694879587604
2020-04-21,17.959999084472656,18.204999923706055,17.809999465942383,17.959999084472656,17.959999084472656,43400,1174,1,0.0,53.25065555049593
2020-04-22,18.75,18.75,18.440000534057617,18.549999237060547,18.549999237060547,53600,1175,2,-1.0666707356770888,64.26097782576507
2020-04-23,18.959999084472656,19.079999923706055,18.799999237060547,18.850000381469727,18.850000381469727,27900,1176,3,-0.5801619636839228,61.20233489474288
2020-04-24,19.110000610351562,19.209999084472656,18.899999618530273,19.049999237060547,19.049999237060547,45300,1177,4,-0.31397891875792894,64.25375825568852
2020-04-27,19.0,19.43000030517578,19.0,19.3799991607666,19.3799991607666,25600,1178,0,1.999995582982117,58.84811670905217
2020-04-28,19.600000381469727,19.809999465942383,19.44499969482422,19.719999313354492,19.719999313354492,25400,1179,1,0.6122394364758144,59.11124200749524
2020-04-29,20.489999771118164,21.0,20.384000778198242,20.989999771118164,20.989999771118164,32200,1180,2,2.4402147661552354,64.35338768139536
2020-04-30,21.100000381469727,21.229999542236328,20.65999984741211,20.829999923706055,20.829999923706055,29200,1181,3,-1.2796229994421648,61.80437842885616
2020-05-01,20.280000686645508,20.299999237060547,19.780000686645508,19.860000610351562,19.860000610351562,34000,1182,4,-2.071006223241978,56.704489004962646
2020-05-04,19.899999618530273,20.3799991607666,19.850000381469727,20.3700008392334,20.3700008392334,21500,1183,0,2.3618152246871027,57.64379028123518
2020-05-05,21.0,21.047000885009766,20.53499984741211,20.53499984741211,20.53499984741211,19600,1184,1,-2.2142864408947194,66.49345807209193
2020-05-06,20.639999389648438,20.639999389648438,20.020000457763672,20.020000457763672,20.020000457763672,14200,1185,2,-3.0038708828436955,65.22039202581172
2020-05-07,20.389999389648438,20.510000228881836,20.290000915527344,20.290000915527344,20.290000915527344,8200,1186,3,-0.49042901968825436,61.153852022611176
2020-05-08,20.690000534057617,21.0,20.5,20.959999084472656,20.959999084472656,10500,1187,4,1.304971210467576,68.30882903614062
2020-05-11,20.950000762939453,21.100000381469727,20.8799991607666,21.010000228881836,21.010000228881836,27800,1188,0,0.28639362175357785,74.053643443036
2020-05-12,21.040000915527344,21.100000381469727,20.40999984741211,20.469999313354492,20.469999313354492,23400,1189,1,-2.709132972290862,65.2623241577417
2020-05-13,20.670000076293945,20.670000076293945,20.049999237060547,20.1299991607666,20.1299991607666,15100,1190,2,-2.6124862773786894,60.11057804433126
2020-05-14,19.829999923706055,20.010000228881836,19.399999618530273,20.010000228881836,20.010000228881836,13000,1191,3,0.9077171249032512,57.68001027832345
2020-05-15,19.899999618530273,20.030000686645508,19.850000381469727,19.889999389648438,19.889999389648438,6700,1192,4,-0.050252407404693944,54.221856892619094
