Date,Open,High,Low,Close,Adj Close,Volume,Count,Week Day,Change,RSI
2018-06-21,13.489999771118164,13.920000076293945,13.220000267028809,13.640000343322754,12.4896240234375,9950200,0,3,1.1119390270542429,7.679999828338623
2018-06-22,13.75,13.899999618530273,13.600000381469727,13.600000381469727,12.452998161315918,1478500,1,4,-1.0909063165838062,7.679999828338623
2018-06-25,13.640000343322754,13.720000267028809,13.414999961853027,13.720000267028809,12.562877655029297,1875300,2,0,0.5865096898272304,7.679999828338623
2018-06-26,13.699999809265137,13.699999809265137,13.479999542236328,13.680000305175781,12.526251792907715,1035400,3,1,-0.14598178370652803,7.679999828338623
2018-06-27,13.729999542236328,13.8100004196167,13.640000343322754,13.680000305175781,12.526251792907715,842200,4,2,-0.36416051513140646,7.679999828338623
2018-06-28,13.65999984741211,13.699999809265137,13.430000305175781,13.5,12.361431121826172,721100,5,3,-1.1713019707128458,7.679999828338623
2018-06-29,13.529999732971191,13.619999885559082,13.319999694824219,13.539999961853027,12.39805793762207,370000,6,4,0.07391152312787863,7.679999828338623
2018-07-02,13.600000381469727,13.680000305175781,13.520000457763672,13.569999694824219,12.425527572631836,176100,7,0,-0.22059327797067096,7.679999828338623
2018-07-03,13.770000457763672,13.800000190734863,13.470000267028809,13.470000267028809,12.333961486816406,176000,8,1,-2.178650550194572,7.679999828338623
2018-07-05,13.630000114440918,13.630000114440918,13.399999618530273,13.420000076293945,12.288180351257324,235000,9,3,-1.5407192691398341,7.679999828338623
2018-07-06,13.34000015258789,13.550000190734863,13.34000015258789,13.460000038146973,12.324806213378906,114300,10,4,0.8995493567202306,7.679999828338623
2018-07-09,13.5,13.550000190734863,13.270000457763672,13.40999984741211,12.279022216796875,501200,11,0,-0.66666779694734,7.679999828338623
2018-07-10,13.399999618530273,13.550000190734863,13.399999618530273,13.399999618530273,12.269865036010742,374400,12,1,0.0,7.679999828338623
2018-07-11,13.449999809265137,13.6899995803833,13.380000114440918,13.649999618530273,12.498780250549316,420500,13,2,1.4869874505675895,7.679999828338623
2018-07-12,13.609999656677246,14.09000015258789,13.609999656677246,14.029999732971191,12.846731185913086,690800,14,3,3.085966839741161,64.66163203083882
2018-07-13,14.039999961853027,14.039999961853027,13.949999809265137,14.0,12.81926155090332,222400,15,4,-0.28490001397227793,65.15150420483772
2018-07-16,14.0,14.079999923706055,13.755000114440918,13.9399995803833,12.764321327209473,467500,16,0,-0.4285744258335611,58.73012989647337
2018-07-17,13.819999694824219,14.039999961853027,13.699999809265137,14.0,12.81926155090332,386800,17,1,1.3024624395845175,62.4999813735585
2018-07-18,14.0,14.0,13.850000381469727,13.90999984741211,12.736852645874023,824300,18,2,-0.6428582327706489,58.39413873516411
2018-07-19,14.0,14.125,13.899999618530273,14.09000015258789,12.90167236328125,513000,19,3,0.6428582327706378,71.5328390936619
2018-07-20,14.09000015258789,14.149999618530273,13.930000305175781,14.0,12.81926155090332,726500,20,4,-0.638751963188311,66.1971726935034
2018-07-23,14.0,14.097999572753906,13.75,13.960000038146973,12.782635688781738,263800,21,0,-0.28571401323590484,63.63636363636363
2018-07-24,14.039999961853027,14.109999656677246,13.899999618530273,14.0,12.81926155090332,217800,22,1,-0.28490001397227793,69.34303063378884
2018-07-25,14.0,14.069999694824219,13.760000228881836,13.989999771118164,12.810105323791504,191400,23,2,-0.07143020629882812,71.42853045443594
2018-07-26,14.0,14.050000190734863,13.800999641418457,14.0,12.81926155090332,205200,24,3,0.0,70.76919578241882
2018-07-27,13.960000038146973,14.050000190734863,13.819999694824219,13.949999809265137,12.773479461669922,231000,25,4,-0.07163487718130357,70.76919578241882
2018-07-30,13.960000038146973,14.0,13.770000457763672,13.819999694824219,12.654443740844727,139400,26,0,-1.002867786104511,64.78871442195329
2018-07-31,13.779999732971191,14.050000190734863,13.430000305175781,13.800000190734863,12.636129379272461,269100,27,1,0.145141205741961,56.30253717121318
2018-08-01,13.890000343322754,13.949999809265137,13.529999732971191,13.619999885559082,12.47131061553955,113700,28,2,-1.9438477400288035,29.29297210651849
2018-08-02,13.529999732971191,13.600000381469727,13.5,13.510000228881836,12.370589256286621,658200,29,3,-0.14781599766494624,27.10284871895884
2018-08-03,13.510000228881836,13.670000076293945,13.300000190734863,13.520000457763672,12.379746437072754,213200,30,4,0.07402093791573083,29.411836203857888
2018-08-06,13.550000190734863,13.694999694824219,13.3100004196167,13.520000457763672,12.379746437072754,245100,31,0,-0.22140024021330973,25.000049670485993
2018-08-07,13.609999656677246,13.859999656677246,13.539999961853027,13.739999771118164,12.58119010925293,344500,32,1,0.95518087964932,42.20183245431987
2018-08-08,13.800000190734863,13.899999618530273,13.545000076293945,13.75,12.590346336364746,215800,33,2,-0.36232021770864486,31.521732369984136
2018-08-09,13.5600004196167,14.0,13.5600004196167,13.930000305175781,12.755166053771973,357500,34,3,2.7286126409245437,46.53466935835674
2018-08-10,13.899999618530273,14.050000190734863,13.699999809265137,13.960000038146973,12.782635688781738,473100,35,4,0.43165770693052163,50.0
2018-08-13,13.930000305175781,14.0,13.75,13.899999618530273,12.72769546508789,150900,36,0,-0.21536745145914749,45.098022716138026
2018-08-14,13.899999618530273,14.020000457763672,13.739999771118164,13.899999618530273,12.72769546508789,225800,37,1,0.0,45.54454791126487
2018-08-15,14.039999961853027,14.039999961853027,13.6850004196167,13.75,12.590346336364746,283200,38,2,-2.0655267994370563,39.13043117703353
2018-08-16,13.789999961853027,14.119999885559082,13.6899995803833,14.100000381469727,12.91082763671875,316500,39,3,2.248008850429639,55.17243420468484
2018-08-17,14.029999732971191,14.0600004196167,13.829999923706055,13.930000305175781,12.755166053771973,360000,40,4,-0.7127543100404088,53.691296216408574
2018-08-20,13.970000267028809,14.289999961853027,13.9399995803833,14.140000343322754,12.947455406188965,552200,41,0,1.2168938657443729,60.119050322205624
2018-08-21,14.140000343322754,14.289999961853027,14.029000282287598,14.239999771118164,13.039021492004395,400300,42,1,0.7072095146209323,69.37500335276246
2018-08-22,14.350000381469727,14.399999618530273,14.170999526977539,14.300000190734863,13.093960762023926,455700,43,2,-0.34843337564944843,75.48386660128358
2018-08-23,14.34000015258789,14.6899995803833,14.289999961853027,14.470000267028809,13.249624252319336,359000,44,3,0.9065558790629202,77.77777158106372
2018-08-24,14.579999923706055,14.699999809265137,14.520000457763672,14.550000190734863,13.322876930236816,176400,45,4,-0.20575948647580944,78.77094287490723
2018-08-27,14.550000190734863,14.75,14.25,14.470000267028809,13.249624252319336,323800,46,0,-0.5498276471294972,72.12121947737509
2018-08-28,14.4399995803833,14.720000267028809,14.390000343322754,14.529999732971191,13.30456256866455,335700,47,1,0.6232697728755898,72.94117119072983
2018-08-29,14.520000457763672,14.729999542236328,14.470000267028809,14.529999732971191,13.30456256866455,179000,48,2,0.06886552956113512,69.73682972202266
2018-08-30,14.510000228881836,14.585000038146973,14.25,14.289999961853027,13.084803581237793,221500,49,3,-1.5161975434769714,59.537572572980906
2018-08-31,14.279999732971191,14.40999984741211,14.029999732971191,14.260000228881836,13.057333946228027,591800,50,4,-0.14005255226425817,60.58826037345912
2018-09-04,14.270000457763672,14.609999656677246,14.1899995803833,14.350000381469727,13.139742851257324,668000,51,1,0.5606161257165843,62.569860678227975
2018-09-05,14.369999885559082,14.609999656677246,14.184000015258789,14.5,13.277092933654785,344900,52,2,0.9046632948936928,70.94973227843043
2018-09-06,14.5,14.569999694824219,14.279999732971191,14.510000228881836,13.28625202178955,539800,53,3,0.06896709573680493,64.13793693116571
2018-09-07,14.4399995803833,14.59000015258789,14.210000038146973,14.279999732971191,13.075647354125977,233400,54,4,-1.10803221649306,61.58939058918786
2018-09-10,14.390000343322754,14.619999885559082,14.260000228881836,14.5600004196167,13.33203411102295,459000,55,0,1.1813764575261398,63.291142296665164
2018-09-11,14.569999694824219,14.6899995803833,14.380000114440918,14.539999961853027,13.313718795776367,470800,56,1,-0.20590071104701346,60.0
2018-09-12,14.5600004196167,14.720000267028809,14.430000305175781,14.529999732971191,13.30456256866455,448400,57,2,-0.2060486660775629,57.93101452478105
2018-09-13,14.539999961853027,14.6899995803833,14.475000381469727,14.489999771118164,13.267936706542969,315900,58,3,-0.3438802673042862,50.75755660090412
2018-09-14,14.520000457763672,14.5600004196167,14.295000076293945,14.449999809265137,13.231310844421387,426000,59,4,-0.4820981149563752,46.09373719432146
2018-09-17,14.369999885559082,14.569999694824219,14.274999618530273,14.390000343322754,13.176369667053223,333900,60,0,0.13918203147496033,46.8254004296075
2018-09-18,14.359999656677246,14.5,14.149999618530273,14.350000381469727,13.139742851257324,423200,61,1,-0.06963283737175807,42.74196587539944
2018-09-19,14.350000381469727,14.5600004196167,14.300000190734863,14.390000343322754,13.176369667053223,754700,62,2,0.2787453713567922,44.53127677550965
2018-09-20,14.430000305175781,14.600000381469727,14.430000305175781,14.5,13.277092933654785,1427200,63,3,0.4850983599710146,59.13043189815096
2018-09-21,14.4399995803833,14.569999694824219,14.300000190734863,14.449999809265137,13.231310844421387,5376000,64,4,0.06925366462906535,58.119633039487795
2018-09-24,14.350000381469727,14.430000305175781,14.1899995803833,14.1899995803833,12.993237495422363,610500,65,0,-1.1149881312410015,44.02982578377374
2018-09-25,14.180000305175781,14.699999809265137,14.15999984741211,14.329999923706055,13.121430397033691,723300,66,1,1.0578252136956845,43.60902848685795
2018-09-26,14.3100004196167,14.510000228881836,14.069999694824219,14.140000343322754,12.947455406188965,571300,67,2,-1.187980931579169,37.7483577551661
2018-09-27,13.899999618530273,14.149999618530273,13.850000381469727,14.069999694824219,13.090737342834473,354600,68,3,1.2230221651755802,42.222228501553076
2018-09-28,14.050000190734863,14.1899995803833,13.90999984741211,14.1899995803833,13.202384948730469,308700,69,4,0.9964369234724879,34.4537532276652
2018-10-01,14.210000038146973,14.319999694824219,14.140000343322754,14.239999771118164,13.248905181884766,581200,70,0,0.21111705060279373,37.704912906884665
2018-10-02,14.199999809265137,14.300000190734863,14.119999885559082,14.149999618530273,13.165167808532715,192100,71,1,-0.3521140239892029,35.384613127398396
2018-10-03,14.140000343322754,14.230999946594238,14.0,14.0,13.025609970092773,659200,72,2,-0.990101413886213,32.62411971116515
2018-10-04,13.9399995803833,13.9399995803833,13.720000267028809,13.800000190734863,12.839529037475586,276400,73,3,-1.0042998125010527,29.299371182264807
2018-10-05,13.789999961853027,13.939000129699707,13.609999656677246,13.880000114440918,12.913960456848145,272900,74,4,0.652647953856822,33.96225849249896
2018-10-08,13.869999885559082,14.130000114440918,13.869999885559082,14.010000228881836,13.034913063049316,293200,75,0,1.0093752305543768,39.880949677794376
2018-10-09,13.989999771118164,14.09000015258789,13.930000305175781,14.0,13.025609970092773,200300,76,1,0.07148126551423939,38.18181187653563
2018-10-10,13.949999809265137,14.079999923706055,13.8100004196167,13.880000114440918,12.913960456848145,443800,77,2,-0.5017899339161747,31.32531366390579
2018-10-11,13.859999656677246,13.859999656677246,13.5,13.630000114440918,12.681361198425293,422000,78,3,-1.659448397789265,27.957004684282637
2018-10-12,13.630000114440918,13.630000114440918,13.399999618530273,13.420000076293945,12.485977172851562,658300,79,4,-1.5407192691398341,28.72930039838286
2018-10-15,13.489999771118164,13.869999885559082,13.350000381469727,13.800000190734863,12.839529037475586,273800,80,0,2.2980016669859715,37.07317844733462
2018-10-16,13.800000190734863,14.0600004196167,13.6899995803833,13.989999771118164,13.016305923461914,507900,81,1,1.3768085344727954,46.34144979882126
2018-10-17,13.949999809265137,14.0600004196167,13.854999542236328,13.989999771118164,13.016305923461914,205000,82,2,0.2867380817199727,47.97979943935497
2018-10-18,13.960000038146973,14.199999809265137,13.699999809265137,13.899999618530273,12.932568550109863,413300,83,3,-0.4298024316099047,42.56410281490451
2018-10-19,13.880000114440918,14.020000457763672,13.649999618530273,13.90999984741211,12.941871643066406,319200,84,4,0.21613640290953917,41.361257851586295
2018-10-22,13.920000076293945,14.149999618530273,13.739999771118164,13.75,12.793008804321289,1108800,85,0,-1.2212649092111616,39.89899719677484
2018-10-23,13.609999656677246,13.890000343322754,13.609999656677246,13.6899995803833,12.73718547821045,883500,86,1,0.5878025402212605,41.79893218771335
2018-10-24,13.649999618530273,13.789999961853027,13.390000343322754,13.420000076293945,12.485977172851562,1062000,87,2,-1.68497837849092,40.3061197182379
2018-10-25,13.470000267028809,13.680000305175781,13.079999923706055,13.5600004196167,12.616232872009277,1135000,88,3,0.668152567214042,42.07921726962161
2018-10-26,13.420000076293945,13.670000076293945,13.140000343322754,13.460000038146973,12.523192405700684,568800,89,4,0.2980623071954014,36.18090476343375
2018-10-29,13.5600004196167,13.760000228881836,13.510000228881836,13.59000015258789,12.644144058227539,276000,90,0,0.22123696196787446,40.284366615804046
2018-10-30,13.569999694824219,13.979999542236328,13.569999694824219,13.770000457763672,12.811617851257324,465100,91,1,1.4738450069069264,47.46544690168062
2018-10-31,13.90999984741211,13.920000076293945,13.59000015258789,13.600000381469727,12.653449058532715,241100,92,2,-2.2286086940544236,49.282303418852166
2018-11-01,13.619999885559082,13.800000190734863,13.619999885559082,13.760000228881836,12.802313804626465,130700,93,3,1.027902676204806,58.33333333333334
2018-11-02,13.8100004196167,13.8100004196167,13.050000190734863,13.470000267028809,12.532496452331543,428400,94,4,-2.4619850996161485,41.538466805299876
2018-11-05,13.890000343322754,14.079999923706055,13.449999809265137,13.960000038146973,12.988393783569336,459300,95,0,0.5039574736790398,49.33333954987439
2018-11-06,14.020000457763672,14.350000381469727,13.890000343322754,14.069999694824219,13.090737342834473,804100,96,1,0.356627927446751,51.69491319949567
2018-11-07,14.149999618530273,14.369999885559082,14.0,14.130000114440918,13.146561622619629,352600,97,2,-0.14133925532524572,54.93563110090403
2018-11-08,14.039999961853027,14.289999961853027,14.039999961853027,14.15999984741211,13.174471855163574,222600,98,3,0.8547000419168338,55.319148072725966
2018-11-09,14.130000114440918,14.229999542236328,13.960000038146973,14.039999961853027,13.062824249267578,162600,99,4,-0.6369437498865316,56.27705431112319
2018-11-12,14.050000190734863,14.229999542236328,14.010000228881836,14.069999694824219,13.090737342834473,279800,100,0,0.1423452229028621,58.33333681898548
2018-11-13,14.130000114440918,14.239999771118164,14.029999732971191,14.109999656677246,13.127951622009277,353200,101,1,-0.14154605521362607,66.82925649231176
2018-11-14,14.25,14.380000114440918,13.949999809265137,13.949999809265137,12.97908878326416,1442700,102,2,-2.1052644963850065,59.42027650109281
2018-11-15,13.609999656677246,14.020000457763672,13.529999732971191,13.9399995803833,12.9697847366333,837200,103,3,2.4246872302024824,62.12120336387019
2018-11-16,13.890000343322754,14.100000381469727,13.75,13.949999809265137,12.97908878326416,766100,104,4,0.4319615871804183,59.67741191200968
2018-11-19,13.930000305175781,14.039999961853027,13.760000228881836,13.770000457763672,12.811617851257324,462200,105,0,-1.1485990230212684,50.0
2018-11-20,13.710000038146973,13.8100004196167,13.4399995803833,13.460000038146973,12.523192405700684,499700,106,1,-1.823486501126148,46.49998974799621
2018-11-21,13.479999542236328,13.84000015258789,13.289999961853027,13.760000228881836,12.802313804626465,307100,107,2,2.0771564996585834,50.0
2018-11-23,13.720000267028809,13.994999885559082,13.640000343322754,13.859999656677246,12.895352363586426,154000,108,4,1.0204036947789152,59.99999021871921
2018-11-26,13.90999984741211,14.0,13.760000228881836,13.779999732971191,12.820920944213867,228600,109,0,-0.9345802722284247,44.155830483661816
2018-11-27,13.729999542236328,14.020000457763672,13.729999542236328,14.0,13.025609970092773,617000,110,1,1.966500122109216,47.87879663612981
2018-11-28,13.9399995803833,14.210000038146973,13.819999694824219,14.199999809265137,13.211689949035645,1050900,111,2,1.865137996472499,51.95529982151895
2018-11-29,14.180000305175781,14.430000305175781,14.074999809265137,14.369999885559082,13.369856834411621,604100,112,3,1.3399123857137818,55.44041732406803
2018-11-30,14.279999732971191,14.449999809265137,14.020000457763672,14.149999618530273,13.165167808532715,2937200,113,4,-0.9103649640886169,52.70935150607745
2018-12-03,14.289999961853027,14.460000038146973,14.180000305175781,14.420000076293945,13.416377067565918,606200,114,0,0.9097278851501134,57.70925794910489
2018-12-04,14.390000343322754,14.59000015258789,14.15999984741211,14.220000267028809,13.230298042297363,536300,115,1,-1.1813764575261398,52.26338676001946
2018-12-06,14.119999885559082,14.6899995803833,13.954999923706055,14.649999618530273,13.630370140075684,746300,116,3,3.753539215770374,62.96296034657234
2018-12-07,14.619999885559082,14.6899995803833,14.515000343322754,14.609999656677246,13.59315299987793,618600,117,4,-0.06840101887903849,62.27106572598731
2018-12-10,14.59000015258789,14.75,14.229999542236328,14.300000190734863,13.304729461669922,701600,118,0,-1.987662500480436,55.775586179459545
2018-12-11,14.479999542236328,14.5600004196167,14.319999694824219,14.40999984741211,13.407072067260742,246900,119,1,-0.4834233220798012,60.81080384459742
2018-12-12,14.630000114440918,14.630000114440918,14.170000076293945,14.220000267028809,13.230298042297363,249400,120,2,-2.802459632296306,63.38029398707972
2018-12-13,14.329999923706055,14.5,13.949999809265137,13.989999771118164,13.016305923461914,348700,121,3,-2.3726458785629845,54.151618458462124
2018-12-14,13.989999771118164,13.989999771118164,13.569999694824219,13.850000381469727,12.886049270629883,405200,122,4,-1.0007104498847896,49.82207685940288
2018-12-17,13.930000305175781,13.930000305175781,13.289999961853027,13.390000343322754,12.4580659866333,438200,123,0,-3.8765251257918965,43.88715427048965
2018-12-18,13.550000190734863,13.944999694824219,13.4399995803833,13.569999694824219,12.625536918640137,1123500,124,1,0.1475978140799583,43.17459337114125
2018-12-19,13.680000305175781,13.9399995803833,13.420000076293945,13.569999694824219,12.625536918640137,568300,125,2,-0.8040980109477402,39.3220243642948
2018-12-20,13.600000381469727,13.699999809265137,13.0600004196167,13.430000305175781,12.495280265808105,662100,126,3,-1.2500005259233227,33.904101424013476
2018-12-21,13.430000305175781,13.789999961853027,13.401000022888184,13.600000381469727,12.653449058532715,702300,127,4,1.2658233241322314,40.41812182454368
2018-12-24,13.579999923706055,13.649999618530273,13.270000457763672,13.34000015258789,12.411544799804688,117100,128,0,-1.7673031845840126,31.118861298252313
2018-12-26,13.399999618530273,13.899999618530273,13.319999694824219,13.899999618530273,12.932568550109863,276900,129,2,3.7313433898055637,45.03104035616517
2018-12-27,13.829999923706055,13.880000114440918,13.380000114440918,13.829999923706055,12.867441177368164,521300,130,3,0.0,35.66432493787771
2018-12-28,13.760000228881836,13.9399995803833,13.569999694824219,13.829999923706055,13.065836906433105,698000,131,4,0.5087187039233498,36.170201972890595
2018-12-31,13.84000015258789,13.899999618530273,13.5,13.84000015258789,13.075284957885742,401600,132,0,0.0,40.873006411952126
2019-01-02,13.720000267028809,13.920000076293945,13.550000190734863,13.6899995803833,12.933572769165039,344800,133,2,-0.2186638925773532,35.9374866122302
2019-01-03,13.710000038146973,13.96500015258789,13.390000343322754,13.850000381469727,13.084733009338379,291600,134,3,1.021154944808278,42.68774852547988
2019-01-04,13.920000076293945,14.149999618530273,13.8100004196167,13.960000038146973,13.188654899597168,383800,135,4,0.2873560462197666,49.37759861531174
2019-01-07,14.050000190734863,14.140000343322754,13.859999656677246,13.979999542236328,13.207550048828125,215300,136,0,-0.49822524945370983,52.83841085306829
2019-01-08,14.0600004196167,14.210000038146973,13.960000038146973,14.170000076293945,13.387051582336426,212300,137,1,0.782358843487474,69.30692882330251
2019-01-09,14.229999542236328,14.229999542236328,13.890000343322754,14.1899995803833,13.405946731567383,331900,138,2,-0.28109601644260573,66.66666666666666
2019-01-10,14.170000076293945,14.425000190734863,14.050000190734863,14.300000190734863,13.509868621826172,394300,139,3,0.9174319953491494,68.52792885687384
2019-01-11,14.359999656677246,14.449999809265137,14.25,14.270000457763672,13.481527328491211,254600,140,4,-0.626735383463084,72.58064185336801
2019-01-14,14.220000267028809,14.390000343322754,14.15999984741211,14.220000267028809,13.434288024902344,120700,141,0,0.0,67.8160812442485
2019-01-15,14.25,14.510000228881836,14.25,14.350000381469727,13.557106018066406,98700,142,1,0.7017570629454406,81.36645484442676
2019-01-16,14.25,14.510000228881836,14.25,14.5,13.698817253112793,106100,143,2,1.7543859649122862,75.0
2019-01-17,14.399999618530273,14.609999656677246,14.210000038146973,14.529999732971191,13.72715950012207,343300,144,3,0.9027785964218493,80.17238473497326
2019-01-18,14.579999923706055,14.75,14.489999771118164,14.680000305175781,13.868871688842773,214200,145,4,0.685873676220905,82.44272864135768
2019-01-22,14.649999618530273,15.029999732971191,14.5,14.819999694824219,14.00113582611084,333000,146,1,1.1604101073075634,84.02774926322063
2019-01-23,14.850000381469727,15.15999984741211,14.800000190734863,14.989999771118164,14.1617431640625,220900,147,2,0.9427568084316773,94.5205533139855
2019-01-24,14.989999771118164,15.239999771118164,14.8100004196167,15.1899995803833,14.350692749023438,269100,148,3,1.3342215631682919,94.66666836208876
2019-01-25,15.3100004196167,15.319999694824219,15.039999961853027,15.270000457763672,14.426273345947266,258700,149,4,-0.26126688933185704,94.55782930789856
2019-01-28,15.25,15.699999809265137,15.170000076293945,15.550000190734863,14.690800666809082,179800,150,0,1.9672143654745122,95.37572827897115
2019-01-29,15.649999618530273,15.75,15.5,15.600000381469727,14.738038063049316,186700,151,1,-0.31948395066633273,94.9685587403343
2019-01-30,15.699999809265137,15.805000305175781,15.619999885559082,15.729999542236328,14.860854148864746,267500,152,2,0.19108110404872924,95.29412160695263
2019-01-31,15.789999961853027,15.90999984741211,15.670000076293945,15.899999618530273,15.021461486816406,412400,153,3,0.6966412725965432,95.45454791754833
2019-02-01,15.899999618530273,16.0,15.399999618530273,15.65999984741211,14.794722557067871,546000,154,4,-1.5094325589697588,85.27918462269824
2019-02-04,15.65999984741211,16.0,15.5600004196167,15.960000038146973,15.078146934509277,567200,155,0,1.9157100489016976,89.18919615540257
2019-02-05,16.0,16.040000915527344,15.75,15.960000038146973,15.078146934509277,251200,156,1,-0.2499997615814209,88.51675296129677
2019-02-06,15.970000267028809,16.030000686645508,15.779999732971191,15.890000343322754,15.012015342712402,92600,157,2,-0.5009387750056549,84.57713543651018
2019-02-07,15.869999885559082,16.059999465942383,15.579999923706055,16.059999465942383,15.17262077331543,152500,158,3,1.197224837765698,85.58141123482271
2019-02-08,16.0,16.18000030517578,15.920000076293945,16.040000915527344,15.153726577758789,123300,159,4,0.25000572204589844,83.66343738787226
2019-02-11,16.010000228881836,16.139999389648438,15.890000343322754,16.010000228881836,15.125384330749512,356800,160,0,0.0,81.15188003862635
2019-02-12,16.059999465942383,16.18000030517578,15.90999984741211,16.06999969482422,15.182068824768066,186400,161,1,0.06226792786041546,80.00004238558805
2019-02-13,15.979999542236328,16.110000610351562,15.819999694824219,16.049999237060547,15.163172721862793,350900,162,2,0.43804566226177677,76.54323240660014
2019-02-14,16.049999237060547,16.260000228881836,15.899999618530273,16.15999984741211,15.267095565795898,625300,163,3,0.6853620908439995,76.96971588557741
2019-02-15,16.239999771118164,16.59000015258789,16.18000030517578,16.56999969482422,15.654438972473145,562200,164,4,2.0320192632818923,78.65170646297301
2019-02-19,16.56999969482422,16.91699981689453,16.53499984741211,16.579999923706055,15.66388988494873,520400,165,1,0.060351412589110254,78.16094095981408
2019-02-20,16.639999389648438,16.639999389648438,16.260000228881836,16.3799991607666,15.474939346313477,382100,166,2,-1.5625014328040088,67.955795865162
2019-02-21,16.3700008392334,16.440000534057617,16.209999084472656,16.329999923706055,15.427700996398926,256100,167,3,-0.24435499985726583,62.72191285779745
2019-02-22,16.34000015258789,16.950000762939453,16.270000457763672,16.709999084472656,15.78670597076416,639200,168,4,2.2643753269865563,78.68853484198172
2019-02-25,16.809999465942383,16.8700008392334,16.549999237060547,16.700000762939453,15.777259826660156,143100,169,0,-0.6543647025438082,74.0260576677155
2019-02-26,16.559999465942383,16.81999969482422,16.53499984741211,16.799999237060547,15.871732711791992,298300,170,1,1.4492740269210325,75.60981566694326
2019-02-27,16.700000762939453,16.950000762939453,16.610000610351562,16.760000228881836,15.833943367004395,302300,171,2,0.3592782227623159,77.01873177423778
2019-02-28,16.719999313354492,17.059999465942383,16.719999313354492,16.969999313354492,16.032339096069336,541400,172,3,1.4952153724092643,77.57585495773762
2019-03-01,17.030000686645508,17.030000686645508,16.190000534057617,16.440000534057617,15.53162670135498,545800,173,4,-3.464475213148721,59.259275611744
2019-03-04,16.639999389648438,16.670000076293945,16.350000381469727,16.56999969482422,15.654438972473145,270100,174,0,-0.4206712583641359,62.38940928544241
2019-03-05,16.6299991607666,16.81999969482422,16.520000457763672,16.770000457763672,15.843390464782715,163500,175,1,0.8418599161890583,64.58338631537453
2019-03-06,16.770000457763672,16.829999923706055,16.540000915527344,16.649999618530273,15.730022430419922,218900,176,2,-0.7155684911018811,62.000035095295175
2019-03-07,16.649999618530273,16.790000915527344,16.54199981689453,16.600000381469727,15.682785034179688,592700,177,3,-0.3002957249614635,59.01643060553023
2019-03-08,16.6299991607666,16.7450008392334,16.510000228881836,16.690000534057617,15.767812728881836,77800,178,4,0.360802022363127,52.830217537407094
2019-03-11,16.81999969482422,17.100000381469727,16.81999969482422,17.06999969482422,16.126813888549805,129200,179,0,1.4863258295832793,59.83938388614701
2019-03-12,16.09000015258789,16.90999984741211,15.741999626159668,16.81999969482422,15.890628814697266,1137700,180,1,4.536976602321019,58.661457234320075
2019-03-13,16.93000030517578,17.889999389648438,16.93000030517578,17.639999389648438,16.665321350097656,1387800,181,2,4.193733441668024,69.78856037464799
2019-03-14,18.40999984741211,18.43000030517578,17.969999313354492,18.049999237060547,17.05266571044922,5989900,182,3,-1.9554623212132638,70.0599274292195
2019-03-15,18.100000381469727,18.299999237060547,17.950000762939453,18.100000381469727,17.099903106689453,1516300,183,4,0.0,70.71008204431939
2019-03-18,18.170000076293945,18.600000381469727,18.065000534057617,18.540000915527344,17.515592575073242,1217500,184,0,2.0363282205823063,73.3871356423206
2019-03-19,18.709999084472656,18.899999618530273,18.43000030517578,18.530000686645508,17.506147384643555,525200,185,1,-0.9620438622924832,73.9837549660864
2019-03-20,18.520000457763672,18.72599983215332,18.200000762939453,18.59000015258789,17.562828063964844,910800,186,2,0.37796810525927427,72.88137419658304
2019-03-21,18.600000381469727,19.219999313354492,18.600000381469727,19.18000030517578,18.120229721069336,821400,187,3,3.118279095756793,88.05554834413016
2019-03-22,19.170000076293945,19.170000076293945,18.854999542236328,18.989999771118164,17.94072723388672,695000,188,4,-0.9389687243578804,83.06009448145937
2019-03-25,19.0,19.6200008392334,19.0,19.3799991607666,18.309179306030273,699000,189,0,1.999995582982117,83.89608369345888
2019-03-26,19.530000686645508,19.75,19.479999542236328,19.600000381469727,18.517024993896484,694000,190,1,0.35842136386654566,87.3417745968252
2019-03-27,19.6200008392334,19.850000381469727,19.440000534057617,19.59000015258789,18.5075740814209,1344700,191,2,-0.15290869195844214,88.23527403124051
2019-03-28,19.450000762939453,19.709999084472656,19.389999389648438,19.610000610351562,18.72722053527832,1193000,192,3,0.8226212911876862,88.0208139307901
2019-03-29,19.690000534057617,19.920000076293945,19.5,19.520000457763672,18.641273498535156,1142000,193,4,-0.8633827916860515,84.50702333518159
2019-04-01,19.700000762939453,19.700000762939453,19.360000610351562,19.6200008392334,18.736772537231445,873600,194,0,-0.40609096755241936,91.17644583892681
2019-04-02,19.649999618530273,19.75,19.360000610351562,19.530000686645508,18.65082550048828,1263800,195,1,-0.6106815990551184,85.39323113674241
2019-04-03,19.600000381469727,19.600000381469727,19.023000717163086,19.149999618530273,18.287927627563477,709300,196,2,-2.295922215210233,70.8333002197059
2019-04-04,19.200000762939453,19.260000228881836,19.0,19.149999618530273,18.287927627563477,454700,197,3,-0.2604226167828738,70.27022449238092
2019-04-05,19.25,19.309999465942383,18.8799991607666,18.989999771118164,18.1351318359375,471100,198,4,-1.3506505396459034,59.740221136530465
2019-04-08,19.0,19.100000381469727,18.84000015258789,19.040000915527344,18.182880401611328,467900,199,0,0.21053113435443027,60.85104932394757
2019-04-09,19.030000686645508,19.360000610351562,18.950000762939453,19.260000228881836,18.39297866821289,378700,200,1,1.2086155225298212,63.3465935644185
2019-04-10,19.239999771118164,19.68000030517578,19.219999313354492,19.549999237060547,18.669921875,459000,201,2,1.611223854626731,58.37100557704556
2019-04-11,19.579999923706055,19.709999084472656,19.343000411987305,19.579999923706055,18.69857406616211,364900,202,3,0.0,64.39022620190697
2019-04-12,19.56999969482422,19.65999984741211,19.360000610351562,19.649999618530273,18.76542091369629,338400,203,4,0.4087885792211532,57.803466296222794
2019-04-15,19.700000762939453,19.780000686645508,19.1299991607666,19.350000381469727,18.478925704956055,272600,204,0,-1.776651613781477,43.09392789173855
2019-04-16,19.3799991607666,19.549999237060547,18.709999084472656,18.90999984741211,18.058734893798828,1039600,205,1,-2.425177160512848,34.8214331330051
2019-04-17,18.93000030517578,18.979999542236328,18.549999237060547,18.889999389648438,18.039634704589844,719600,206,2,-0.21130964016100595,33.92855622331629
2019-04-18,18.889999389648438,19.09000015258789,18.600000381469727,19.06999969482422,18.211530685424805,671700,207,3,0.9528867707344624,40.34333885618111
2019-04-22,18.959999084472656,19.079999923706055,18.809999465942383,19.010000228881836,18.15423011779785,378000,208,0,0.2637191288164642,36.68121470573537
2019-04-23,19.139999389648438,19.559999465942383,18.969999313354492,19.559999465942383,18.679471969604492,341500,209,1,2.194357835356553,50.54543235085227
2019-04-24,19.649999618530273,20.1200008392334,19.549999237060547,19.989999771118164,19.09011459350586,506500,210,2,1.7302807083378502,65.00000681196126
2019-04-25,19.889999389648438,20.09000015258789,19.700000762939453,19.979999542236328,19.08056640625,300500,211,3,0.4524894688268777,64.76868472335633
2019-04-26,20.040000915527344,20.3700008392334,19.760000228881836,20.329999923706055,19.41480827331543,376900,212,4,1.4471007731043262,72.33333587646484
2019-04-29,20.350000381469727,20.600000381469727,20.229999542236328,20.360000610351562,19.44346046447754,381200,213,0,0.049141172945343925,72.14764928845645
2019-04-30,20.329999923706055,20.780000686645508,20.329999923706055,20.68000030517578,19.749053955078125,493200,214,1,1.721595586734881,73.05194986150047
2019-05-01,20.75,20.899999618530273,20.50200080871582,20.6299991607666,19.701303482055664,406800,215,2,-0.5783172975103557,69.01406937236858
2019-05-02,20.610000610351562,20.950000762939453,20.399999618530273,20.5,19.577157974243164,471300,216,3,-0.5337244400483554,65.64625695873966
2019-05-03,20.5,20.850000381469727,20.459999084472656,20.75,19.815902709960938,1249900,217,4,1.2195121951219523,67.62820649977778
2019-05-06,20.610000610351562,20.920000076293945,20.540000915527344,20.75,19.815902709960938,338600,218,0,0.6792789204388638,74.82267416890036
2019-05-07,20.68000030517578,20.850000381469727,20.440000534057617,20.479999542236328,19.558055877685547,570400,219,1,-0.9671216633850732,79.62261869459695
2019-05-08,20.520000457763672,20.799999237060547,20.049999237060547,20.06999969482422,19.166515350341797,705800,220,2,-2.192986125247365,69.40789391129326
2019-05-09,20.09000015258789,20.600000381469727,20.010000228881836,20.350000381469727,19.433908462524414,546800,221,3,1.2941773365210407,70.38216811995639
2019-05-10,20.420000076293945,20.600000381469727,20.18000030517578,20.3799991607666,19.46255874633789,1117800,222,4,-0.1958908686478522,72.02570197775455
2019-05-13,20.229999542236328,20.459999084472656,19.68000030517578,20.100000381469727,19.19516372680664,810800,223,0,-0.6426058512516986,59.50705786116384
2019-05-14,20.200000762939453,20.795000076293945,20.110000610351562,20.700000762939453,19.76815414428711,427600,224,1,2.4752474312641715,61.79403551216742
2019-05-15,20.700000762939453,20.93000030517578,20.559999465942383,20.6200008392334,19.691757202148438,443300,225,2,-0.38647304713768094,60.389631702116716
2019-05-16,20.549999237060547,20.860000610351562,20.440000534057617,20.75,19.815902709960938,592800,226,3,0.9732397584656161,57.3426620063316
2019-05-17,20.65999984741211,20.989999771118164,20.65999984741211,20.8799991607666,19.940048217773438,337800,227,4,1.0648563164536995,58.78376767440497
2019-05-20,20.81999969482422,20.969999313354492,20.614999771118164,20.700000762939453,19.76815414428711,466800,228,0,-0.5763637542924527,50.354618563534416
2019-05-21,20.760000228881836,21.190000534057617,20.709999084472656,21.139999389648438,20.18834686279297,443800,229,1,1.8304390971920048,57.943945225112174
2019-05-22,21.190000534057617,21.670000076293945,21.139999389648438,21.6299991607666,20.656286239624023,503500,230,2,2.076444623027718,65.8263454978215
2019-05-23,21.600000381469727,21.68000030517578,21.149999618530273,21.25,20.293394088745117,407500,231,3,-1.620372107817114,56.756769295960225
2019-05-24,21.360000610351562,21.649999618530273,21.360000610351562,21.450000762939453,20.484392166137695,202900,232,4,0.42134901692967297,58.97438280057905
2019-05-28,21.549999237060547,21.6200008392334,21.239999771118164,21.270000457763672,20.3124942779541,546200,233,1,-1.2992983257992363,60.36748310667053
2019-05-29,21.190000534057617,21.243000030517578,20.709999084472656,21.06999969482422,20.121498107910156,522500,234,2,-0.5663088070268163,63.888909492994195
2019-05-30,21.139999389648438,21.540000915527344,20.940000534057617,20.969999313354492,20.025997161865234,472300,235,3,-0.804163108808742,59.06432683309333
2019-05-31,20.81999969482422,21.399999618530273,20.739999771118164,21.260000228881836,20.30294418334961,179600,236,4,2.1133551417246155,61.9565476542181
2019-06-03,21.299999237060547,21.469999313354492,20.760000228881836,21.049999237060547,20.102397918701172,386400,237,0,-1.1737089622285812,63.15788361365028
2019-06-04,21.079999923706055,21.243999481201172,19.899999618530273,20.420000076293945,19.500757217407227,904000,238,1,-3.13092907875151,46.15383406160216
2019-06-05,20.440000534057617,20.989999771118164,20.309999465942383,20.979999542236328,20.03554916381836,305400,239,2,2.641873747894241,54.36891945381273
2019-06-06,20.979999542236328,21.31999969482422,20.920000076293945,21.030000686645508,20.083297729492188,374100,240,3,0.23832767159273072,53.465355883487405
2019-06-07,21.299999237060547,21.299999237060547,20.940000534057617,20.989999771118164,20.04509735107422,362800,241,4,-1.4553966058506007,51.39241252031688
2019-06-10,20.959999084472656,21.113000869750977,20.719999313354492,20.809999465942383,19.873201370239258,307100,242,0,-0.7156470662319614,51.39238770432157
2019-06-11,21.260000228881836,21.3700008392334,20.760000228881836,20.93000030517578,19.98780059814453,369600,243,1,-1.552210348792693,47.10745451794061
2019-06-12,21.149999618530273,21.43000030517578,20.829999923706055,21.309999465942383,20.35069465637207,567100,244,2,0.7565004742218884,45.454555306540904
2019-06-13,21.3799991607666,21.420000076293945,21.15999984741211,21.209999084472656,20.25519371032715,656600,245,3,-0.7951360288446785,49.38270296745268
2019-06-14,21.15999984741211,21.549999237060547,21.06999969482422,21.31999969482422,20.36024284362793,763200,246,4,0.7561429516346418,47.93649448080848
2019-06-17,21.399999618530273,21.600000381469727,21.200000762939453,21.549999237060547,20.57988739013672,260900,247,0,0.7009328093650513,54.3749746680622
2019-06-18,21.579999923706055,21.829999923706055,21.15999984741211,21.229999542236328,20.274293899536133,267300,248,1,-1.6218738772340924,52.40963370901934
2019-06-19,21.200000762939453,21.440000534057617,20.764999389648438,21.399999618530273,20.436641693115234,418700,249,2,0.9433907943081188,56.342181397123106
2019-06-20,21.450000762939453,21.579999923706055,21.139999389648438,21.549999237060547,20.57988739013672,668900,250,3,0.46619333596420454,54.461520584387806
2019-06-21,21.399999618530273,21.399999618530273,20.719999313354492,20.899999618530273,19.959148406982422,930400,251,4,-2.3364486397796425,47.96748513793126
2019-06-24,20.950000762939453,21.0,20.53700065612793,20.8700008392334,19.930500030517578,619200,252,0,-0.38186119710111877,57.28156538378445
2019-06-25,20.920000076293945,21.149999618530273,20.360000610351562,20.450000762939453,19.529409408569336,447500,253,1,-2.246650629256375,41.01697216564833
2019-06-26,20.40999984741211,20.514999389648438,19.43000030517578,19.690000534057617,18.803621292114258,747600,254,2,-3.5276791706874255,31.693986223314056
2019-06-27,19.579999923706055,19.8700008392334,19.559999465942383,19.6299991607666,18.958141326904297,349100,255,3,0.2553587193839135,31.521732369984136
2019-06-28,19.6200008392334,20.100000381469727,19.56999969482422,20.040000915527344,19.35411262512207,2646500,256,4,2.1406730801666773,40.1534756413152
2019-07-01,20.100000381469727,20.260000228881836,19.25,19.479999542236328,18.813278198242188,892400,257,0,-3.0845812311773857,33.33333333333333
2019-07-02,19.5,20.399999618530273,19.270000457763672,20.280000686645508,19.585899353027344,926600,258,1,4.000003521259021,39.20337676379607
2019-07-03,20.239999771118164,20.520000457763672,20.020000457763672,20.350000381469727,19.653501510620117,180400,259,2,0.5434812825864332,40.928290586356354
2019-07-05,20.25,20.450000762939453,19.549999237060547,20.329999923706055,19.634185791015625,703700,260,4,0.3950613516348289,39.35484903039081
2019-07-08,20.299999237060547,20.5049991607666,20.100000381469727,20.260000228881836,19.56658363342285,304600,261,0,-0.1970394565615874,35.63476639245897
2019-07-09,20.190000534057617,20.329999923706055,19.959999084472656,20.170000076293945,19.47966194152832,753200,262,1,-0.09906120472822355,37.55870352353222
2019-07-10,20.280000686645508,20.399999618530273,20.110000610351562,20.309999465942383,19.6148681640625,221000,263,2,0.14792296982824027,37.11584766473979
2019-07-11,20.309999465942383,20.309999465942383,19.639999389648438,19.770000457763672,19.093353271484375,893900,264,3,-2.658783960502953,30.735955399444805
2019-07-12,19.75,19.75,19.459999084472656,19.549999237060547,18.880882263183594,406800,265,4,-1.0126620908326722,33.89022696514745
2019-07-15,19.549999237060547,20.010000228881836,19.260000228881836,19.81999969482422,19.14164161682129,385800,266,0,1.3810765641966816,38.14898740591897
2019-07-16,19.31999969482422,20.31999969482422,19.110000610351562,20.09000015258789,19.402402877807617,1021000,267,1,3.9855096787084987,45.79439169038965
2019-07-17,20.09000015258789,20.270000457763672,19.530000686645508,19.829999923706055,19.15129852294922,934700,268,2,-1.2941773365210407,51.851840638768955
2019-07-18,20.149999618530273,20.625,20.030000686645508,20.3799991607666,19.682476043701172,7570500,269,3,1.1414369557844362,58.78219261789815
2019-07-19,20.43000030517578,20.969999313354492,20.399999618530273,20.639999389648438,19.933574676513672,1911000,270,4,1.0278956501995395,57.281530025906584
2019-07-22,20.649999618530273,21.229999542236328,20.559999465942383,20.6200008392334,19.914260864257812,5431800,271,0,-0.14527254165155323,65.92180616329355
2019-07-23,20.6299991607666,20.8799991607666,20.399999618530273,20.68000030517578,19.97220802307129,2838200,272,1,0.24237104432009993,57.04225115633082
2019-07-24,20.700000762939453,20.764999389648438,20.18000030517578,20.270000457763672,19.57624053955078,1436600,273,2,-2.0772960837066146,48.742138930624655
2019-07-25,20.239999771118164,20.6200008392334,20.110000610351562,20.209999084472656,19.518291473388672,821600,274,3,-0.14822473806703762,48.136632533806576
2019-07-26,20.260000228881836,20.43000030517578,20.09000015258789,20.34000015258789,19.643842697143555,1045100,275,4,0.3948663514426354,51.21951077680827
2019-07-29,20.440000534057617,20.860000610351562,20.440000534057617,20.700000762939453,19.99152374267578,1413500,276,0,1.2720167421161221,57.46479599704065
2019-07-30,20.690000534057617,21.34000015258789,20.68000030517578,21.219999313354492,20.493722915649414,1226600,277,1,2.561618006845623,61.57760530213759
2019-07-31,21.200000762939453,21.540000915527344,21.030000686645508,21.1200008392334,20.39714813232422,1328500,278,2,-0.3773581171086837,69.34098094564055
2019-08-01,21.18000030517578,21.299999237060547,20.6200008392334,20.6299991607666,19.92391586303711,1083300,279,3,-2.596794789822432,64.3617002388751
2019-08-02,20.610000610351562,21.149999618530273,20.610000610351562,21.049999237060547,20.32954216003418,2906800,280,4,2.1348792512310366,65.72889501581977
2019-08-05,20.93000030517578,20.93000030517578,20.219999313354492,20.40999984741211,19.71144676208496,1331800,281,0,-2.484474200581266,53.7383152580804
2019-08-06,20.5,20.889999389648438,20.360000610351562,20.829999923706055,20.11707305908203,831900,282,1,1.6097557253953898,61.26126474436795
2019-08-07,20.729999542236328,21.059999465942383,20.510000228881836,20.8799991607666,20.165361404418945,662400,283,2,0.7235871772435676,56.345179876593534
2019-08-08,20.649999618530273,21.190000534057617,20.31999969482422,21.139999389648438,20.416461944580078,691200,284,3,2.372880291380075,56.345179876593534
2019-08-09,21.049999237060547,21.200000762939453,20.864999771118164,21.190000534057617,20.464752197265625,618800,285,4,0.6650893210037978,57.178835258938115
2019-08-12,21.190000534057617,21.604999542236328,21.06999969482422,21.59000015258789,20.851062774658203,630200,286,0,1.8876810214675244,60.55683941368741
2019-08-13,21.690000534057617,21.93000030517578,21.469999313354492,21.850000381469727,21.102163314819336,1107400,287,1,0.737666406051396,68.99037568791755
2019-08-14,21.760000228881836,21.8799991607666,21.579999923706055,21.780000686645508,21.03455924987793,787200,288,2,0.09191386743243601,68.82495891424753
2019-08-15,21.790000915527344,22.100000381469727,21.670000076293945,21.90999984741211,21.160110473632812,1047600,289,3,0.5507064104768089,68.8249446548475
2019-08-16,21.979999542236328,22.290000915527344,21.799999237060547,22.110000610351562,21.35326385498047,657400,290,4,0.591451641595464,67.58105283786008
2019-08-19,22.219999313354492,22.459999084472656,21.969999313354492,22.06999969482422,21.314632415771484,437400,291,0,-0.6750658108262031,62.03966311799029
2019-08-20,22.25,22.270000457763672,21.84000015258789,21.979999542236328,21.227712631225586,727600,292,1,-1.2134852034322297,62.215882459719474
2019-08-21,22.040000915527344,22.079999923706055,21.81999969482422,21.940000534057617,21.1890811920166,611700,293,2,-0.45372222012601826,71.33552937317187
2019-08-22,21.850000381469727,22.040000915527344,21.799999237060547,21.989999771118164,21.237369537353516,522700,294,3,0.6407294608890002,67.40742467559164
2019-08-23,21.920000076293945,22.260000228881836,21.81999969482422,21.90999984741211,21.160110473632812,730700,295,4,-0.04562148196637361,85.04673896767845
2019-08-26,22.030000686645508,22.18000030517578,21.799999237060547,22.0,21.24703025817871,1039500,296,0,-0.136181051794948,82.32045363297333
2019-08-27,22.110000610351562,22.270000457763672,21.969999313354492,22.06999969482422,21.314632415771484,719500,297,1,-0.18091774953916673,82.51367714944129
2019-08-28,22.110000610351562,22.329999923706055,22.075000762939453,22.309999465942383,21.546419143676758,796200,298,2,0.904562867796499,82.32045363297333
2019-08-29,22.469999313354492,22.75,22.309999465942383,22.639999389648438,21.865123748779297,1055800,299,3,0.7565646706224394,84.68899696192874
2019-08-30,22.739999771118164,22.8700008392334,22.520000457763672,22.709999084472656,21.932727813720703,527400,300,4,-0.1319291422492097,81.81818181818181
2019-09-03,22.610000610351562,22.959999084472656,22.440000534057617,22.520000457763672,21.749231338500977,1156000,301,1,-0.3980546225491266,69.8225259439419
2019-09-04,22.68000030517578,23.059999465942383,22.68000030517578,22.889999389648438,22.1065673828125,803600,302,2,0.9259218767502908,77.88947131830646
2019-09-05,23.0,23.229999542236328,22.700000762939453,22.709999084472656,21.932727813720703,1455200,303,3,-1.2608735457710574,69.60785230368774
2019-09-06,22.709999084472656,23.06999969482422,22.56999969482422,22.639999389648438,21.865123748779297,1217200,304,4,-0.30823292666743995,63.87434241273113
2019-09-09,22.670000076293945,22.84000015258789,22.469999313354492,22.540000915527344,21.76854705810547,770800,305,0,-0.5734413777198966,61.929003799218464
2019-09-10,22.450000762939453,22.450000762939453,21.5,22.09000015258789,21.333948135375977,1176400,306,1,-1.6035661386072375,52.3605339934577
2019-09-11,22.049999237060547,22.489999771118164,21.934999465942383,22.40999984741211,21.642995834350586,616000,307,2,1.63265588574939,59.00383589754083
2019-09-12,22.690000534057617,22.8700008392334,22.360000610351562,22.56999969482422,21.797517776489258,3095700,308,3,-0.5288710286863063,60.661780947659324
2019-09-13,22.6299991607666,22.85099983215332,22.420000076293945,22.450000762939453,21.68162727355957,1073100,309,4,-0.7953972801696296,59.78264475146368
2019-09-16,22.579999923706055,22.7549991607666,22.389999389648438,22.40999984741211,21.642995834350586,959500,310,0,-0.7528789941025127,57.56458603424225
2019-09-17,22.3700008392334,22.940000534057617,22.350000381469727,22.739999771118164,21.961700439453125,640600,311,1,1.6539960572368173,61.279479659091415
2019-09-18,22.809999465942383,22.899999618530273,22.389999389648438,22.549999237060547,21.778202056884766,759500,312,2,-1.1398519726843581,54.10959038329265
2019-09-19,22.6200008392334,22.940000534057617,22.559999465942383,22.829999923706055,22.048622131347656,579900,313,3,0.9283778809964671,53.31011726551052
2019-09-20,22.8700008392334,23.25,22.8700008392334,23.190000534057617,22.39630126953125,5061400,314,4,1.3992115569810615,57.5949645963269
2019-09-23,23.190000534057617,23.610000610351562,23.139999389648438,23.239999771118164,22.444589614868164,1028200,315,0,0.21560688188477783,61.92052415481363
2019-09-24,23.299999237060547,23.540000915527344,23.25,23.489999771118164,22.686031341552734,890700,316,1,0.8154529625709506,60.3448355240441
2019-09-25,23.479999542236328,23.549999237060547,23.020000457763672,23.299999237060547,22.502532958984375,1093200,317,2,-0.7666111954218402,60.13746019802343
2019-09-26,23.329999923706055,23.384000778198242,23.030000686645508,23.229999542236328,22.4349308013916,745100,318,3,-0.4286342983144009,60.13746019802343
2019-09-27,23.040000915527344,23.1299991607666,22.309999465942383,22.520000457763672,21.957178115844727,711400,319,4,-2.256946341582944,49.71590262553008
2019-09-30,22.469999313354492,23.09000015258789,22.469999313354492,22.90999984741211,22.337430953979492,703700,320,0,1.9581688807445374,61.849709708076354
2019-10-01,22.920000076293945,23.209999084472656,22.559999465942383,23.030000686645508,22.45443344116211,713000,321,1,0.4799328533394487,59.50921465803172
2019-10-02,23.020000457763672,23.239999771118164,22.610000610351562,22.940000534057617,22.366680145263672,594200,322,2,-0.34752355393231626,55.799385223969935
2019-10-03,24.399999618530273,24.59000015258789,23.739999771118164,24.06999969482422,23.46843910217285,4541000,323,3,-1.3524587248576858,69.28569806676627
2019-10-04,24.010000228881836,24.450000762939453,24.010000228881836,24.1299991607666,23.526939392089844,1910800,324,4,0.4997873000451625,70.37914209975617
2019-10-07,24.079999923706055,24.5,24.020000457763672,24.139999389648438,23.53668975830078,2055800,325,0,0.2491672181581528,67.94871481369358
2019-10-08,24.059999465942383,24.43000030517578,23.920000076293945,24.229999542236328,23.624441146850586,1355400,326,1,0.7065672488255181,72.10527161151919
2019-10-09,24.25,24.489999771118164,24.110000610351562,24.219999313354492,23.61469078063965,1330700,327,2,-0.1237141717340573,69.68838343232098
2019-10-10,24.170000076293945,24.40999984741211,23.809999465942383,23.979999542236328,23.380687713623047,16078700,328,3,-0.7861006762841072,61.583570167259474
2019-10-11,24.0,24.06999969482422,23.75,23.790000915527344,23.195438385009766,2234500,329,4,-0.8749961853027344,57.74650081854869
2019-10-14,23.780000686645508,23.795000076293945,23.65999984741211,23.719999313354492,23.127185821533203,1145200,330,0,-0.2523186356538365,53.412457197837966
2019-10-15,23.770000457763672,23.93000030517578,23.6200008392334,23.75,23.156435012817383,1135700,331,1,-0.0841415960391334,57.00935967733118
2019-10-16,23.700000762939453,23.886999130249023,23.469999313354492,23.790000915527344,23.195438385009766,1138800,332,2,0.37974746704914075,58.80505219417047
2019-10-17,23.829999923706055,24.600000381469727,23.75,24.270000457763672,23.663440704345703,2363600,333,3,1.8464143326324844,79.66100927811722
2019-10-18,24.329999923706055,24.78499984741211,24.270000457763672,24.75,24.131444931030273,1047400,334,4,1.7262641907561882,80.26315129034606
2019-10-21,24.799999237060547,24.959999084472656,24.559999465942383,24.739999771118164,24.121694564819336,990600,335,0,-0.24193333785559323,79.18086870933051
2019-10-22,24.760000228881836,24.924999237060547,24.56999969482422,24.780000686645508,24.160694122314453,635100,336,1,0.08077729232143227,81.9444352462002
2019-10-23,24.75,24.790000915527344,24.334999084472656,24.610000610351562,23.994943618774414,589300,337,2,-0.565654099589652,64.06250931321613
2019-10-24,24.639999389648438,24.860000610351562,24.420000076293945,24.799999237060547,24.180194854736328,1422000,338,3,0.649350046166508,66.34145615287065
2019-10-25,24.84000015258789,24.979999542236328,24.700000762939453,24.959999084472656,24.336196899414062,1024200,339,4,0.4830874844912847,68.63635023763821
2019-10-28,24.950000762939453,25.350000381469727,24.829999923706055,25.299999237060547,24.66769790649414,898800,340,0,1.402799452579484,71.836721665761
2019-10-29,25.239999771118164,25.639999389648438,25.190000534057617,25.5,24.862699508666992,806200,341,1,1.03011185118691,74.24242533709119
2019-10-30,25.610000610351562,25.632999420166016,25.059999465942383,25.579999923706055,24.94070053100586,970500,342,2,-0.1171444198770577,82.25805335189408
2019-10-31,25.639999389648438,25.820999145507812,25.440000534057617,25.65999984741211,25.018701553344727,1065200,343,3,0.0780049073314304,89.45140853911751
2019-11-01,25.739999771118164,25.8799991607666,25.520000457763672,25.799999237060547,25.155200958251953,952900,344,4,0.233098160357037,92.62293992712992
2019-11-04,25.799999237060547,25.850000381469727,25.635000228881836,25.760000228881836,25.11620330810547,1514500,345,0,-0.15503492000594754,91.02043199520438
2019-11-05,25.780000686645508,25.799999237060547,24.510000228881836,24.959999084472656,24.336196899414062,2238800,346,1,-3.1807664093571053,68.22427574208362
2019-11-06,25.059999465942383,25.28499984741211,24.920000076293945,25.1200008392334,24.492198944091797,1170300,347,2,0.23943086420477044,64.70588235294117
2019-11-07,25.010000228881836,25.75,25.010000228881836,25.399999618530273,24.765199661254883,1114100,348,3,1.5593737947993347,62.08177489745344
2019-11-08,25.3799991607666,26.110000610351562,25.260000228881836,25.81999969482422,25.17470359802246,2063400,349,4,1.7336507037312598,67.41935146462822
2019-11-11,25.989999771118164,26.489999771118164,25.905000686645508,26.469999313354492,25.80845832824707,1683200,350,0,1.8468624334877282,72.77626743604982
2019-11-12,26.5,26.860000610351562,25.979999542236328,26.0,25.350204467773438,1066400,351,1,-1.8867924528301883,67.33167046709607
2019-11-13,25.969999313354492,26.899999618530273,25.940000534057617,26.510000228881836,25.847457885742188,2870600,352,2,2.0793258752596966,69.74597023038393
2019-11-14,26.579999923706055,26.829999923706055,26.329999923706055,26.540000915527344,25.876708984375,1000500,353,3,-0.15048535851588385,68.80954219099823
2019-11-15,26.579999923706055,26.959999084472656,26.489999771118164,26.760000228881836,26.091211318969727,3024700,354,4,0.6772020530189771,67.89216935199232
2019-11-18,26.770000457763672,27.100000381469727,26.600000381469727,26.760000228881836,26.091211318969727,943100,355,0,-0.0373561027674052,66.23711986361471
2019-11-19,26.770000457763672,26.89900016784668,26.520000457763672,26.59000015258789,25.925458908081055,626300,356,1,-0.6723955999170639,62.72040810541634
2019-11-20,26.600000381469727,26.799999237060547,26.170000076293945,26.239999771118164,25.584205627441406,2096600,357,2,-1.3533857337925004,56.83962211103019
2019-11-21,26.18000030517578,26.3799991607666,26.03499984741211,26.239999771118164,25.584205627441406,1491100,358,3,0.22918053950717887,55.36585967218728
2019-11-22,26.25,26.434999465942383,25.850000381469727,25.860000610351562,25.21370506286621,1511500,359,4,-1.4857119605654723,51.12613028650178
2019-11-25,25.979999542236328,26.25,25.6299991607666,25.649999618530273,25.00895118713379,1664000,360,0,-1.2702075809107094,58.96104500896454
2019-11-26,25.610000610351562,26.010000228881836,25.549999237060547,25.729999542236328,25.086952209472656,1522900,361,1,0.4685627841658935,58.090171585553726
2019-11-27,25.799999237060547,26.360000610351562,25.649999618530273,26.190000534057617,25.53545570373535,1338500,362,2,1.5116329787981275,60.00000965745957
2019-11-29,26.299999237060547,26.389999389648438,26.030000686645508,26.09000015258789,25.43795394897461,324400,363,4,-0.7984756295229767,53.7190134754404
2019-12-02,26.06999969482422,26.110000610351562,25.610000610351562,25.950000762939453,25.301454544067383,948700,364,0,-0.4602951027597779,41.666692138730234
2019-12-03,25.809999465942383,26.075000762939453,25.729999542236328,25.809999465942383,25.16495132446289,757500,365,1,0.0,46.59497595307517
2019-12-04,25.809999465942383,26.329999923706055,25.709999084472656,26.170000076293945,25.51595687866211,1023700,366,2,1.3948106075190037,43.56061098660378
2019-12-05,26.1299991607666,26.350000381469727,25.959999084472656,26.09000015258789,25.43795394897461,611400,367,3,-0.15307695929347442,41.635681142649695
2019-12-06,26.1200008392334,26.280000686645508,25.860000610351562,25.90999984741211,25.262453079223633,469100,368,4,-0.8039853946170572,33.96227773119374
2019-12-09,25.899999618530273,26.020000457763672,25.760000228881836,25.829999923706055,25.1844539642334,816100,369,0,-0.2702690959660803,32.96704832223392
2019-12-10,26.040000915527344,26.170000076293945,25.69499969482422,25.81999969482422,25.17470359802246,677000,370,1,-0.8448587287565812,35.01946680401538
2019-12-11,25.829999923706055,25.979999542236328,25.065000534057617,25.229999542236328,24.59944725036621,667400,371,2,-2.3228818553695074,32.028486659774885
2019-12-12,25.290000915527344,25.290000915527344,24.149999618530273,24.510000228881836,23.897443771362305,1509600,372,3,-3.084225616483116,25.49577519886661
2019-12-13,24.549999237060547,24.860000610351562,24.280000686645508,24.860000610351562,24.238697052001953,1521300,373,4,1.2627347573316294,35.71430128446167
2019-12-16,25.0,25.200000762939453,24.59000015258789,25.170000076293945,24.54094696044922,823100,374,0,0.6800003051757875,43.33334392970789
2019-12-17,25.200000762939453,25.360000610351562,24.510000228881836,24.65999984741211,24.04369354248047,1029200,375,1,-2.142860711026251,36.72457808812796
2019-12-18,24.450000762939453,24.75,24.309999465942383,24.68000030517578,24.063194274902344,754000,376,2,0.9406933949259955,28.96936821105146
2019-12-19,24.65999984741211,24.844999313354492,24.524999618530273,24.610000610351562,23.994943618774414,565700,377,3,-0.20275440944820255,29.213497593848487
2019-12-20,24.729999542236328,25.100000381469727,24.68000030517578,24.989999771118164,24.365446090698242,2428900,378,4,1.0513555749880998,37.36841180648448
2019-12-23,24.920000076293945,24.985000610351562,24.3700008392334,24.459999084472656,23.848690032958984,444600,379,0,-1.8459108764565468,33.890212298345716
2019-12-24,24.420000076293945,24.6299991607666,24.326000213623047,24.56999969482422,23.955942153930664,113000,380,1,0.6142490502114573,29.69542938333103
2019-12-26,24.68000030517578,24.729999542236328,24.440000534057617,24.649999618530273,24.033945083618164,287000,381,3,-0.12155869641223838,31.725884024505064
2019-12-27,24.770000457763672,24.934999465942383,24.559999465942383,24.559999465942383,23.946191787719727,1400700,382,4,-0.8478037462266941,32.46752925055077
2019-12-30,24.40999984741211,24.68000030517578,24.40999984741211,24.6200008392334,24.231618881225586,486700,383,0,0.8603072229988351,34.203674856475814
2019-12-31,24.670000076293945,24.989999771118164,24.65999984741211,24.809999465942383,24.418621063232422,701700,384,1,0.5674884037919714,37.40648165544534
2020-01-02,24.780000686645508,24.889999389648438,24.1299991607666,24.389999389648438,24.005247116088867,712000,385,3,-1.5738550693715325,39.06249844779577
2020-01-03,24.239999771118164,25.280000686645508,24.239999771118164,25.18000030517578,24.782785415649414,1618700,386,4,3.877890028603148,58.56777206657473
2020-01-06,25.079999923706055,25.770000457763672,24.8799991607666,25.56999969482422,25.1666316986084,966100,387,0,1.953747099715919,58.98732844730262
2020-01-07,25.459999084472656,25.639999389648438,24.920000076293945,25.149999618530273,24.753257751464844,703500,388,1,-1.217594175529424,49.75368902711159
2020-01-08,25.239999771118164,25.395000457763672,25.139999389648438,25.239999771118164,24.841838836669922,691600,389,2,0.0,57.96702908024433
2020-01-09,25.309999465942383,25.600000381469727,25.209999084472656,25.469999313354492,25.068208694458008,517100,390,3,0.6321606115693879,60.25972636237936
2020-01-10,25.530000686645508,25.739999771118164,25.40999984741211,25.559999465942383,25.156789779663086,6347700,391,4,0.11750402855479347,62.27388436146959
2020-01-13,25.579999923706055,26.079999923706055,25.489999771118164,25.979999542236328,25.57016372680664,1972100,392,0,1.5637201709276738,62.65983793885462
2020-01-14,26.040000915527344,26.040000915527344,25.559999465942383,25.68000030517578,25.274898529052734,1367500,393,1,-1.3824907745563775,66.57610216753568
2020-01-15,25.709999084472656,26.148000717163086,25.709999084472656,25.8700008392334,25.46190071105957,1337600,394,2,0.6223327905809706,67.28724820843667
2020-01-16,26.030000686645508,26.030000686645508,25.540000915527344,25.780000686645508,25.373319625854492,667000,395,3,-0.9604302474270021,64.98674974678306
2020-01-17,25.829999923706055,25.969999313354492,25.670000076293945,25.799999237060547,25.393003463745117,1342300,396,4,-0.11614667725172723,66.75675884662077
2020-01-21,25.84000015258789,26.739999771118164,25.760000228881836,26.559999465942383,26.141014099121094,1079400,397,1,2.7863750352276284,72.04545040760928
2020-01-22,26.670000076293945,27.299999237060547,26.280000686645508,26.350000381469727,25.934328079223633,1398100,398,2,-1.1998488710491473,67.42083205313651
2020-01-23,26.350000381469727,26.860000610351562,26.270000457763672,26.739999771118164,26.31817626953125,1173400,399,3,1.4800735635764894,76.76539554914076
2020-01-24,26.649999618530273,26.719999313354492,26.389999389648438,26.68000030517578,26.259122848510742,1240100,400,4,0.11257293461515161,70.49182549096041
2020-01-27,26.579999923706055,27.290000915527344,26.3700008392334,27.06999969482422,26.642969131469727,878400,401,0,1.8434904910633376,70.49182549096041
2020-01-28,27.209999084472656,27.68000030517578,27.200000762939453,27.540000915527344,27.10555648803711,993700,402,1,1.2127961858072966,82.21028457560432
2020-01-29,27.700000762939453,28.15999984741211,27.6200008392334,27.899999618530273,27.459877014160156,803900,403,2,0.7220175093222592,83.41711938290017
2020-01-30,27.84000015258789,28.100000381469727,27.676000595092773,28.020000457763672,27.577983856201172,476500,404,3,0.6465528167716172,82.94577655023946
2020-01-31,28.049999237060547,28.239999771118164,27.559999465942383,27.610000610351562,27.17445182800293,758200,405,4,-1.5686225977776247,74.46303997013791
2020-02-03,27.649999618530273,28.219999313354492,27.520000457763672,27.93000030517578,27.489404678344727,667500,406,0,1.01266072516637,73.83866147842502
2020-02-04,27.959999084472656,28.344999313354492,27.649999618530273,28.239999771118164,27.794513702392578,635000,407,1,1.0014331037693225,81.21953182460379
2020-02-05,28.25,28.350000381469727,27.8799991607666,28.25,27.80435562133789,579900,408,2,0.0,80.35716110348008
2020-02-06,28.299999237060547,28.780000686645508,28.049999237060547,28.6299991607666,28.178359985351562,624100,409,3,1.1660775003622614,83.84800090610489
2020-02-07,28.75,29.09000015258789,28.399999618530273,28.75,28.29646873474121,1242100,410,4,0.0,84.22276605537067
2020-02-10,28.969999313354492,29.299999237060547,28.75,29.170000076293945,28.709842681884766,487200,411,0,0.6903719975141831,82.87156568922592
2020-02-11,29.190000534057617,29.343000411987305,28.790000915527344,28.860000610351562,28.404733657836914,858300,412,1,-1.1305238700527798,80.8354004098693
2020-02-12,28.850000381469727,28.934999465942383,28.170000076293945,28.3700008392334,27.922462463378906,1292400,413,2,-1.6637765542097949,69.54438589750626
2020-02-13,28.40999984741211,28.81999969482422,28.329999923706055,28.440000534057617,27.99135971069336,1276900,414,3,0.10559903839013618,71.05264238613968
2020-02-14,28.420000076293945,28.44499969482422,27.100000381469727,27.18000030517578,26.751235961914062,1517400,415,4,-4.363123743101216,51.08911511851624
2020-02-18,27.200000762939453,27.209999084472656,26.3799991607666,26.950000762939453,26.524864196777344,1454700,416,1,-0.9191176212782648,43.86693916784042
2020-02-19,27.0,27.059999465942383,26.09000015258789,26.59000015258789,26.170541763305664,881000,417,2,-1.5185179533781845,36.382540422114936
2020-02-20,26.420000076293945,26.825000762939453,26.260000228881836,26.739999771118164,26.31817626953125,849600,418,3,1.2112024750194683,36.7768476165818
2020-02-21,26.8700008392334,26.979999542236328,26.440000534057617,26.579999923706055,26.16069984436035,1463100,419,4,-1.0792739355032221,38.77994465778038
2020-02-24,26.389999389648438,26.78499984741211,26.18000030517578,26.399999618530273,25.983539581298828,1009400,420,0,0.037894009523009586,32.808976627901046
2020-02-25,26.399999618530273,26.540000915527344,25.5,25.68000030517578,25.274898529052734,1306000,421,1,-2.7272701657507614,23.662549906025774
2020-02-26,25.6200008392334,25.645000457763672,24.65999984741211,24.760000228881836,24.36941146850586,1535200,422,2,-3.356754809447915,19.75736007015871
2020-02-27,24.5,24.530000686645508,22.600000381469727,22.610000610351562,22.253326416015625,2115900,423,3,-7.714283223054852,10.079579958265981
2020-02-28,22.059999465942383,22.959999084472656,21.549999237060547,22.90999984741211,22.548593521118164,2467800,424,4,3.853129655701082,12.176152105669118
2020-03-02,24.030000686645508,26.700000762939453,23.6299991607666,24.670000076293945,24.28083038330078,2826000,425,0,2.6633348787381106,25.16555622174765
2020-03-03,24.520000457763672,26.190000534057617,24.280000686645508,24.510000228881836,24.123353958129883,1736300,426,1,-0.040783966945934225,25.589217804921645
2020-03-04,24.93000030517578,25.059999465942383,24.049999237060547,24.969999313354492,24.57609748840332,942600,427,2,0.1604452775333831,30.85584134291132
2020-03-05,24.5,24.780000686645508,24.219999313354492,24.68000030517578,24.290672302246094,1936300,428,3,0.7346951231664622,29.34065028875382
2020-03-06,24.149999618530273,24.65999984741211,23.389999389648438,24.139999389648438,23.75918960571289,1131300,429,4,-0.041408815899779405,31.86156377147134
2020-03-09,22.979999542236328,22.979999542236328,21.149999618530273,21.290000915527344,20.954151153564453,1093100,430,0,-7.354215232262451,24.272719044327843
2020-03-10,21.760000228881836,22.540000915527344,21.190000534057617,22.520000457763672,22.16474723815918,1098000,431,1,3.4926480739329024,32.8559335760343
2020-03-11,21.940000534057617,22.309999465942383,21.139999389648438,21.6200008392334,21.27894401550293,1474700,432,2,-1.4585218187551097,29.714734893551167
2020-03-12,19.90999984741211,20.0,17.079999923706055,17.709999084472656,17.43062400817871,1749600,433,3,-11.049727673530885,22.907750606372687
2020-03-13,18.559999465942383,18.979999542236328,16.399999618530273,17.920000076293945,17.637311935424805,2561400,434,4,-3.4482726727597,24.146339250844534
2020-03-16,15.75,16.739999771118164,10.770000457763672,10.859999656677246,10.688682556152344,2179000,435,0,-31.047621227446054,17.41424490064152
2020-03-17,11.050000190734863,11.34000015258789,9.039999961853027,10.119999885559082,9.960356712341309,3815200,436,1,-8.416292209257714,17.553188588728062
2020-03-18,9.529999732971191,9.8149995803833,6.079999923706055,7.679999828338623,7.558847427368164,3404300,437,2,-19.412381494955078,17.330412543877117
2020-03-19,7.699999809265137,11.1899995803833,7.650000095367432,10.579999923706055,10.413100242614746,3301800,438,3,37.40259981533396,25.776031402528176
2020-03-20,10.579999923706055,13.675000190734863,10.3100004196167,12.6899995803833,12.489814758300781,4250900,439,4,19.94328612375016,26.78294408880852
2020-03-23,12.869999885559082,13.449999809265137,11.479999542236328,12.930000305175781,12.726029396057129,2444200,440,0,0.46620373077099764,27.62751183829309
2020-03-24,14.0600004196167,15.949999809265137,12.630000114440918,13.989999771118164,13.769307136535645,3635200,441,1,-0.4978708848462743,29.267372853841152
2020-03-25,14.319999694824219,15.670000076293945,13.430000305175781,13.819999694824219,13.601988792419434,2296400,442,2,-3.491620186142308,29.400607044780173
2020-03-26,13.9399995803833,15.25,13.449999809265137,15.119999885559082,14.881481170654297,2466900,443,3,8.464851798391049,33.37020791857704
2020-03-27,14.149999618530273,15.354999542236328,13.640000343322754,14.579999923706055,14.350000381469727,1404200,444,4,3.0388714965947417,36.47722619411372
2020-03-30,14.430000305175781,14.579999923706055,12.779999732971191,13.550000190734863,13.550000190734863,1261600,445,0,-6.0984067625090566,31.775702256476123
2020-03-31,13.350000381469727,13.460000038146973,12.369999885559082,13.0600004196167,13.0600004196167,1676200,446,1,-2.17228429637768,32.314050671311776
2020-04-01,12.260000228881836,12.289999961853027,10.579999923706055,10.829999923706055,10.829999923706055,1247300,447,2,-11.663950069160833,34.72469198587122
2020-04-02,10.819999694824219,11.329999923706055,10.229999542236328,10.529999732971191,10.529999732971191,1113800,448,3,-2.6802215344955083,33.65767327768363
2020-04-03,10.390000343322754,10.8100004196167,9.579999923706055,10.100000381469727,10.100000381469727,1794800,449,4,-2.791144872669793,47.622029734109866
2020-04-06,10.619999885559082,11.539999961853027,10.34000015258789,10.579999923706055,10.579999923706055,1665700,450,0,-0.37664747913432883,51.463104510940376
2020-04-07,11.430000305175781,12.670000076293945,10.869999885559082,11.09000015258789,11.09000015258789,2260200,451,1,-2.974629427034492,62.364033544579
2020-04-08,11.520000457763672,12.130000114440918,10.529999732971191,11.760000228881836,11.760000228881836,1401100,452,2,2.0833312637276835,55.10380778412773
2020-04-09,12.300000190734863,14.369999885559082,12.020000457763672,12.880000114440918,12.880000114440918,2441100,453,3,4.715446461073602,50.89877265630695
2020-04-13,12.869999885559082,13.109999656677246,11.600000381469727,11.670000076293945,11.670000076293945,945400,454,0,-9.324007924907674,44.540726442052375
2020-04-14,11.949999809265137,12.539999961853027,11.449999809265137,11.859999656677246,11.859999656677246,1027200,455,1,-0.7531393642208339,40.01874278543532
2020-04-15,11.329999923706055,11.59000015258789,10.414999961853027,10.890000343322754,10.890000343322754,1348300,456,2,-3.883491468192146,37.2275511311269
2020-04-16,10.4399995803833,11.109999656677246,10.114999771118164,10.170000076293945,10.170000076293945,1156000,457,3,-2.586202250397429,27.27272488436151
2020-04-17,10.609999656677246,11.430000305175781,10.104999542236328,11.220000267028809,11.220000267028809,1854000,458,4,5.749299058343205,35.2631576745904
2020-04-20,10.920000076293945,11.15999984741211,10.539999961853027,10.890000343322754,10.890000343322754,860900,459,0,-0.2747228274871283,37.570092841541566
2020-04-21,10.40999984741211,10.920000076293945,9.930000305175781,10.140000343322754,10.140000343322754,1716200,460,1,-2.59365521658943,36.67883065596788
2020-04-22,10.449999809265137,10.600000381469727,9.829999923706055,10.010000228881836,10.010000228881836,1500500,461,2,-4.210522377169712,45.37246154140917
2020-04-23,10.069999694824219,10.649999618530273,9.779999732971191,10.300000190734863,10.300000190734863,2170800,462,3,2.2840169104360486,48.700567333944264
2020-04-24,10.319999694824219,10.899999618530273,10.180000305175781,10.789999961853027,10.789999961853027,985300,463,4,4.554266288055486,53.87205199805497
2020-04-27,11.710000038146973,12.029999732971191,11.319999694824219,11.579999923706055,11.579999923706055,1901100,464,0,-1.1101632281590446,55.42299389627705
2020-04-28,12.399999618530273,13.119999885559082,12.119999885559082,12.680000305175781,12.680000305175781,2852800,465,1,2.2580701230593636,58.103976754065755
2020-04-29,13.5,14.869999885559082,13.1899995803833,14.539999961853027,14.539999961853027,2478300,466,2,7.703703421133534,62.63636351813953
2020-04-30,13.979999542236328,14.920000076293945,13.65999984741211,14.6899995803833,14.6899995803833,2746600,467,3,5.078684273214185,59.0229296422171
2020-05-01,13.9399995803833,14.239999771118164,13.0600004196167,13.279999732971191,13.279999732971191,1294200,468,4,-4.734575805446051,57.86901211539442
2020-05-04,13.0,13.220000267028809,11.970000267028809,12.640000343322754,12.640000343322754,1071700,469,0,-2.769228128286505,53.65168915570343
2020-05-05,13.010000228881836,13.5,12.270000457763672,12.34000015258789,12.34000015258789,1029800,470,1,-5.149885199898485,57.24275681446079
2020-05-06,12.350000381469727,13.09000015258789,12.350000381469727,12.630000114440918,12.630000114440918,600200,471,2,2.2672042455262664,62.8392500137128
2020-05-07,12.829999923706055,13.404999732971191,12.725000381469727,13.229999542236328,13.229999542236328,1048700,472,3,3.117689952524416,61.00766522410776
2020-05-08,13.520000457763672,13.8100004196167,13.149999618530273,13.319999694824219,13.319999694824219,1244800,473,4,-1.4792955337853186,63.66704037690417
2020-05-11,13.380000114440918,13.5,12.729999542236328,13.079999923706055,13.079999923706055,885300,474,0,-2.2421538727124157,67.5417673591808
2020-05-12,13.15999984741211,13.25,12.0600004196167,12.09000015258789,12.09000015258789,984600,475,1,-8.130696863455,61.255413444746736
2020-05-13,11.819999694824219,12.0,10.90999984741211,11.380000114440918,11.380000114440918,1208400,476,2,-3.7225007761715,55.59006290895212
2020-05-14,10.850000381469727,11.720000267028809,10.460000038146973,11.6899995803833,11.6899995803833,1540300,477,3,7.7419278283913595,54.746834615328126
2020-05-15,11.680000305175781,11.819999694824219,11.300000190734863,11.739999771118164,11.739999771118164,1402100,478,4,0.5136940443040583,50.9153311585771
