Date,Open,High,Low,Close,Adj Close,Volume,Count,Week Day,Change,RSI
2015-05-19,34.810001373291016,35.2400016784668,34.65999984741211,35.130001068115234,30.508607864379883,119600,0,1,0.919275157138455,27.59000015258789
2015-05-20,35.2400016784668,35.4900016784668,35.0,35.349998474121094,30.699668884277344,104400,1,2,0.31213618165493173,27.59000015258789
2015-05-21,35.220001220703125,35.40999984741211,34.900001525878906,34.9900016784668,30.38703155517578,120400,2,3,-0.6530367242041146,27.59000015258789
2015-05-22,34.97999954223633,35.15999984741211,34.45000076293945,34.459999084472656,29.92674446105957,67800,3,4,-1.4865650788125406,27.59000015258789
2015-05-26,34.43000030517578,34.43000030517578,34.02000045776367,34.38999938964844,29.865955352783203,133600,4,1,-0.11618041002843249,27.59000015258789
2015-05-27,34.58000183105469,34.88999938964844,34.25,34.869998931884766,30.28281021118164,120100,5,2,0.8386266208049831,27.59000015258789
2015-05-28,34.79999923706055,34.95000076293945,34.59000015258789,34.93000030517578,30.334915161132812,106600,6,3,0.3735662958773478,27.59000015258789
2015-05-29,34.790000915527344,35.130001068115234,34.2599983215332,34.41999816894531,29.89200782775879,75200,7,4,-1.0635318679077521,27.59000015258789
2015-06-01,34.599998474121094,34.630001068115234,34.130001068115234,34.47999954223633,29.944110870361328,93500,8,0,-0.3468177375051562,27.59000015258789
2015-06-02,34.29999923706055,34.970001220703125,34.22999954223633,34.70000076293945,30.135175704956055,188800,9,1,1.1661852325836497,27.59000015258789
2015-06-03,34.900001525878906,35.41999816894531,34.689998626708984,35.31999969482422,30.673614501953125,93000,10,2,1.2034330962245932,27.59000015258789
2015-06-04,35.08000183105469,35.189998626708984,34.130001068115234,34.16999816894531,29.674894332885742,138100,11,3,-2.594080999459336,27.59000015258789
2015-06-05,34.349998474121094,34.349998474121094,33.95000076293945,34.220001220703125,29.71831703186035,113400,12,4,-0.3784490806190477,27.59000015258789
2015-06-08,34.18000030517578,34.209999084472656,33.90999984741211,34.11000061035156,29.62278938293457,131100,13,0,-0.20479723288246987,27.59000015258789
2015-06-09,34.04999923706055,34.34000015258789,33.84000015258789,34.220001220703125,29.71831703186035,64900,14,1,0.4992716224720084,40.00001676787476
2015-06-10,34.34000015258789,35.20000076293945,34.20000076293945,35.11000061035156,30.715633392333984,121000,15,2,2.2422843749045462,47.70117378474328
2015-06-11,35.02000045776367,35.09000015258789,34.90999984741211,35.08000183105469,30.68939971923828,46300,16,3,0.17133458739779783,50.920244920184075
2015-06-12,34.95000076293945,35.13999938964844,34.77000045776367,35.119998931884766,30.724384307861328,67100,17,4,0.48640390624992147,57.49998916280501
2015-06-15,34.970001220703125,34.970001220703125,34.349998474121094,34.470001220703125,30.15574073791504,104700,18,0,-1.4297969189202897,50.80323069404463
2015-06-16,34.47999954223633,35.369998931884766,34.36000061035156,35.369998931884766,30.943098068237305,151300,19,1,2.581204760627198,54.62962832143478
2015-06-17,35.54999923706055,35.70000076293945,35.290000915527344,35.41999816894531,30.986833572387695,158700,20,2,-0.3656851502255698,54.54543524356031
2015-06-18,35.68000030517578,36.29999923706055,35.560001373291016,36.0099983215332,31.502988815307617,150400,21,3,0.9248823249296656,64.5338291279821
2015-06-19,35.95000076293945,36.209999084472656,35.77000045776367,36.0099983215332,31.502988815307617,244700,22,4,0.16689167543941785,64.14047967914212
2015-06-22,36.099998474121094,36.54999923706055,36.099998474121094,36.369998931884766,31.81793212890625,79300,23,0,0.7479237373298586,65.04504095819775
2015-06-23,36.36000061035156,36.79999923706055,36.349998474121094,36.58000183105469,32.00164794921875,120600,24,1,0.6050638531631236,62.25683157441629
2015-06-24,36.5099983215332,36.72999954223633,36.459999084472656,36.470001220703125,31.90542221069336,100100,25,2,-0.10955108920530643,78.04882814317216
2015-06-25,36.65999984741211,36.77000045776367,36.09000015258789,36.54999923706055,31.975399017333984,153000,26,3,-0.30005622152049494,78.20825324457606
2015-06-26,36.68000030517578,37.11000061035156,36.619998931884766,37.040000915527344,32.40407943725586,205800,27,4,0.9814629426291521,82.48341323625439
2015-06-29,36.65999984741211,36.869998931884766,36.0,36.11000061035156,31.590473175048828,115000,28,0,-1.5002707019906691,67.7298447065829
2015-06-30,36.540000915527344,36.66999816894531,36.25,36.380001068115234,31.82668685913086,150900,29,1,-0.437875871382698,63.481971690220355
2015-07-01,36.939998626708984,37.2400016784668,36.58000183105469,37.0099983215332,32.3778190612793,145600,30,2,0.18949566168529053,68.17324636866974
2015-07-02,37.13999938964844,37.189998626708984,36.72999954223633,37.02000045776367,32.38658142089844,97200,31,3,-0.323098906453434,67.99244285177585
2015-07-06,36.720001220703125,37.20000076293945,36.709999084472656,36.9900016784668,32.36033248901367,170800,32,0,0.7352953398363171,77.03863240642735
2015-07-07,36.84000015258789,37.25,36.63999938964844,37.11000061035156,32.465309143066406,168500,33,1,0.7329002623380987,72.42269586941154
2015-07-08,36.66999816894531,37.189998626708984,36.2400016784668,36.4900016784668,31.922914505004883,186500,34,2,-0.49085492082447946,62.02250928171406
2015-07-09,37.08000183105469,37.08000183105469,36.47999954223633,36.529998779296875,31.957904815673828,148600,35,3,-1.4832875528533074,56.66667644794745
2015-07-10,37.16999816894531,37.36000061035156,36.810001373291016,37.20000076293945,32.544063568115234,91600,36,4,0.08071723290856703,63.01972123492694
2015-07-13,37.189998626708984,37.59000015258789,37.13999938964844,37.16999816894531,32.51780319213867,110300,37,0,-0.053779130148468024,59.433949532654786
2015-07-14,37.119998931884766,37.36000061035156,37.08000183105469,37.189998626708984,32.53530502319336,169500,38,1,0.18857676950010394,57.530826056365214
2015-07-15,37.279998779296875,37.65999984741211,36.9900016784668,37.5099983215332,32.81525421142578,101000,39,2,0.6169515819943072,62.206543551592006
2015-07-16,37.75,38.0099983215332,37.68000030517578,37.7400016784668,33.01646423339844,101100,40,3,-0.026485619955507467,63.492079968444436
2015-07-17,37.619998931884766,37.77000045776367,37.119998931884766,37.349998474121094,32.67528533935547,99900,41,4,-0.7177045864688592,53.596255051591285
2015-07-20,37.380001068115234,37.400001525878906,36.9900016784668,37.09000015258789,32.447818756103516,81300,42,0,-0.77581837143047,63.461520323200986
2015-07-21,37.029998779296875,37.599998474121094,36.91999816894531,37.119998931884766,32.474063873291016,56700,43,1,0.24304659885165947,60.88231664217034
2015-07-22,36.93000030517578,37.2599983215332,36.810001373291016,37.0,32.36908721923828,85200,44,2,0.1895469651929771,49.82701885039143
2015-07-23,36.9900016784668,36.9900016784668,36.22999954223633,36.36000061035156,31.809188842773438,108500,45,3,-1.7031658273267358,40.62500338662711
2015-07-24,36.439998626708984,37.22999954223633,36.40999984741211,36.970001220703125,32.342838287353516,288000,46,4,1.4544528374533794,49.756092114652986
2015-07-27,36.7599983215332,37.099998474121094,36.58000183105469,37.0,32.36908721923828,117000,47,0,0.6528881649219498,48.62842204798716
2015-07-28,37.34000015258789,37.34000015258789,36.709999084472656,36.970001220703125,32.342838287353516,160900,48,1,-0.9908916185666472,57.01753309694122
2015-07-29,36.029998779296875,36.119998931884766,34.18000030517578,35.43000030517578,30.995574951171875,206400,49,2,-1.6652747556179737,38.821166892808684
2015-07-30,34.959999084472656,35.29999923706055,34.75,35.04999923706055,30.66314125061035,175500,50,3,0.2574375141441765,26.781865459147355
2015-07-31,35.060001373291016,35.380001068115234,34.97999954223633,35.2400016784668,30.829374313354492,142800,51,4,0.5134064407450456,29.853918741453782
2015-08-03,35.13999938964844,35.34000015258789,35.040000915527344,35.18000030517578,30.776866912841797,134300,52,0,0.11383300006295727,29.192588280916183
2015-08-04,35.02000045776367,35.310001373291016,34.70000076293945,35.04999923706055,30.66314125061035,86200,53,1,0.08566184724370096,23.491429276112953
2015-08-05,35.029998779296875,35.2599983215332,34.90999984741211,35.02000045776367,30.63690185546875,109200,54,2,-0.028542169230993952,19.369372465461538
2015-08-06,35.119998931884766,35.130001068115234,34.68000030517578,34.880001068115234,30.51442527770996,106600,55,3,-0.6833652365280773,20.52508095992016
2015-08-07,34.650001525878906,34.77000045776367,34.45000076293945,34.72999954223633,30.383197784423828,84600,56,4,0.2308744959150344,21.07843687239844
2015-08-10,35.0099983215332,35.189998626708984,34.61000061035156,34.720001220703125,30.37445068359375,125400,57,0,-0.8283265202321144,20.443387938607827
2015-08-11,34.4900016784668,34.630001068115234,34.27000045776367,34.58000183105469,30.251968383789062,75700,58,1,0.26094563122065484,20.343173003923155
2015-08-12,34.2400016784668,34.2400016784668,33.689998626708984,34.09000015258789,29.82329750061035,97000,59,2,-0.4380885470961937,21.119617327055096
2015-08-13,34.02000045776367,34.33000183105469,33.86000061035156,34.02000045776367,29.76205825805664,66700,60,3,0.0,6.489705390871066
2015-08-14,34.029998779296875,34.459999084472656,34.029998779296875,34.33000183105469,30.03325653076172,57700,61,4,0.8815840802801622,13.624060619289665
2015-08-17,34.15999984741211,34.369998931884766,34.0,34.34000015258789,30.04201316833496,41000,62,0,0.526932980034589,13.972640822217599
2015-08-18,34.209999084472656,34.290000915527344,33.779998779296875,34.0099983215332,29.753307342529297,64600,63,1,-0.5846266246473886,20.901673303284852
2015-08-19,33.83000183105469,33.83000183105469,33.15999984741211,33.5099983215332,29.31589126586914,104200,64,2,-0.9459163233852763,19.92191807358178
2015-08-20,33.34000015258789,33.5,33.150001525878906,33.22999954223633,29.070938110351562,128500,65,3,-0.3299358423758836,12.075453228959432
2015-08-21,32.59000015258789,33.20000076293945,31.5,32.63999938964844,28.55478286743164,205200,66,4,0.15341895313423226,10.062882519331396
2015-08-24,31.3799991607666,31.84000015258789,30.780000686645508,31.84000015258789,27.854909896850586,244500,67,0,1.465905048195193,8.311683679232374
2015-08-25,32.599998474121094,32.869998931884766,31.84000015258789,31.8700008392334,27.881155014038086,214800,68,1,-2.23925665354614,9.09091809845782
2015-08-26,32.40999984741211,32.63999938964844,31.959999084472656,32.529998779296875,28.458547592163086,139800,69,2,0.37025279990658966,23.11209538665939
2015-08-27,32.66999816894531,33.2400016784668,32.40999984741211,33.189998626708984,29.035945892333984,190500,70,3,1.5916758093300398,34.2212932143689
2015-08-28,33.09000015258789,33.279998779296875,32.75,33.27000045776367,29.105932235717773,123000,71,4,0.5439719079653793,35.35352990452469
2015-08-31,33.060001373291016,33.290000915527344,32.90999984741211,33.220001220703125,29.06218910217285,134600,72,0,0.48396806039268103,36.00822593051914
2015-09-01,32.619998931884766,33.16999816894531,32.619998931884766,32.7599983215332,28.659757614135742,181600,73,1,0.4291826923133124,36.231870322456324
2015-09-02,33.099998474121094,33.150001525878906,32.630001068115234,32.810001373291016,28.703506469726562,215900,74,2,-0.8761242120805868,37.42206050531599
2015-09-03,32.84000015258789,33.02000045776367,32.540000915527344,32.59000015258789,28.51104164123535,156700,75,3,-0.7612667443313015,31.56779849368111
2015-09-04,32.11000061035156,32.45000076293945,31.8700008392334,32.15999984741211,28.134857177734375,103900,76,4,0.15571235163549524,28.793800309034594
2015-09-08,32.599998474121094,33.119998931884766,32.470001220703125,33.08000183105469,28.939716339111328,106600,77,1,1.472403004296563,41.884857534883125
2015-09-09,33.27000045776367,33.45000076293945,32.77000045776367,32.79999923706055,28.694753646850586,128000,78,2,-1.4126877494329837,43.55718851078914
2015-09-10,32.79999923706055,33.16999816894531,32.58000183105469,32.88999938964844,28.77349090576172,82100,79,3,0.2743907154918457,46.804516534742
2015-09-11,32.689998626708984,33.349998474121094,32.689998626708984,33.34000015258789,29.16716766357422,67700,80,4,1.9883804013005602,56.756748795390564
2015-09-14,33.13999938964844,33.34000015258789,32.650001525878906,33.18000030517578,29.246503829956055,90700,81,0,0.1207028251781983,64.75767075555167
2015-09-15,33.2400016784668,33.34000015258789,33.0099983215332,33.25,29.30820083618164,59500,82,1,0.03007918480244509,65.06545562822619
2015-09-16,33.27000045776367,33.31999969482422,33.11000061035156,33.2599983215332,29.317012786865234,110500,83,2,-0.030063528983614862,59.28749821641596
2015-09-17,33.220001220703125,33.77000045776367,33.220001220703125,33.5,29.528562545776367,159100,84,3,0.8428620379531404,54.41595689300087
2015-09-18,33.119998931884766,33.43000030517578,32.90999984741211,33.13999938964844,29.211246490478516,236700,85,4,0.06038785751414366,48.28495192389955
2015-09-21,33.31999969482422,33.90999984741211,33.31999969482422,33.540000915527344,29.56382179260254,84500,86,0,0.6602677752644226,53.86471693940734
2015-09-22,33.2400016784668,33.43000030517578,33.16999816894531,33.369998931884766,29.413970947265625,86600,87,1,0.39108678355508353,57.922057590824146
2015-09-23,33.5,33.68000030517578,33.34000015258789,33.45000076293945,29.48448944091797,100500,88,2,-0.1492514539120804,58.24738821891573
2015-09-24,33.25,33.95000076293945,33.25,33.880001068115234,29.863515853881836,258800,89,3,1.8947400544819137,65.77013762717175
2015-09-25,34.0,34.849998474121094,33.84000015258789,34.54999923706055,30.454086303710938,310000,90,4,1.6176448148839562,77.59808507901604
2015-09-28,34.459999084472656,34.56999969482422,34.040000915527344,34.060001373291016,30.022180557250977,172400,91,0,-1.1607594945116428,62.564079490357145
2015-09-29,34.099998474121094,34.16999816894531,33.25,33.40999984741211,29.449230194091797,167100,92,1,-2.023456473854779,57.14285714285714
2015-09-30,33.61000061035156,33.61000061035156,32.849998474121094,33.220001220703125,29.281757354736328,204300,93,2,-1.1603671007620275,53.7757622842777
2015-10-01,33.15999984741211,33.15999984741211,32.4900016784668,32.939998626708984,29.034950256347656,164300,94,3,-0.6634536239911837,45.238082262948616
2015-10-02,32.650001525878906,33.029998779296875,32.279998779296875,32.88999938964844,28.99087905883789,157500,95,4,0.735062335538661,46.45475997276551
2015-10-05,33.119998931884766,34.060001373291016,33.119998931884766,34.0,29.96929168701172,76500,96,0,2.6570081415916214,57.30993456276027
2015-10-06,33.97999954223633,34.36000061035156,33.810001373291016,33.88999938964844,29.872331619262695,96100,97,1,-0.2648621359633063,56.022946503138186
2015-10-07,34.2599983215332,34.810001373291016,34.08000183105469,34.79999923706055,30.67444610595703,194800,98,2,1.5761848861152394,61.01693271462017
2015-10-08,34.720001220703125,35.52000045776367,34.529998779296875,35.470001220703125,31.26502227783203,146200,99,3,2.160138172900705,68.76005887281653
2015-10-09,35.4900016784668,35.58000183105469,34.619998931884766,34.689998626708984,30.577484130859375,134700,100,4,-2.254164592624419,58.72531375703244
2015-10-12,34.650001525878906,35.310001373291016,34.650001525878906,35.189998626708984,31.01821517944336,89400,101,0,1.558433122800218,63.15027579356111
2015-10-13,35.040000915527344,35.290000915527344,34.45000076293945,34.4900016784668,30.401199340820312,120200,102,1,-1.5696324848462728,56.89655695787542
2015-10-14,34.43000030517578,34.84000015258789,34.04999923706055,34.13999938964844,30.092693328857422,113100,103,2,-0.8422913533455589,51.74261541883672
2015-10-15,34.290000915527344,34.630001068115234,34.0099983215332,34.599998474121094,30.498157501220703,122800,104,3,0.9040465159432909,50.34482214312211
2015-10-16,34.720001220703125,34.7599983215332,34.29999923706055,34.720001220703125,30.60393714904785,123000,105,4,0.0,54.79650445537225
2015-10-19,34.66999816894531,35.029998779296875,34.47999954223633,35.0,30.850744247436523,94900,106,0,0.9518368863090432,62.21197157555057
2015-10-20,35.0,35.439998626708984,34.959999084472656,35.38999938964844,31.19450569152832,73600,107,1,1.1142839704241014,66.16986585468462
2015-10-21,35.38999938964844,35.58000183105469,34.79999923706055,34.81999969482422,30.69208335876465,91000,108,2,-1.61062363564477,63.42857173997512
2015-10-22,35.0,35.29999923706055,34.86000061035156,35.09000015258789,30.93006706237793,144500,109,3,0.257143293108264,65.23545172165832
2015-10-23,35.18000030517578,35.31999969482422,35.08000183105469,35.27000045776367,31.088727951049805,139300,110,4,0.25582760604652144,60.0953855540131
2015-10-26,35.15999984741211,35.61000061035156,35.15999984741211,35.529998779296875,31.317909240722656,110400,111,0,1.052329162373411,62.7329096888535
2015-10-27,35.290000915527344,35.38999938964844,34.91999816894531,35.09000015258789,30.93006706237793,157900,112,1,-0.5667349327028615,52.428817891373804
2015-10-28,35.119998931884766,36.72999954223633,35.11000061035156,36.41999816894531,32.10240173339844,195900,113,2,3.70159247322841,57.164384176422054
2015-10-29,33.709999084472656,34.29999923706055,32.279998779296875,34.18000030517578,30.127946853637695,225100,114,3,1.3942486902042583,46.8479679055878
2015-10-30,33.790000915527344,34.90999984741211,33.790000915527344,34.2400016784668,30.18084144592285,212900,115,4,1.3317571788897586,43.790864665403404
2015-11-02,34.27000045776367,34.869998931884766,34.0099983215332,34.560001373291016,30.462900161743164,210700,116,0,0.8462238449187032,50.48142865988102
2015-11-03,34.41999816894531,34.470001220703125,34.060001373291016,34.18000030517578,30.127946853637695,95300,117,1,-0.6972628603625686,50.27397904527997
2015-11-04,34.2400016784668,34.2599983215332,33.79999923706055,33.880001068115234,29.863515853881836,74900,118,2,-1.0514036001872173,44.95799823369791
2015-11-05,33.849998474121094,34.31999969482422,33.72999954223633,34.130001068115234,30.083879470825195,144300,119,3,0.8271864301802268,45.94222328331895
2015-11-06,34.11000061035156,34.83000183105469,33.880001068115234,34.52000045776367,30.42764663696289,232900,120,4,1.201993081429853,46.74796768979557
2015-11-09,34.560001373291016,34.59000015258789,34.209999084472656,34.2400016784668,30.18084144592285,186900,121,0,-0.9259250061012025,42.09079198335594
2015-11-10,33.959999084472656,34.540000915527344,33.959999084472656,34.34000015258789,30.268985748291016,111700,122,1,1.1189666618365068,46.47058724531956
2015-11-11,34.54999923706055,34.72999954223633,34.11000061035156,34.15999984741211,30.110326766967773,74600,123,2,-1.1287971006091913,43.07003361031141
2015-11-12,34.08000183105469,34.54999923706055,33.43000030517578,33.45000076293945,29.48448944091797,59900,124,3,-1.848594584115193,37.43092438037431
2015-11-13,33.220001220703125,33.66999816894531,33.220001220703125,33.279998779296875,29.334646224975586,100400,125,4,0.18060673205622102,34.26572083434702
2015-11-16,33.290000915527344,33.459999084472656,33.130001068115234,33.34000015258789,29.387531280517578,149900,126,0,0.15019295790172915,37.07532593984157
2015-11-17,33.459999084472656,33.54999923706055,33.16999816894531,33.220001220703125,29.281757354736328,96400,127,1,-0.7172679926369274,21.223036390581257
2015-11-18,33.29999923706055,33.45000076293945,33.099998474121094,33.310001373291016,29.3610897064209,141800,128,2,0.030036445824710434,37.24341685022335
2015-11-19,33.380001068115234,33.630001068115234,33.310001373291016,33.459999084472656,29.49330711364746,119700,129,3,0.2396585194655243,38.857093655279606
2015-11-20,33.65999984741211,34.720001220703125,33.63999938964844,34.349998474121094,30.277799606323242,266200,130,4,2.049906802842827,47.42010919230499
2015-11-23,34.33000183105469,34.650001525878906,34.18000030517578,34.34000015258789,30.268985748291016,200400,131,0,0.029124150888204525,52.16216411270493
2015-11-24,34.33000183105469,34.41999816894531,34.02000045776367,34.38999938964844,30.31305694580078,261200,132,1,0.17476712902320113,57.39129473294302
2015-11-25,34.40999984741211,34.61000061035156,34.279998779296875,34.599998474121094,30.498157501220703,166400,133,2,0.5521610797777354,56.89147329314281
2015-11-27,34.54999923706055,35.09000015258789,34.5099983215332,35.08000183105469,30.9212646484375,58300,134,4,1.5340162248849598,58.000028337782005
2015-11-30,35.099998474121094,35.209999084472656,34.849998474121094,34.93000030517578,30.789039611816406,204400,135,0,-0.48432528870521185,60.23737159351388
2015-12-01,35.0099983215332,35.31999969482422,35.0099983215332,35.20000076293945,31.02703094482422,132000,136,1,0.5427090845913751,62.146898134678175
2015-12-02,35.209999084472656,35.36000061035156,34.849998474121094,34.97999954223633,30.833106994628906,84900,137,2,-0.6532222329359683,61.45250384666203
2015-12-03,35.130001068115234,35.220001220703125,34.52000045776367,34.720001220703125,30.60393714904785,101800,138,3,-1.1670931823120068,70.2875403254801
2015-12-04,34.709999084472656,35.25,34.70000076293945,35.060001373291016,30.903623580932617,116800,139,4,1.0083615616542252,76.96974250787504
2015-12-07,34.939998626708984,35.099998474121094,34.45000076293945,34.619998931884766,30.51578712463379,88100,140,0,-0.9158549152878392,67.39128631995771
2015-12-08,34.279998779296875,34.54999923706055,34.08000183105469,34.08000183105469,30.03980827331543,78800,141,1,-0.5834216900934441,60.487816224564796
2015-12-09,33.97999954223633,34.36000061035156,33.529998779296875,33.61000061035156,29.62552261352539,112800,142,2,-1.0888726806039695,53.34820611288269
2015-12-10,33.47999954223633,33.810001373291016,33.349998474121094,33.66999816894531,29.678409576416016,251900,143,3,0.5674988927920843,52.3917894495365
2015-12-11,33.08000183105469,33.59000015258789,32.75,33.150001525878906,29.220062255859375,307400,144,4,0.21160728823934605,35.07465235932581
2015-12-14,33.220001220703125,33.40999984741211,32.939998626708984,33.06999969482422,29.149547576904297,152800,145,0,-0.45153979640862874,34.47432261145397
2015-12-15,33.2400016784668,33.77000045776367,33.150001525878906,33.59000015258789,29.607898712158203,151600,146,1,1.0529436114554258,41.22808118275657
2015-12-16,33.720001220703125,33.86000061035156,33.20000076293945,33.72999954223633,29.731290817260742,103900,147,2,0.029651011777143133,40.31181952495567
2015-12-17,33.540000915527344,33.880001068115234,33.2599983215332,33.2599983215332,29.535932540893555,103300,148,3,-0.8348318018814194,29.687458755710338
2015-12-18,33.040000915527344,33.13999938964844,32.38999938964844,32.41999816894531,28.789981842041016,369200,149,4,-1.8765215780931044,25.725309234079347
2015-12-21,32.75,33.16999816894531,32.54999923706055,33.150001525878906,29.43824577331543,119400,150,0,1.2213787049737634,31.793971153305407
2015-12-22,33.220001220703125,33.38999938964844,32.7599983215332,33.2599983215332,29.535932540893555,123100,151,1,0.1204006603261476,34.42026932331929
2015-12-23,33.41999816894531,33.599998474121094,33.31999969482422,33.459999084472656,29.713537216186523,130500,152,2,0.11969155511359908,38.46151696422707
2015-12-24,33.5099983215332,33.93000030517578,33.5099983215332,33.75,29.971071243286133,40800,153,3,0.7162091629010048,37.89277809390643
2015-12-28,33.560001373291016,33.77000045776367,33.40999984741211,33.709999084472656,29.93553924560547,145400,154,0,0.4469538290931663,40.91816215286053
2015-12-29,33.84000015258789,34.209999084472656,33.75,34.029998779296875,30.219711303710938,60200,155,1,0.5614616603199174,49.478047576194385
2015-12-30,33.90999984741211,34.290000915527344,33.849998474121094,33.900001525878906,30.104276657104492,87000,156,2,-0.0294848763733202,53.258439487715805
2015-12-31,33.779998779296875,33.849998474121094,33.150001525878906,33.18000030517578,29.464887619018555,101000,157,3,-1.77619448135925,45.205500927172885
2016-01-04,32.63999938964844,32.63999938964844,31.65999984741211,31.889999389648438,28.319320678710938,195500,158,0,-2.2977941606146524,39.28570501775001
2016-01-05,31.8700008392334,32.099998474121094,31.670000076293945,32.0099983215332,28.425888061523438,191700,159,1,0.4392766821877947,41.047288698383205
2016-01-06,31.5,32.06999969482422,31.389999389648438,32.060001373291016,28.470294952392578,165200,160,2,1.7777821374318048,35.96332574127554
2016-01-07,31.459999084472656,31.770000457763672,30.84000015258789,31.059999465942383,27.582260131835938,192700,161,3,-1.2714546413566064,28.84312936615339
2016-01-08,31.09000015258789,31.350000381469727,30.280000686645508,30.389999389648438,26.987281799316406,209000,162,4,-2.251530265371149,27.957017600915066
2016-01-11,30.549999237060547,30.920000076293945,30.200000762939453,30.729999542236328,27.289207458496094,145000,163,0,0.5891990496596167,35.940125180341056
2016-01-12,30.940000534057617,31.010000228881836,30.350000381469727,31.0,27.52897834777832,210700,164,1,0.193921993880819,30.630627534538462
2016-01-13,31.0,31.190000534057617,30.1200008392334,30.280000686645508,26.889596939086914,249800,165,2,-2.3225784301757812,25.81172937843712
2016-01-14,30.309999465942383,31.110000610351562,30.139999389648438,30.600000381469727,27.17376708984375,197300,166,3,0.9567829780175341,27.229326010901644
2016-01-15,29.93000030517578,30.139999389648438,29.18000030517578,29.860000610351562,26.516626358032227,270500,167,4,-0.23387802910284083,21.099573184902198
2016-01-19,30.06999969482422,30.06999969482422,29.229999542236328,29.440000534057617,26.143646240234375,169600,168,1,-2.0951086370481042,19.97189143193009
2016-01-20,28.940000534057617,29.510000228881836,28.450000762939453,29.209999084472656,25.939403533935547,254300,169,2,0.9329597285158808,15.669538737086
2016-01-21,29.1200008392334,29.25,28.709999084472656,28.770000457763672,25.54866600036621,177300,170,3,-1.2019243522760181,15.006840949104273
2016-01-22,29.020000457763672,29.639999389648438,28.860000610351562,29.520000457763672,26.214691162109375,118700,171,4,1.722949662691109,25.13588555085802
2016-01-25,29.31999969482422,29.459999084472656,28.799999237060547,28.84000015258789,25.6108341217041,96800,172,0,-1.6371062320340357,27.407425826785712
2016-01-26,29.06999969482422,29.6299991607666,29.010000228881836,29.43000030517578,26.134769439697266,110800,173,1,1.2383922054724383,32.132990186935885
2016-01-27,29.43000030517578,30.06999969482422,29.360000610351562,29.450000762939453,26.15253257751465,141300,174,2,0.0679594208504053,31.849793295472878
2016-01-28,29.719999313354492,29.93000030517578,29.56999969482422,29.84000015258789,26.498865127563477,64000,175,3,0.4037713391853215,40.72948839285585
2016-01-29,29.950000762939453,30.719999313354492,29.829999923706055,30.719999313354492,27.28033447265625,205000,176,4,2.5709466804683556,52.43004397576908
2016-02-01,30.459999084472656,30.489999771118164,29.850000381469727,30.239999771118164,26.854074478149414,129300,177,0,-0.722256467389848,46.464647298679026
2016-02-02,29.93000030517578,30.049999237060547,29.6299991607666,29.68000030517578,26.356779098510742,72200,178,1,-0.8352823169091916,40.858724590910555
2016-02-03,29.989999771118164,29.989999771118164,29.06999969482422,29.469999313354492,26.170286178588867,111600,179,2,-1.7339128433887407,43.96422143212055
2016-02-04,29.40999984741211,29.639999389648438,29.1200008392334,29.389999389648438,26.099246978759766,85100,180,3,-0.06800563708752039,40.64914126556575
2016-02-05,29.329999923706055,29.479999542236328,29.09000015258789,29.1299991607666,25.86836051940918,141900,181,4,-0.6818982729618117,43.90649851854093
2016-02-08,28.719999313354492,29.3799991607666,28.5,29.200000762939453,25.930522918701172,144800,182,0,1.6713142794601898,47.87234294391077
2016-02-09,28.440000534057617,29.020000457763672,28.350000381469727,28.799999237060547,25.57530975341797,156600,183,1,1.2658182005721885,46.47160283561285
2016-02-10,28.299999237060547,28.649999618530273,27.149999618530273,27.59000015258789,24.500789642333984,316200,184,2,-2.508830754818081,41.033434826669016
2016-02-11,27.959999084472656,28.719999313354492,27.959999084472656,28.309999465942383,25.14017105102539,377000,185,3,1.2517896742854306,40.76335282128846
2016-02-12,28.610000610351562,30.40999984741211,28.610000610351562,30.190000534057617,26.809673309326172,235600,186,4,5.52254418035345,58.70967773691541
2016-02-16,30.549999237060547,30.739999771118164,30.059999465942383,30.18000030517578,26.80079460144043,119700,187,1,-1.211125830196147,55.23012407605344
2016-02-17,30.489999771118164,30.84000015258789,30.25,30.489999771118164,27.076080322265625,169200,188,2,0.0,56.97050180904068
2016-02-18,30.489999771118164,30.950000762939453,30.299999237060547,30.809999465942383,27.360252380371094,135600,189,3,1.0495234412147836,56.56291707112861
2016-02-19,30.780000686645508,31.149999618530273,30.649999618530273,30.920000076293945,27.457937240600586,140300,190,4,0.45483881262282644,51.51057915378295
2016-02-22,31.170000076293945,31.329999923706055,31.049999237060547,31.170000076293945,27.67994499206543,143900,191,0,0.0,57.27699404394123
2016-02-23,31.049999237060547,31.260000228881836,30.639999389648438,30.639999389648438,27.209287643432617,210600,192,1,-1.320450426687103,57.54715736275047
2016-02-24,30.280000686645508,31.040000915527344,30.25,30.920000076293945,27.457937240600586,78900,193,2,2.1136042771977115,61.27527087002925
2016-02-25,30.989999771118164,31.290000915527344,30.889999389648438,31.25,27.750986099243164,62700,194,3,0.8389810609942261,63.922151670670765
2016-02-26,31.399999618530273,31.5,30.950000762939453,31.170000076293945,27.67994499206543,83100,195,4,-0.7324826274857532,65.69230552538033
2016-02-29,31.1299991607666,31.43000030517578,30.770000457763672,30.809999465942383,27.360252380371094,234300,196,0,-1.0279463650854082,61.85565562343167
2016-03-01,31.059999465942383,31.709999084472656,31.059999465942383,31.489999771118164,27.964115142822266,96700,197,1,1.3844182632626323,69.02404472745019
2016-03-02,31.389999389648438,31.559999465942383,31.0,31.3799991607666,27.866430282592773,169000,198,2,-0.03185800916305492,81.7420186127736
2016-03-03,31.3700008392334,31.600000381469727,31.170000076293945,31.579999923706055,28.044038772583008,128800,199,3,0.6694264547485007,79.99997900168407
2016-03-04,31.610000610351562,31.700000762939453,31.34000015258789,31.59000015258789,28.052915573120117,113300,200,4,-0.06327256367443246,69.55304687970343
2016-03-07,31.360000610351562,31.950000762939453,31.31999969482422,31.899999618530273,28.328210830688477,124900,201,0,1.7219355793011815,72.16492260742223
2016-03-08,31.610000610351562,31.790000915527344,31.010000228881836,31.110000610351562,27.626663208007812,178700,202,1,-1.5817778878380095,57.11009726160015
2016-03-09,31.270000457763672,31.479999542236328,30.93000030517578,31.010000228881836,27.53785514831543,103400,203,2,-0.831468580350736,52.415466281880114
2016-03-10,31.059999465942383,31.8700008392334,30.969999313354492,31.3799991607666,27.866430282592773,120600,204,3,1.0302630403297375,55.22726051078779
2016-03-11,31.75,31.969999313354492,31.34000015258789,31.940000534057617,28.363731384277344,142800,205,4,0.5984268789216207,58.174097492587265
2016-03-14,31.75,32.0,31.56999969482422,31.719999313354492,28.16836166381836,86400,206,0,-0.09449035163939801,62.272716829607575
2016-03-15,31.43000030517578,31.829999923706055,31.200000762939453,31.469999313354492,27.946352005004883,85500,207,1,0.12726378552443407,56.29289349406845
2016-03-16,31.389999389648438,31.829999923706055,31.389999389648438,31.579999923706055,28.044038772583008,95600,208,2,0.6052900215100854,53.97589940605673
2016-03-17,31.399999618530273,32.189998626708984,30.93000030517578,32.08000183105469,28.72913360595703,105300,209,3,2.165612168106912,59.95624372130372
2016-03-18,32.290000915527344,32.439998626708984,31.950000762939453,32.29999923706055,28.926145553588867,275500,210,4,0.030964141374156817,66.81714477371666
2016-03-21,32.06999969482422,32.310001373291016,31.479999542236328,31.709999084472656,28.397777557373047,254000,211,0,-1.1225463479179965,52.534553098319385
2016-03-22,31.469999313354492,31.899999618530273,31.350000381469727,31.559999465942383,28.26344871520996,137500,212,1,0.2859871450638929,52.05479750320287
2016-03-23,31.5,31.780000686645508,31.280000686645508,31.290000915527344,28.021650314331055,151800,213,2,-0.6666637602306569,46.74158333979832
2016-03-24,31.030000686645508,31.190000534057617,30.75,31.0,27.761938095092773,110400,214,3,-0.09668284235140323,43.76321131408672
2016-03-28,31.139999389648438,31.520000457763672,31.139999389648438,31.469999313354492,28.18284797668457,66700,215,0,1.0597300262496168,45.60326831444967
2016-03-29,31.329999923706055,31.889999389648438,31.329999923706055,31.8799991607666,28.550018310546875,175800,216,1,1.755503473986253,58.53656886183734
2016-03-30,31.920000076293945,32.189998626708984,31.860000610351562,32.06999969482422,28.72017478942871,105300,217,2,0.4699236158262954,61.52173236998414
2016-03-31,31.959999084472656,32.06999969482422,31.68000030517578,31.690000534057617,28.379863739013672,95000,218,3,-0.8448014960870665,53.362270414833795
2016-04-01,31.469999313354492,31.719999313354492,31.31999969482422,31.719999313354492,28.406734466552734,91000,219,4,0.7944073894336379,47.303905298224386
2016-04-04,31.760000228881836,31.920000076293945,31.170000076293945,31.170000076293945,27.914182662963867,165800,220,0,-1.8576830867002236,43.76417537589075
2016-04-05,30.889999389648438,31.209999084472656,30.729999542236328,30.729999542236328,27.5201416015625,102900,221,1,-0.5179664958676833,41.95651822369319
2016-04-06,30.780000686645508,30.90999984741211,30.489999771118164,30.81999969482422,27.600740432739258,109100,222,2,0.12995129072905787,41.70304722107814
2016-04-07,30.56999969482422,30.920000076293945,30.440000534057617,30.649999618530273,27.448497772216797,161400,223,3,0.2616942247454457,33.176421907880766
2016-04-08,30.959999084472656,31.110000610351562,30.600000381469727,30.790000915527344,27.57387351989746,95200,224,4,-0.5490897092131131,31.89449658781126
2016-04-11,30.969999313354492,31.280000686645508,30.299999237060547,30.360000610351562,27.18879508972168,238800,225,0,-1.9696439022518608,33.1670942744319
2016-04-12,30.360000610351562,30.850000381469727,30.25,30.719999313354492,27.511186599731445,188100,226,1,1.185766455090853,40.04738543923735
2016-04-13,30.8700008392334,31.31999969482422,30.8700008392334,30.969999313354492,27.73507308959961,366700,227,2,0.3239341477244251,46.19045607897152
2016-04-14,30.950000762939453,31.43000030517578,30.950000762939453,31.350000381469727,28.07537841796875,201500,228,3,1.2924058438449126,54.079259468387576
2016-04-15,31.18000030517578,31.670000076293945,31.18000030517578,31.579999923706055,28.28135871887207,142200,229,4,1.282872400946955,51.35803248238882
2016-04-18,31.489999771118164,31.520000457763672,31.270000457763672,31.510000228881836,28.218669891357422,102000,230,0,0.06351368024466453,45.013490253497494
2016-04-19,31.729999542236328,31.899999618530273,31.510000228881836,31.56999969482422,28.272403717041016,109500,231,1,-0.5042541749776253,43.016755907189854
2016-04-20,31.520000457763672,32.08000183105469,31.520000457763672,32.0099983215332,28.666440963745117,99800,232,2,1.5545617279610235,54.395577044100136
2016-04-21,31.93000030517578,31.989999771118164,31.360000610351562,31.389999389648438,28.111204147338867,81500,233,3,-1.6912023500350926,46.09928950096427
2016-04-22,31.489999771118164,31.780000686645508,31.440000534057617,31.530000686645508,28.236581802368164,181000,234,4,0.12702736048932906,54.71205025015229
2016-04-25,31.479999542236328,31.530000686645508,31.100000381469727,31.530000686645508,28.236581802368164,114900,235,0,0.1588346414747921,61.834339394151435
2016-04-26,31.530000686645508,31.989999771118164,31.40999984741211,31.889999389648438,28.558971405029297,112500,236,1,1.141765604703604,64.65753925743996
2016-04-27,31.84000015258789,32.20000076293945,31.639999389648438,31.780000686645508,28.460466384887695,69400,237,2,-0.1884405328355654,65.73819249045793
2016-04-28,31.540000915527344,31.729999542236328,31.15999984741211,31.219999313354492,27.958959579467773,74100,238,3,-1.0145897047685648,55.361580827181214
2016-04-29,31.149999618530273,31.280000686645508,30.8700008392334,31.100000381469727,27.851491928100586,80000,239,4,-0.16051119638154088,60.00001031000643
2016-05-02,31.25,31.6200008392334,31.239999771118164,31.40999984741211,28.129112243652344,135700,240,0,0.5119995117187415,59.45207297681028
2016-05-03,31.899999618530273,33.47999954223633,31.899999618530273,33.36000061035156,29.875425338745117,299000,241,1,4.576805671725448,72.33647505346819
2016-05-04,33.150001525878906,33.560001373291016,32.79999923706055,32.84000015258789,29.409748077392578,181700,242,2,-0.9351473876977323,63.57013541490422
2016-05-05,32.93000030517578,33.540000915527344,32.439998626708984,32.72999954223633,29.311235427856445,135800,243,3,-0.6073512331793651,60.70763739044727
2016-05-06,32.72999954223633,33.0,32.4900016784668,33.0,29.55303192138672,179600,244,4,0.8249326658720246,63.37522767485206
2016-05-09,33.0,33.33000183105469,32.689998626708984,32.900001525878906,29.463481903076172,105100,245,0,-0.3030256791548336,61.85385553236816
2016-05-10,33.0,33.310001373291016,32.959999084472656,33.18000030517578,29.7142276763916,96200,246,1,0.5454554702296388,60.73396916322993
2016-05-11,33.0,33.38999938964844,32.93000030517578,32.9900016784668,29.544076919555664,102200,247,2,-0.03029794404001418,65.93628843386055
2016-05-12,33.150001525878906,33.22999954223633,32.75,33.08000183105469,29.624677658081055,154200,248,3,-0.21116045732176847,65.59358700453504
2016-05-13,32.880001068115234,33.25,32.83000183105469,33.099998474121094,29.6425838470459,291000,249,4,0.6690918456788042,65.73146553025714
2016-05-16,33.099998474121094,33.31999969482422,32.91999816894531,33.150001525878906,29.687360763549805,161000,250,0,0.15106662858883624,63.461571379315686
2016-05-17,33.06999969482422,33.290000915527344,32.40999984741211,32.560001373291016,29.15899658203125,170800,251,1,-1.5421781863911632,57.55814920573314
2016-05-18,32.560001373291016,33.150001525878906,32.5099983215332,33.060001373291016,29.606767654418945,182100,252,2,1.5356264708580536,68.03924802542535
2016-05-19,32.849998474121094,33.31999969482422,32.58000183105469,32.7400016784668,29.3201904296875,164800,253,3,-0.33484566442507635,65.47171814411286
2016-05-20,32.939998626708984,33.290000915527344,32.84000015258789,33.099998474121094,29.6425838470459,176400,254,4,0.4857311902932926,65.79439545544321
2016-05-23,33.099998474121094,33.150001525878906,32.869998931884766,32.95000076293945,29.508256912231445,94900,255,0,-0.45316531146947225,44.225340610288534
2016-05-24,33.02000045776367,33.529998779296875,33.02000045776367,33.459999084472656,29.964982986450195,153800,256,1,1.3325215645341837,58.75707310554997
2016-05-25,33.529998779296875,33.79999923706055,33.349998474121094,33.52000045776367,30.018714904785156,177400,257,2,-0.029819033394584693,61.318096362364464
2016-05-26,33.52000045776367,33.7400016784668,33.52000045776367,33.599998474121094,30.090356826782227,130000,258,3,0.23865756343954825,59.09091959975586
2016-05-27,33.5099983215332,33.77000045776367,33.459999084472656,33.66999816894531,30.153047561645508,188700,259,4,0.4774689806811949,61.77368853300482
2016-05-31,33.709999084472656,34.119998931884766,33.599998474121094,34.060001373291016,30.502315521240234,189800,260,1,1.038274394316363,63.017792550039786
2016-06-01,34.02000045776367,34.470001220703125,33.720001220703125,34.439998626708984,30.842615127563477,164600,261,2,1.2345625023337359,70.30812564379838
2016-06-02,34.29999923706055,34.529998779296875,34.150001525878906,34.5099983215332,30.905309677124023,166200,262,3,0.6122422424014395,70.14084325425608
2016-06-03,34.310001373291016,34.52000045776367,33.66999816894531,33.849998474121094,30.314247131347656,133200,263,4,-1.3407253883936487,58.949891749864804
2016-06-06,33.83000183105469,34.22999954223633,33.7599983215332,33.86000061035156,30.323204040527344,138700,264,0,0.08867507441083777,58.55421841793701
2016-06-07,33.95000076293945,34.2599983215332,33.72999954223633,34.18000030517578,30.609773635864258,245300,265,1,0.6774654994629703,70.87631019833509
2016-06-08,34.11000061035156,34.56999969482422,33.91999816894531,34.400001525878906,30.806798934936523,114000,266,2,0.8501932287838576,68.61114083989162
2016-06-09,33.959999084472656,34.0099983215332,33.4900016784668,33.779998779296875,30.486406326293945,140800,267,3,-0.5300362486113319,63.333303989490986
2016-06-10,33.38999938964844,33.66999816894531,33.2400016784668,33.400001525878906,30.143465042114258,109300,268,4,0.029955484915555886,53.82657132514081
2016-06-13,33.2400016784668,33.560001373291016,32.810001373291016,32.88999938964844,29.68318748474121,94200,269,0,-1.0529550876800742,49.29904980226867
2016-06-14,32.790000915527344,32.970001220703125,32.45000076293945,32.4900016784668,29.322185516357422,124100,270,1,-0.9149107309676441,38.36934119203286
2016-06-15,32.52000045776367,32.86000061035156,32.369998931884766,32.619998931884766,29.43951416015625,165200,271,2,0.30749837857773077,39.3867691117329
2016-06-16,32.369998931884766,32.83000183105469,32.08000183105469,32.79999923706055,29.601961135864258,122500,272,3,1.3283914716235135,40.78341925191504
2016-06-17,32.880001068115234,32.880001068115234,32.0,32.31999969482422,29.168758392333984,363700,273,4,-1.7031671383796465,35.78948974609375
2016-06-20,32.77000045776367,33.220001220703125,32.77000045776367,32.970001220703125,29.755386352539062,127500,274,0,0.6103166315094555,39.1217513197258
2016-06-21,32.959999084472656,33.0099983215332,32.66999816894531,32.68000030517578,29.493661880493164,104700,275,1,-0.849510883114013,32.1138454071296
2016-06-22,32.65999984741211,32.939998626708984,32.630001068115234,32.75,29.556833267211914,118800,276,2,0.275566910619629,32.1138454071296
2016-06-23,33.130001068115234,33.650001525878906,33.130001068115234,33.61000061035156,30.33298683166504,123700,277,3,1.4488364828285194,47.65627211889928
2016-06-24,32.34000015258789,32.709999084472656,31.989999771118164,32.189998626708984,29.051435470581055,256600,278,4,-0.46382660844515033,37.212853596884216
2016-06-27,31.719999313354492,31.860000610351562,31.510000228881836,31.75,28.654338836669922,213300,279,0,0.09457972034974116,31.729325206022295
2016-06-28,32.16999816894531,32.34000015258789,31.899999618530273,32.099998474121094,28.970211029052734,180600,280,1,-0.21759309545684724,33.038322523147
2016-06-29,32.40999984741211,33.08000183105469,32.33000183105469,33.06999969482422,29.845640182495117,138600,281,2,2.0364080546726893,45.021042370442025
2016-06-30,33.04999923706055,33.790000915527344,33.04999923706055,33.790000915527344,30.49542999267578,205900,282,3,2.2390369003004285,52.610437255134265
2016-07-01,33.599998474121094,33.93000030517578,33.400001525878906,33.83000183105469,30.531538009643555,161700,283,4,0.6845338314843685,56.714303152901785
2016-07-05,33.52000045776367,33.68000030517578,33.209999084472656,33.400001525878906,30.143465042114258,71100,284,1,-0.3579920353401156,56.472258261963795
2016-07-06,33.209999084472656,33.599998474121094,33.119998931884766,33.52000045776367,30.251758575439453,156000,285,2,0.9334579398888154,56.41026337697228
2016-07-07,33.560001373291016,34.0,33.560001373291016,33.869998931884766,30.5676326751709,171000,286,3,0.9237114002041302,57.44088547635419
2016-07-08,34.16999816894531,34.25,33.97999954223633,34.04999923706055,30.730083465576172,188800,287,4,-0.35118214315218443,62.554417544720245
2016-07-11,34.25,34.58000183105469,34.11000061035156,34.470001220703125,31.109130859375,100300,288,0,0.6423393305200698,61.26125506907692
2016-07-12,34.599998474121094,35.209999084472656,34.59000015258789,34.970001220703125,31.560386657714844,103800,289,1,1.069372147107961,66.66666666666666
2016-07-13,34.939998626708984,35.0099983215332,34.790000915527344,34.93000030517578,31.524280548095703,106200,290,2,-0.028615689542588196,65.93566550255261
2016-07-14,34.93000030517578,35.349998474121094,34.93000030517578,35.189998626708984,31.75893783569336,104800,291,3,0.7443410227931713,62.66023711026978
2016-07-15,35.25,35.34000015258789,35.0099983215332,35.25,31.81308937072754,108900,292,4,0.0,81.35246622469344
2016-07-18,35.2599983215332,35.290000915527344,34.83000183105469,34.84000015258789,31.443056106567383,132400,293,0,-1.1911463100916286,81.85565664280057
2016-07-19,34.84000015258789,34.97999954223633,34.599998474121094,34.869998931884766,31.470134735107422,149900,294,1,0.08610441781140565,80.57393898003643
2016-07-20,34.95000076293945,35.279998779296875,34.90999984741211,35.11000061035156,31.68673324584961,105000,295,2,0.45779640606409266,76.84209575283994
2016-07-21,35.0,35.18000030517578,34.720001220703125,35.02000045776367,31.605510711669922,190200,296,3,0.05714416503905806,69.40061155455436
2016-07-22,35.0,35.290000915527344,34.88999938964844,35.119998931884766,31.695758819580078,124600,297,4,0.3428540910993316,69.96899819894298
2016-07-25,35.040000915527344,35.38999938964844,34.97999954223633,35.11000061035156,31.68673324584961,114400,298,0,0.1997708133426368,80.42705640869698
2016-07-26,35.119998931884766,35.45000076293945,35.060001373291016,35.33000183105469,31.885286331176758,124900,299,1,0.5979581593303029,81.0996815841875
2016-07-27,35.41999816894531,35.41999816894531,34.7400016784668,34.959999084472656,31.551361083984375,155100,300,2,-1.298698781063079,68.60065904335859
2016-07-28,35.52000045776367,35.52000045776367,34.209999084472656,34.83000183105469,31.434036254882812,192700,301,3,-1.9425636762855691,63.541706679029105
2016-07-29,34.66999816894531,34.66999816894531,34.150001525878906,34.18000030517578,30.847412109375,187100,302,4,-1.4133195547971877,45.33760677470476
2016-08-01,34.27000045776367,34.4900016784668,34.04999923706055,34.22999954223633,30.892528533935547,112900,303,0,-0.11672283336162659,36.09019321586169
2016-08-02,34.290000915527344,34.5,34.150001525878906,34.45000076293945,31.091089248657227,184400,304,1,0.46660788317347546,41.54930428790755
2016-08-03,34.540000915527344,34.83000183105469,34.47999954223633,34.81999969482422,31.425006866455078,152800,305,2,0.8106507581793432,43.728833284841436
2016-08-04,34.88999938964844,34.88999938964844,34.5099983215332,34.54999923706055,31.18133544921875,125200,306,3,-0.9744917126274455,38.92403802625623
2016-08-05,34.86000061035156,35.34000015258789,34.59000015258789,35.33000183105469,31.885286331176758,192400,307,4,1.3482536215549068,56.940528589135795
2016-08-08,35.470001220703125,35.470001220703125,35.29999923706055,35.439998626708984,31.984554290771484,117000,308,0,-0.08458582735155762,57.89473128051229
2016-08-09,35.43000030517578,35.54999923706055,35.310001373291016,35.40999984741211,31.957489013671875,72500,309,1,-0.05645062825684333,54.41175645609898
2016-08-10,35.470001220703125,35.470001220703125,35.029998779296875,35.33000183105469,31.885286331176758,90000,310,2,-0.39469801192655307,54.572297609790844
2016-08-11,35.34000015258789,35.38999938964844,35.150001525878906,35.29999923706055,31.858205795288086,91500,311,3,-0.11318878142226874,52.71084821869707
2016-08-12,35.20000076293945,35.40999984741211,34.970001220703125,35.31999969482422,31.87626075744629,96900,312,4,0.3409060491018634,53.15313767269228
2016-08-15,35.45000076293945,35.869998931884766,35.380001068115234,35.75,32.26433181762695,162800,313,0,0.8462601709565476,55.93217599327579
2016-08-16,35.72999954223633,35.91999816894531,35.41999816894531,35.5,32.0387077331543,115800,314,1,-0.6437154916961174,57.894754453828746
2016-08-17,35.43000030517578,35.540000915527344,35.13999938964844,35.220001220703125,31.786012649536133,95000,315,2,-0.5927154464121731,55.46217679253388
2016-08-18,35.380001068115234,35.529998779296875,35.220001220703125,35.369998931884766,31.921384811401367,70600,316,3,-0.028270593353607598,69.38111113458196
2016-08-19,35.38999938964844,35.61000061035156,35.09000015258789,35.52000045776367,32.056758880615234,136100,317,4,0.3673384299442972,70.34702934791504
2016-08-22,35.47999954223633,35.58000183105469,35.25,35.5099983215332,32.047733306884766,57600,318,0,0.08455123924442365,67.90536970356186
2016-08-23,35.54999923706055,35.72999954223633,35.43000030517578,35.61000061035156,32.13798522949219,79400,319,1,0.16878023791477847,64.68401856011617
2016-08-24,35.47999954223633,35.810001373291016,35.47999954223633,35.779998779296875,32.291404724121094,86200,320,2,0.8455446474947559,73.74516350910888
2016-08-25,35.790000915527344,36.310001373291016,35.630001068115234,36.27000045776367,32.733638763427734,139600,321,3,1.3411554343606635,70.43475953301456
2016-08-26,36.189998626708984,36.40999984741211,35.779998779296875,35.9900016784668,32.480934143066406,84100,322,4,-0.5526304388820402,61.13365951295452
2016-08-29,35.88999938964844,36.290000915527344,35.88999938964844,36.20000076293945,32.67045974731445,82900,323,0,0.8637541893645961,64.90566906872498
2016-08-30,36.119998931884766,36.540000915527344,36.11000061035156,36.540000915527344,32.97730255126953,73700,324,1,1.1627962238720535,70.790336112422
2016-08-31,36.619998931884766,36.70000076293945,36.290000915527344,36.54999923706055,32.98633575439453,109100,325,2,-0.19115154796814915,71.62630214520668
2016-09-01,36.630001068115234,36.72999954223633,35.939998626708984,36.08000183105469,32.56215286254883,160500,326,3,-1.5014993748916239,61.37728996299511
2016-09-02,36.25,36.45000076293945,36.09000015258789,36.33000183105469,32.78778076171875,192700,327,4,0.22069470635774913,59.17725568402678
2016-09-06,36.43000030517578,36.43000030517578,36.08000183105469,36.29999923706055,32.760704040527344,112700,328,1,-0.35685168000606504,63.60543555688767
2016-09-07,38.0,38.0,35.970001220703125,36.439998626708984,32.887054443359375,485700,329,2,-4.105266771818461,71.78567390051539
2016-09-08,36.40999984741211,36.66999816894531,36.0,36.0099983215332,32.49898147583008,124000,330,3,-1.0986034813382117,60.38959430470991
2016-09-09,35.91999816894531,35.91999816894531,35.349998474121094,35.349998474121094,31.90333366394043,126300,331,4,-1.5868589194890648,47.632284451018336
2016-09-12,35.06999969482422,35.529998779296875,35.02000045776367,35.470001220703125,32.011634826660156,182000,332,0,1.140580351752729,49.45949874888265
2016-09-13,34.97999954223633,35.099998474121094,34.720001220703125,34.72999954223633,31.5797176361084,147200,333,1,-0.7146941202733292,39.86173920304473
2016-09-14,34.900001525878906,34.900001525878906,34.34000015258789,34.380001068115234,31.261472702026367,179500,334,2,-1.489972593204858,34.51330122348806
2016-09-15,34.4900016784668,35.22999954223633,34.369998931884766,35.220001220703125,32.0252799987793,184300,335,3,2.116554093101386,39.21971799433044
2016-09-16,35.16999816894531,35.209999084472656,34.84000015258789,35.15999984741211,31.970722198486328,320900,336,4,-0.028428552896631043,41.07525205706457
2016-09-19,35.33000183105469,35.70000076293945,35.16999816894531,35.689998626708984,32.45263671875,119900,337,0,1.0189549306444334,44.86919506069742
2016-09-20,35.939998626708984,36.08000183105469,35.72999954223633,36.040000915527344,32.77088928222656,177800,338,1,0.2782478927087162,44.97992306266364
2016-09-21,36.369998931884766,36.77000045776367,36.150001525878906,36.7400016784668,33.40739822387695,270800,339,2,1.0173295503114632,51.675504824544284
2016-09-22,37.08000183105469,37.369998931884766,36.7599983215332,37.36000061035156,33.97116470336914,228100,340,3,0.7551207267265436,60.99653924807299
2016-09-23,37.11000061035156,37.34000015258789,36.689998626708984,36.709999084472656,33.38011932373047,225700,341,4,-1.0778806771760796,53.054635954513174
2016-09-26,36.58000183105469,36.66999816894531,35.900001525878906,35.900001525878906,32.64359664916992,153100,342,0,-1.8589400523170374,47.142875048569245
2016-09-27,35.79999923706055,36.529998779296875,35.79999923706055,36.290000915527344,32.99821853637695,161700,343,1,1.3687198014226354,48.96553357063369
2016-09-28,36.470001220703125,37.130001068115234,36.439998626708984,37.130001068115234,33.76202392578125,234800,344,2,1.8097061292047467,57.310719393792105
2016-09-29,36.939998626708984,37.18000030517578,36.369998931884766,36.560001373291016,33.24372863769531,211800,345,3,-1.0286877843661224,57.99208942009069
2016-09-30,36.720001220703125,36.90999984741211,36.38999938964844,36.650001525878906,33.32555389404297,191100,346,4,-0.19063097085288971,57.824934760589834
2016-10-03,36.54999923706055,36.54999923706055,36.16999816894531,36.45000076293945,33.143707275390625,123900,347,0,-0.2735936421571772,62.28572300502232
2016-10-04,36.4900016784668,36.66999816894531,36.16999816894531,36.540000915527344,33.22554016113281,105800,348,1,0.13702174502789877,66.02373375004456
2016-10-05,36.790000915527344,37.540000915527344,36.58000183105469,37.41999816894531,34.025718688964844,198400,349,2,1.712414345583979,66.2241692060477
2016-10-06,37.400001525878906,37.720001220703125,37.27000045776367,37.66999816894531,34.25303268432617,215500,350,3,0.7219161284781839,68.00573354138126
2016-10-07,37.68000030517578,37.91999816894531,37.4900016784668,37.619998931884766,34.20756530761719,137800,351,4,-0.1592393121153335,64.86903652118303
2016-10-10,37.77000045776367,37.93000030517578,37.630001068115234,37.900001525878906,34.46218490600586,90000,352,0,0.3441913331735602,64.48599019349196
2016-10-11,37.790000915527344,37.869998931884766,37.20000076293945,37.54999923706055,34.143917083740234,144500,353,1,-0.6350930739675742,56.67213837987851
2016-10-12,37.63999938964844,37.81999969482422,37.47999954223633,37.4900016784668,34.0893669128418,171400,354,2,-0.39850614668950346,51.17968337310728
2016-10-13,37.27000045776367,37.459999084472656,37.119998931884766,37.220001220703125,33.84385681152344,146700,355,3,-0.1341541090594034,54.970783716216125
2016-10-14,37.630001068115234,37.790000915527344,37.43000030517578,37.54999923706055,34.143917083740234,91100,356,4,-0.2126011926225413,67.74191960583083
2016-10-17,37.70000076293945,37.75,37.380001068115234,37.45000076293945,34.05299377441406,63700,357,0,-0.6631299600549645,63.3027603204698
2016-10-18,37.849998474121094,37.9900016784668,37.29999923706055,37.5,34.09846115112305,87200,358,1,-0.9246987800023199,55.18206384977128
2016-10-19,37.599998474121094,37.599998474121094,37.150001525878906,37.29999923706055,33.916603088378906,110100,359,2,-0.7978703437103274,61.56247764823689
2016-10-20,37.25,37.29999923706055,36.54999923706055,36.599998474121094,33.28010177612305,89800,360,3,-1.7449705392722281,49.34379155119107
2016-10-21,36.20000076293945,36.349998474121094,36.099998474121094,36.25,32.961849212646484,144100,361,4,0.13811943648280867,47.47473482524138
2016-10-24,36.5,37.04999923706055,36.47999954223633,37.04999923706055,33.68927764892578,95700,362,0,1.5068472248234155,55.46037406950273
2016-10-25,36.95000076293945,36.95000076293945,36.400001525878906,36.599998474121094,33.28010177612305,53700,363,1,-0.9472321558634644,40.33018740609452
2016-10-26,36.54999923706055,36.79999923706055,35.95000076293945,36.04999923706055,32.77998352050781,178500,364,2,-1.3679890846427623,32.15859067852081
2016-10-27,36.29999923706055,36.29999923706055,35.599998474121094,35.650001525878906,32.41626739501953,167400,365,3,-1.7906273411654072,29.85685901131383
2016-10-28,35.599998474121094,35.900001525878906,35.29999923706055,35.599998474121094,32.37080383300781,116400,366,4,0.0,25.32183465810951
2016-10-31,35.599998474121094,36.099998474121094,35.29999923706055,35.95000076293945,32.68905258178711,203300,367,0,0.9831525388204421,32.83261978241471
2016-11-01,35.599998474121094,38.099998474121094,35.599998474121094,36.099998474121094,32.825443267822266,168600,368,1,1.4044944422215933,35.36837557210467
2016-11-02,35.5,35.900001525878906,34.849998474121094,34.900001525878906,31.734298706054688,401800,369,2,-1.690136546819987,29.57744114075713
2016-11-03,34.75,34.79999923706055,33.79999923706055,33.849998474121094,30.779537200927734,242800,370,3,-2.5899324485723962,21.093733701849104
2016-11-04,33.70000076293945,34.150001525878906,33.29999923706055,33.29999923706055,30.279428482055664,224800,371,4,-1.1869481211371213,19.708011311554472
2016-11-07,33.599998474121094,34.150001525878906,33.599998474121094,33.900001525878906,30.825000762939453,230000,372,0,0.892866266017478,25.6756910013372
2016-11-08,33.70000076293945,34.349998474121094,33.70000076293945,34.099998474121094,31.006868362426758,150500,373,1,1.1869368015609227,28.378366535815644
2016-11-09,34.599998474121094,35.150001525878906,34.20000076293945,35.150001525878906,31.961620330810547,260300,374,2,1.5896042659342413,40.64518097908266
2016-11-10,35.75,37.150001525878906,35.45000076293945,37.0,33.6438102722168,379600,375,3,3.4965034965035002,54.054054054054056
2016-11-11,37.099998474121094,38.79999923706055,36.95000076293945,38.349998474121094,34.87135314941406,568700,376,4,3.3692723757709375,56.63264968503443
2016-11-14,38.900001525878906,40.060001373291016,38.5,39.54999923706055,35.962501525878906,369200,377,0,1.670945207416552,63.98104728091614
2016-11-15,39.04999923706055,39.099998474121094,38.08000183105469,38.45000076293945,34.96228790283203,211600,378,1,-1.5364877998554793,60.810819170265425
2016-11-16,38.349998474121094,38.45000076293945,38.150001525878906,38.349998474121094,34.87135314941406,225300,379,2,0.0,62.499982339369495
2016-11-17,38.349998474121094,39.04999923706055,38.29999923706055,39.0,35.462398529052734,201200,380,3,1.694919300498876,64.91228539821084
2016-11-18,39.04999923706055,39.150001525878906,38.54999923706055,39.04999923706055,35.50786590576172,257000,381,4,0.0,63.96395901021308
2016-11-21,39.349998474121094,39.400001525878906,38.70000076293945,39.29999923706055,35.73518371582031,122100,382,0,-0.12706286912165243,64.28571671855676
2016-11-22,39.599998474121094,40.04999923706055,39.529998779296875,39.79999923706055,36.18983459472656,313800,383,1,0.505052451126109,73.3333139571003
2016-11-23,40.0,40.0,39.349998474121094,39.75,36.14435958862305,205400,384,2,-0.6249999999999978,81.05263960988898
2016-11-25,39.849998474121094,40.29999923706055,39.79999923706055,40.20000076293945,36.553550720214844,110200,385,4,0.8782993782186832,86.70212981818506
2016-11-28,39.95000076293945,40.20000076293945,39.599998474121094,39.75,36.14435958862305,197800,386,0,-0.500627682402921,81.62161337362753
2016-11-29,39.75,40.5,39.75,40.20000076293945,36.553550720214844,204900,387,1,1.1320773910426407,82.1052623125328
2016-11-30,40.650001525878906,40.75,39.900001525878906,40.150001525878906,36.508079528808594,150700,388,2,-1.2300122539520397,79.41176470588235
2016-12-01,40.5,40.599998474121094,39.900001525878906,40.0,36.37168884277344,163800,389,3,-1.2345679012345734,72.05881362968282
2016-12-02,40.0,40.099998474121094,39.599998474121094,39.70000076293945,36.09890365600586,123300,390,4,-0.7499980926513716,61.73914254950312
2016-12-05,40.099998474121094,40.75,39.90999984741211,40.54999923706055,36.871795654296875,180200,391,0,1.1221964590095057,59.25925664286955
2016-12-06,40.79999923706055,41.599998474121094,40.349998474121094,41.54999923706055,37.78109359741211,198900,392,1,1.8382353284917219,79.24525178426964
2016-12-07,41.5,41.95000076293945,41.349998474121094,41.75,37.962947845458984,214800,393,2,0.6024096385542244,81.48148671426088
2016-12-08,41.75,42.630001068115234,41.70000076293945,42.599998474121094,38.735843658447266,166600,394,3,2.0359244889128103,82.14285227717053
2016-12-09,42.79999923706055,42.95000076293945,42.06999969482422,42.95000076293945,39.05410385131836,237700,395,4,0.35047086110464587,83.05085184107588
2016-12-12,42.95000076293945,43.45000076293945,42.75,43.04999923706055,39.14503479003906,152900,396,0,0.23282531395756312,82.6086956521739
2016-12-13,43.25,43.650001525878906,42.529998779296875,42.900001525878906,39.00863265991211,128200,397,1,-0.8092450268695761,78.70373706269599
2016-12-14,42.900001525878906,43.099998474121094,42.45000076293945,42.70000076293945,38.8267822265625,129900,398,2,-0.46620222803209765,76.5765871032972
2016-12-15,42.45000076293945,43.04999923706055,42.400001525878906,42.900001525878906,39.25223922729492,166600,399,3,1.0600724495918534,75.47170897742346
2016-12-16,43.0,43.20000076293945,42.650001525878906,42.650001525878906,39.023502349853516,456100,400,4,-0.813949939816494,78.43139601506132
2016-12-19,42.400001525878906,43.599998474121094,42.400001525878906,43.20000076293945,39.5267333984375,248500,401,0,1.8867905855434186,78.84617077529366
2016-12-20,43.54999923706055,43.54999923706055,42.75,43.20000076293945,39.5267333984375,181800,402,1,-0.8036704483412427,79.61165623858831
2016-12-21,43.20000076293945,43.45000076293945,42.95000076293945,43.099998474121094,39.43523025512695,120600,403,2,-0.23148677558392228,80.39215099623468
2016-12-22,43.25,43.25,42.70000076293945,42.900001525878906,39.25223922729492,164600,404,3,-0.8092450268695761,82.00003204348148
2016-12-23,42.900001525878906,43.150001525878906,42.79999923706055,43.150001525878906,39.48098373413086,121600,405,4,0.5827505620231488,79.54549592390715
2016-12-27,43.29999923706055,43.29999923706055,42.95000076293945,43.29999923706055,39.61822509765625,75100,406,1,0.0,74.6479191068224
2016-12-28,43.45000076293945,43.45000076293945,42.75,43.099998474121094,39.43523025512695,112900,407,2,-0.8055288438956532,69.01408753398309
2016-12-29,43.099998474121094,43.400001525878906,42.849998474121094,43.29999923706055,39.61822509765625,118000,408,3,0.46403890955946103,62.06898819679118
2016-12-30,43.5,43.5,42.68000030517578,42.79999923706055,39.16074752807617,169900,409,4,-1.6091971561826512,47.54095490145559
2017-01-03,43.29999923706055,43.29999923706055,42.54999923706055,42.900001525878906,39.25223922729492,153300,410,1,-0.9237822591906197,47.541020513070656
2017-01-04,43.0,43.54999923706055,42.95000076293945,43.5,39.80121994018555,226700,411,2,1.1627906976744207,58.571406773158486
2017-01-05,43.349998474121094,43.5,42.650001525878906,43.150001525878906,39.48098373413086,137700,412,3,-0.46135399142304134,56.16439787839992
2017-01-06,43.29999923706055,43.349998474121094,43.0,43.20000076293945,39.5267333984375,92100,413,4,-0.2309433623165158,54.28570805763033
2017-01-09,42.95000076293945,42.95000076293945,42.20000076293945,42.599998474121094,38.97774887084961,178400,414,0,-0.8149063622843289,49.35060946005663
2017-01-10,42.54999923706055,43.04999923706055,42.25,43.0,39.3437385559082,208300,415,1,1.057581130453955,47.29728754460359
2017-01-11,43.04999923706055,43.25,42.5,43.25,39.572479248046875,162000,416,2,0.4645778547825774,50.63290161269917
2017-01-12,42.900001525878906,43.04999923706055,41.849998474121094,42.45000076293945,38.84050750732422,149200,417,3,-1.0489527900552575,43.01077385889223
2017-01-13,42.5,43.20000076293945,42.45000076293945,42.849998474121094,39.20649337768555,156200,418,4,0.8235258214613905,49.48450445887126
2017-01-17,42.5,42.5,41.720001220703125,42.20000076293945,38.61176300048828,182000,419,1,-0.7058805577895177,40.95236711219941
2017-01-18,42.25,42.599998474121094,41.79999923706055,42.349998474121094,38.749000549316406,169500,420,2,0.23668277898483137,40.95236711219941
2017-01-19,42.45000076293945,42.54999923706055,41.650001525878906,42.0,38.428768157958984,131700,421,3,-1.0600724495918534,39.81481743120821
2017-01-20,42.0,42.650001525878906,42.0,42.29999923706055,38.70325469970703,111300,422,4,0.7142838977632016,40.90907829850394
2017-01-23,42.29999923706055,42.45000076293945,41.900001525878906,42.04999923706055,38.474510192871094,133600,423,0,-0.5910165591231697,42.857132476999155
2017-01-24,42.099998474121094,43.099998474121094,41.95000076293945,42.900001525878906,39.25223922729492,167000,424,1,1.900244847394883,50.0
2017-01-25,43.25,43.400001525878906,42.95000076293945,43.099998474121094,39.43523025512695,185600,425,2,-0.346824337292273,46.428551965798455
2017-01-26,43.0,43.20000076293945,42.849998474121094,43.20000076293945,39.5267333984375,130800,426,3,0.4651180533475685,50.46728305581086
2017-01-27,43.099998474121094,43.099998474121094,41.95000076293945,42.099998474121094,38.52025604248047,239800,427,4,-2.3201856969912393,41.406229045234575
2017-01-30,41.849998474121094,41.86000061035156,41.29999923706055,41.45000076293945,37.92552947998047,148900,428,0,-0.9557890699302907,41.08527957029311
2017-01-31,41.20000076293945,41.75,41.04999923706055,41.349998474121094,37.83403015136719,264300,429,1,0.36407210777666954,36.585340134872936
2017-02-01,41.54999923706055,41.95000076293945,41.0,41.099998474121094,37.60529327392578,170300,430,2,-1.0830343470573989,32.52029545014713
2017-02-02,40.900001525878906,41.5,40.75,41.45000076293945,37.92552947998047,127700,431,3,1.3447413607369674,41.22806547897899
2017-02-03,41.849998474121094,42.150001525878906,41.650001525878906,42.150001525878906,38.56601333618164,162400,432,4,0.7168531964065084,44.166692097981766
2017-02-06,41.79999923706055,42.099998474121094,41.54999923706055,41.70000076293945,38.15427780151367,152200,433,0,-0.23923080369923078,45.68965744036579
2017-02-07,41.20000076293945,44.150001525878906,41.150001525878906,43.0,39.3437385559082,229900,434,1,4.368930106136548,54.67626689031572
2017-02-08,42.650001525878906,42.650001525878906,41.599998474121094,41.79999923706055,38.24577331542969,261600,435,2,-1.9929712975569336,48.71794495592316
2017-02-09,41.75,42.349998474121094,41.75,42.25,38.657501220703125,128500,436,3,1.1976047904191711,49.685539721512995
2017-02-10,42.349998474121094,42.650001525878906,42.150001525878906,42.25,38.657501220703125,167100,437,4,-0.2361239143425231,51.298704837377656
2017-02-13,42.29999923706055,42.599998474121094,41.70000076293945,41.79999923706055,38.24577331542969,224800,438,0,-1.1820331182463284,42.465744834617354
2017-02-14,41.599998474121094,42.29999923706055,41.54999923706055,42.20000076293945,38.61176300048828,238200,439,1,1.4423132471786282,44.00002441402525
2017-02-15,42.0,42.20000076293945,41.5,41.900001525878906,38.33726501464844,129800,440,2,-0.23809160505022797,41.55845571314697
2017-02-16,41.650001525878906,42.400001525878906,41.650001525878906,42.29999923706055,38.70325469970703,192400,441,3,1.5606186971632408,51.42857609962675
2017-02-17,42.29999923706055,42.29999923706055,41.79999923706055,41.95000076293945,38.38302230834961,215300,442,4,-0.8274195754936264,53.731340734220545
2017-02-21,42.0,42.25,41.95000076293945,42.20000076293945,38.61176300048828,134300,443,1,0.4761922927129847,56.20439419564768
2017-02-22,41.95000076293945,42.400001525878906,41.849998474121094,42.349998474121094,38.749000549316406,88000,444,2,0.9535106171798091,59.25925925925926
2017-02-23,42.349998474121094,42.849998474121094,42.150001525878906,42.849998474121094,39.20649337768555,143100,445,3,1.1806375868125052,60.144914315789585
2017-02-24,42.25,42.650001525878906,42.0,42.349998474121094,38.749000549316406,116800,446,4,0.23668277898483137,51.492515218940945
2017-02-27,42.29999923706055,42.70000076293945,42.150001525878906,42.45000076293945,38.84050750732422,209100,447,0,0.35461354275270196,55.90551323009418
2017-02-28,42.25,42.349998474121094,41.630001068115234,41.900001525878906,38.33726501464844,180500,448,1,-0.8283987553161953,40.17858237636631
2017-03-01,42.650001525878906,43.349998474121094,42.5,43.349998474121094,39.66397476196289,140100,449,2,1.641258905506593,63.24786882124443
2017-03-02,43.349998474121094,43.349998474121094,42.650001525878906,42.70000076293945,39.06924819946289,75100,450,3,-1.4994180716515482,53.71901972863279
2017-03-03,42.650001525878906,43.099998474121094,42.380001068115234,42.79999923706055,39.16074752807617,88100,451,4,0.3516945036698971,54.47154572402761
2017-03-06,42.400001525878906,42.599998474121094,42.20000076293945,42.25,38.657501220703125,68700,452,0,-0.35377717094503547,53.60001269533575
2017-03-07,42.099998474121094,42.20000076293945,41.70000076293945,41.95000076293945,38.38302230834961,129300,453,1,-0.35628911310732203,47.967475136181896
2017-03-08,41.900001525878906,42.20000076293945,41.349998474121094,41.54999923706055,38.017032623291016,174300,454,2,-0.8353276278574517,47.19997656245708
2017-03-09,41.70000076293945,42.099998474121094,41.599998474121094,41.599998474121094,38.062774658203125,164200,455,3,-0.23981363786265142,44.06778017220478
2017-03-10,41.849998474121094,42.0,41.45000076293945,41.45000076293945,37.92552947998047,139300,456,4,-0.9557890699302907,45.614026868904006
2017-03-13,41.400001525878906,41.75,41.400001525878906,41.54999923706055,38.017032623291016,183900,457,0,0.3623132986791733,44.14411751767824
2017-03-14,41.349998474121094,41.95000076293945,41.25,41.849998474121094,38.2915153503418,116200,458,1,1.2091898874262874,45.614026868904006
2017-03-15,41.95000076293945,42.279998779296875,41.54999923706055,42.0,38.428768157958984,154800,459,2,0.11918769046774802,42.056075432737146
2017-03-16,41.79999923706055,41.97999954223633,41.20000076293945,41.45000076293945,38.17548751831055,146400,460,3,-0.8373169390174962,41.66667255355597
2017-03-17,41.45000076293945,41.5,40.900001525878906,41.20000076293945,37.94523239135742,415200,461,4,-0.6031362977043098,38.73871396993325
2017-03-20,41.04999923706055,41.099998474121094,40.599998474121094,40.599998474121094,37.392635345458984,131800,462,0,-1.096225995866007,38.39281091877134
2017-03-21,40.849998474121094,40.849998474121094,39.79999923706055,39.849998474121094,36.70188903808594,208000,463,1,-2.4479805075966143,14.28566979939339
2017-03-22,39.599998474121094,40.20000076293945,39.20000076293945,39.650001525878906,36.517696380615234,164500,464,2,0.12627033758723094,15.730292772037615
2017-03-23,39.70000076293945,40.29999923706055,39.599998474121094,40.0,36.84004211425781,190500,465,3,0.7556655700132975,20.212730556175558
2017-03-24,40.0,40.04999923706055,39.630001068115234,39.79999923706055,36.65584182739258,171500,466,4,-0.500001907348635,21.839037116611493
2017-03-27,39.20000076293945,39.650001525878906,39.20000076293945,39.5,36.379547119140625,213300,467,0,0.765304161279956,21.839037116611493
2017-03-28,39.29999923706055,40.29999923706055,39.25,40.04999923706055,36.886085510253906,251300,468,1,1.9083969836130033,33.333305076268644
2017-03-29,39.95000076293945,40.20000076293945,39.849998474121094,40.150001525878906,36.97819137573242,194900,469,2,0.5006276824029321,34.0659515709023
2017-03-30,40.150001525878906,40.900001525878906,40.099998474121094,40.79999923706055,37.57683181762695,150400,470,3,1.6189232539945975,43.56433549424169
2017-03-31,40.5,41.150001525878906,40.5,41.04999923706055,37.80708694458008,196500,471,4,1.3580228075569023,45.19230487078438
2017-04-03,41.20000076293945,41.20000076293945,40.08000183105469,40.099998474121094,36.93214416503906,178800,472,0,-2.669908418564504,35.042731141370766
2017-04-04,40.099998474121094,40.45000076293945,40.0,40.150001525878906,36.97819137573242,114300,473,1,0.12469589441526097,33.913056746773094
2017-04-05,40.20000076293945,40.20000076293945,39.75,39.79999923706055,36.65584182739258,264400,474,2,-0.9950286524563201,35.13512956216921
2017-04-06,39.849998474121094,40.04999923706055,39.54999923706055,40.0,36.84004211425781,179200,475,3,0.37641538675670105,39.090909721437136
2017-04-07,39.75,40.16999816894531,39.58000183105469,40.04999923706055,36.886085510253906,147900,476,4,0.7547150617875475,44.44445300717548
2017-04-10,38.900001525878906,39.45000076293945,37.70000076293945,37.849998474121094,34.859886169433594,384400,477,0,-2.699236531030158,34.3750037252894
2017-04-11,37.70000076293945,38.25,37.70000076293945,38.25,35.22829055786133,178600,478,1,1.4588838884088684,39.39393764247303
2017-04-12,38.04999923706055,38.16999816894531,37.75,37.900001525878906,34.905941009521484,141400,479,2,-0.3942121266471532,34.09093536290453
2017-04-13,37.75,37.900001525878906,37.150001525878906,37.150001525878906,34.21519088745117,143100,480,3,-1.5893999314466112,31.46856131601089
2017-04-17,37.349998474121094,37.900001525878906,37.099998474121094,37.849998474121094,34.859886169433594,117300,481,0,1.338688140366151,39.07284199378735
2017-04-18,37.70000076293945,38.150001525878906,37.650001525878906,38.099998474121094,35.09013366699219,160200,482,1,1.061001864951816,36.55172595229263
2017-04-19,38.29999923706055,38.5,37.900001525878906,38.400001525878906,35.36643981933594,201200,483,2,0.26110258697236155,38.25504077371229
2017-04-20,38.5,39.0,38.25,39.0,35.91904067993164,135500,484,3,1.298701298701288,37.83785177025023
2017-04-21,38.849998474121094,39.25,38.75,39.099998474121094,36.011138916015625,152300,485,4,0.6435006687748768,36.55172595229263
2017-04-24,39.79999923706055,39.849998474121094,39.099998474121094,39.25,36.149288177490234,151300,486,0,-1.3819076572956446,43.41086921807633
2017-04-25,35.5,39.150001525878906,34.900001525878906,38.75,35.68879318237305,323700,487,1,9.154929577464799,39.85506365014479
2017-04-26,38.54999923706055,39.380001068115234,38.54999923706055,39.099998474121094,36.011138916015625,160600,488,2,1.4267165964864548,44.92752902073371
2017-04-27,39.099998474121094,39.400001525878906,38.79999923706055,38.849998474121094,35.780887603759766,135700,489,3,-0.6393862142103801,41.72660409462649
2017-04-28,39.0,39.0,38.599998474121094,38.650001525878906,35.59669494628906,175200,490,4,-0.8974319849258783,40.14085377287275
2017-05-01,38.70000076293945,38.79999923706055,38.54999923706055,38.650001525878906,35.59669494628906,172200,491,0,-0.12919699244148264,58.16330661484899
2017-05-02,38.70000076293945,39.0,38.5,38.650001525878906,35.59669494628906,136500,492,1,-0.12919699244148264,54.4444689339005
2017-05-03,38.45000076293945,38.91999816894531,38.45000076293945,38.849998474121094,35.780887603759766,117300,493,2,1.040306120272394,60.91952813410925
2017-05-04,39.099998474121094,39.25,38.599998474121094,38.900001525878906,35.82694625854492,120700,494,3,-0.511501166360806,73.97264282668495
2017-05-05,38.95000076293945,39.099998474121094,38.349998474121094,38.650001525878906,35.59669494628906,94000,495,4,-0.7702162546450952,62.50005960470161
2017-05-08,38.5,38.79999923706055,38.20000076293945,38.29999923706055,35.27433395385742,95800,496,0,-0.5194825011414328,53.03031529058174
2017-05-09,38.29999923706055,38.5,37.75,37.95000076293945,34.951988220214844,70400,497,1,-0.9138341542900608,43.2835599950352
2017-05-10,37.849998474121094,38.45000076293945,37.849998474121094,38.25,35.22829055786133,79800,498,2,1.0568072443976284,37.70489957950716
2017-05-11,38.150001525878906,38.150001525878906,37.599998474121094,37.70000076293945,34.72173309326172,73900,499,3,-1.1795563432263512,30.00001089914693
2017-05-12,37.54999923706055,37.70000076293945,37.349998474121094,37.650001525878906,34.67568588256836,109900,500,4,0.26631768535338995,26.47056843579179
2017-05-15,37.650001525878906,38.099998474121094,37.599998474121094,37.900001525878906,34.905941009521484,73300,501,0,0.6640105972589794,36.50793458568675
2017-05-16,38.04999923706055,38.04999923706055,37.45000076293945,37.70000076293945,34.72173309326172,85000,502,1,-0.9198383209958028,26.666675143782484
2017-05-17,37.70000076293945,37.70000076293945,36.849998474121094,37.099998474121094,34.16913604736328,148100,503,2,-1.5915179752680086,23.880585117891272
2017-05-18,37.04999923706055,37.650001525878906,37.04999923706055,37.29999923706055,34.353336334228516,95000,504,3,0.6747638465534056,29.850725873764347
2017-05-19,37.29999923706055,37.349998474121094,36.779998779296875,36.95000076293945,34.030982971191406,145700,505,4,-0.9383337299732175,27.027021454059195
2017-05-22,37.099998474121094,37.95000076293945,37.099998474121094,37.849998474121094,34.859886169433594,147500,506,0,2.021563425462558,41.30431177033524
2017-05-23,37.95000076293945,38.29999923706055,37.599998474121094,38.04999923706055,35.044090270996094,87300,507,1,0.26350058527204734,41.30436044558958
2017-05-24,38.29999923706055,38.5,38.029998779296875,38.20000076293945,35.18223571777344,109500,508,2,-0.2610926269270841,42.5531845818078
2017-05-25,38.25,38.45000076293945,38.04999923706055,38.400001525878906,35.36643981933594,125600,509,3,0.3921608519710018,47.311828839101864
2017-05-26,38.25,38.75,38.20000076293945,38.599998474121094,35.550636291503906,162400,510,4,0.9150286905126537,53.333327681925184
2017-05-30,38.5,38.599998474121094,38.29999923706055,38.45000076293945,35.41249084472656,90100,511,1,-0.12986814820921122,55.81395967771984
2017-05-31,38.54999923706055,38.75,38.20000076293945,38.25,35.22829055786133,144800,512,2,-0.7782081530422924,50.0
2017-06-01,38.25,38.400001525878906,37.91999816894531,38.349998474121094,35.32038116455078,248200,513,3,0.26143391927082593,58.666644965255706
2017-06-02,38.29999923706055,39.45000076293945,38.29999923706055,39.25,36.149288177490234,124300,514,4,2.4804197959883867,67.39129353110057
2017-06-05,39.20000076293945,39.70000076293945,38.70000076293945,38.70000076293945,35.64273452758789,92000,515,0,-1.2755101792567114,58.163261334132606
2017-06-06,38.400001525878906,38.75,38.20000076293945,38.400001525878906,35.36643981933594,66400,516,1,0.0,57.0000129699806
2017-06-07,38.400001525878906,38.70000076293945,38.25,38.5,35.45853042602539,63100,517,2,0.26041268267580353,65.55559888305474
2017-06-08,38.400001525878906,39.900001525878906,38.29999923706055,39.29999923706055,36.19533920288086,86700,518,3,2.3437439464035092,69.60787833637013
2017-06-09,39.349998474121094,40.54999923706055,39.349998474121094,40.45000076293945,37.25448989868164,154500,519,4,2.7954315920540207,79.66104763333351
2017-06-12,40.150001525878906,40.70000076293945,39.349998474121094,39.349998474121094,36.48945999145508,149700,520,0,-1.9925355450912452,62.29508504275589
2017-06-13,39.599998474121094,39.75,39.20000076293945,39.45000076293945,36.58219909667969,106300,521,1,-0.37878211353887803,61.66667938232421
2017-06-14,39.400001525878906,39.45000076293945,38.900001525878906,39.29999923706055,36.44309616088867,98800,522,2,-0.2538129059529992,59.16665395100912
2017-06-15,38.900001525878906,39.5,38.900001525878906,39.400001525878906,36.53583526611328,64600,523,3,1.2853469932831985,58.474574079462066
2017-06-16,37.95000076293945,39.25,37.95000076293945,39.25,36.396732330322266,339600,524,4,3.4255578680516763,55.55556280093691
2017-06-19,39.349998474121094,39.45000076293945,38.650001525878906,38.70000076293945,35.88671112060547,95200,525,0,-1.6518366871325796,51.99999755859673
2017-06-20,38.650001525878906,39.29999923706055,38.5,39.150001525878906,36.30400466918945,138300,526,1,1.2936610097290968,56.92308053462039
2017-06-21,39.20000076293945,39.20000076293945,38.04999923706055,38.099998474121094,35.33032989501953,90300,527,2,-2.8061282331869886,48.32215040020973
2017-06-22,38.20000076293945,38.25,37.650001525878906,37.70000076293945,34.95941162109375,76700,528,3,-1.3089004974185414,38.84893981732288
2017-06-23,37.650001525878906,37.849998474121094,37.29999923706055,37.5,34.77395248413086,178600,529,4,-0.3984104111544373,40.909098790684986
2017-06-26,37.650001525878906,37.849998474121094,37.0,37.150001525878906,34.44939422607422,158900,530,0,-1.3280211945179365,40.601516698599184
2017-06-27,37.20000076293945,37.75,37.099998474121094,37.75,35.00577163696289,218200,531,1,1.4784925424208062,44.755251470924044
2017-06-28,38.0,38.54999923706055,37.599998474121094,38.5,35.70125198364258,178300,532,2,1.3157894736842035,44.36621042592916
2017-06-29,38.849998474121094,38.900001525878906,37.79999923706055,38.099998474121094,35.33032989501953,101900,533,3,-1.9305020063246414,31.496073871647354
2017-06-30,38.150001525878906,38.150001525878906,37.650001525878906,37.79999923706055,35.05213928222656,122900,534,4,-0.917437155489853,36.036060185538396
2017-07-03,37.849998474121094,38.70000076293945,37.849998474121094,38.54999923706055,35.747623443603516,56700,535,0,1.8494076384654612,42.74192853723696
2017-07-05,38.5,38.5,37.349998474121094,37.650001525878906,34.91304016113281,105700,536,2,-2.2077882444703767,38.12951417228488
2017-07-06,37.5,38.029998779296875,37.400001525878906,37.599998474121094,34.86667251586914,124300,537,3,0.266662597656242,36.95650250940682
2017-07-07,37.70000076293945,38.04999923706055,37.45000076293945,37.900001525878906,35.144874572753906,76300,538,4,0.530505991756014,40.425546881256366
2017-07-10,37.75,37.900001525878906,37.20000076293945,37.20000076293945,34.495758056640625,102700,539,0,-1.4569516213524425,39.58333995606743
2017-07-11,37.25,37.29999923706055,36.650001525878906,36.900001525878906,34.217567443847656,155400,540,1,-0.9395932191170298,34.04256009904141
2017-07-12,36.599998474121094,36.599998474121094,35.79999923706055,35.849998474121094,33.243892669677734,183500,541,2,-2.0491804133005775,34.04256009904141
2017-07-13,35.849998474121094,36.25,35.849998474121094,36.04999923706055,33.429351806640625,131200,542,3,0.5578822076766077,37.95620397307327
2017-07-14,35.70000076293945,36.349998474121094,35.5,36.20000076293945,33.568458557128906,170300,543,4,1.4005601941584622,40.44119173266179
2017-07-17,36.20000076293945,36.349998474121094,35.70000076293945,36.0,33.382999420166016,232600,544,0,-0.5524882837687928,41.3533838899533
2017-07-18,35.79999923706055,35.95000076293945,35.29999923706055,35.650001525878906,33.05842971801758,138300,545,1,-0.4189880289895642,33.5937853902072
2017-07-19,35.650001525878906,36.0,35.45000076293945,36.0,33.382999420166016,93800,546,2,0.9817628587393656,29.166693157586224
2017-07-20,35.95000076293945,36.150001525878906,35.70000076293945,36.0,33.382999420166016,105700,547,3,0.13907993323909462,31.250034059759898
2017-07-21,36.29999923706055,36.599998474121094,35.54999923706055,35.650001525878906,33.05842971801758,108300,548,4,-1.7906273411654072,30.973489566981627
2017-07-24,35.599998474121094,36.099998474121094,35.349998474121094,36.04999923706055,33.429351806640625,140200,549,0,1.2640471410878762,26.41510791988277
2017-07-25,35.599998474121094,37.099998474121094,35.099998474121094,37.0,34.3102912902832,287400,550,1,3.9325887243973234,43.92522631467865
2017-07-26,37.0,37.099998474121094,36.599998474121094,36.70000076293945,34.032100677490234,192300,551,2,-0.8108087488122862,41.964309434491796
2017-07-27,36.70000076293945,36.849998474121094,36.599998474121094,36.75,34.07846450805664,145700,552,3,0.13623770033006632,39.25231912269068
2017-07-28,36.70000076293945,37.0,36.599998474121094,36.95000076293945,34.26393508911133,87400,553,4,0.6811988959206206,47.42267960150952
2017-07-31,37.0,37.25,36.79999923706055,36.900001525878906,34.217567443847656,126300,554,0,-0.27026614627322365,50.0
2017-08-01,37.099998474121094,37.150001525878906,36.75,37.099998474121094,34.40302658081055,64800,555,1,0.0,66.6667005751558
2017-08-02,37.099998474121094,37.41999816894531,37.0,37.25,34.542118072509766,63300,556,2,0.404316797973836,66.21625662031629
2017-08-03,37.25,37.400001525878906,36.75,36.849998474121094,34.171199798583984,136900,557,3,-1.0738295996749136,58.227833431678654
2017-08-04,37.0,37.400001525878906,36.75,36.95000076293945,34.26393508911133,87300,558,4,-0.13513307313661738,62.3376893603487
2017-08-07,36.900001525878906,37.099998474121094,36.650001525878906,36.849998474121094,34.171199798583984,151500,559,0,-0.13550961975636877,66.66663134538072
2017-08-08,36.75,37.79999923706055,36.650001525878906,37.29999923706055,34.58848571777344,166500,560,1,1.4965965634300638,67.56755363514799
2017-08-09,37.099998474121094,37.349998474121094,36.900001525878906,37.349998474121094,34.63485336303711,107800,561,2,0.6738544751541786,67.99997965494791
2017-08-10,37.150001525878906,37.29999923706055,36.900001525878906,37.04999923706055,34.356658935546875,105400,562,3,-0.2691851539997847,68.91888408786998
2017-08-11,37.099998474121094,37.150001525878906,36.20000076293945,36.400001525878906,33.75390625,127500,563,4,-1.8867843046690869,54.43040786348988
2017-08-14,36.599998474121094,37.5,36.599998474121094,37.5,34.77395248413086,128900,564,0,2.4590206650289215,56.09756324491296
2017-08-15,37.54999923706055,37.849998474121094,36.849998474121094,37.099998474121094,34.40302658081055,91000,565,1,-1.198404186637958,54.761876649061534
2017-08-16,37.20000076293945,37.54999923706055,37.04999923706055,37.400001525878906,34.681217193603516,93600,566,2,0.5376364484882101,57.3033804183647
2017-08-17,37.29999923706055,37.45000076293945,36.900001525878906,36.95000076293945,34.26393508911133,164200,567,3,-0.9383337299732175,50.0
2017-08-18,36.599998474121094,37.20000076293945,36.529998779296875,37.099998474121094,34.40302658081055,169500,568,4,1.366120275533711,52.083300219662846
2017-08-21,37.04999923706055,37.150001525878906,36.79999923706055,37.04999923706055,34.356658935546875,92400,569,0,0.0,49.46237441251678
2017-08-22,37.150001525878906,37.29999923706055,36.849998474121094,37.20000076293945,34.495758056640625,67600,570,1,0.13458744281804602,49.46237441251678
2017-08-23,37.04999923706055,37.349998474121094,36.95000076293945,36.95000076293945,34.26393508911133,100700,571,2,-0.26990142018968877,51.1111356005049
2017-08-24,37.150001525878906,37.20000076293945,36.79999923706055,36.900001525878906,34.217567443847656,74200,572,3,-0.6729474824539339,49.438210915861504
2017-08-25,36.900001525878906,37.20000076293945,36.70000076293945,36.900001525878906,34.217567443847656,140200,573,4,0.0,50.57474792296237
2017-08-28,36.849998474121094,36.95000076293945,35.099998474121094,35.599998474121094,33.01206588745117,257700,574,0,-3.392130398262694,33.65384121618399
2017-08-29,35.349998474121094,35.900001525878906,35.279998779296875,35.54999923706055,32.96570587158203,467400,575,1,0.5657730454666554,32.692317567632
2017-08-30,35.5,35.95000076293945,35.400001525878906,35.54999923706055,32.96570587158203,123700,576,2,0.1408429212973239,34.693882317404515
2017-08-31,35.599998474121094,35.70000076293945,35.04999923706055,35.150001525878906,32.594783782958984,191500,577,3,-1.2640364256456538,36.559144195509326
2017-09-01,35.20000076293945,35.25,34.790000915527344,35.150001525878906,32.594783782958984,218500,578,4,-0.14204328402511734,16.901458395120628
2017-09-05,36.099998474121094,36.349998474121094,34.54999923706055,34.70000076293945,32.177490234375,218300,579,1,-3.878110167193649,16.666719648539456
2017-09-06,34.849998474121094,35.029998779296875,34.650001525878906,34.75,32.22386169433594,237600,580,2,-0.28693968005579773,10.447720404198662
2017-09-07,34.70000076293945,34.79999923706055,33.849998474121094,34.0,31.528383255004883,290400,581,3,-2.0172932206015237,9.58900530400021
2017-09-08,33.95000076293945,35.099998474121094,33.95000076293945,34.75,32.22386169433594,171900,582,4,2.3564041799193136,22.352959127987134
2017-09-11,35.20000076293945,35.900001525878906,35.04999923706055,35.75,33.151161193847656,144300,583,0,1.5624977986921529,37.500009169944
2017-09-12,35.75,36.599998474121094,35.650001525878906,36.5,33.846641540527344,163600,584,1,2.0979020979021046,43.965509870530475
2017-09-13,36.349998474121094,37.25,36.349998474121094,37.25,34.542118072509766,180000,585,2,2.47593277485183,52.38094661421357
2017-09-14,36.900001525878906,37.150001525878906,36.75,36.95000076293945,34.51877212524414,188500,586,3,0.13549928182383653,50.38167360980476
2017-09-15,36.95000076293945,37.849998474121094,36.79999923706055,37.650001525878906,35.172706604003906,320400,587,4,1.8944539877832733,55.17241379310345
2017-09-18,37.70000076293945,37.95000076293945,37.349998474121094,37.849998474121094,35.35954666137695,171500,588,0,0.39787190489686264,68.29270108126616
2017-09-19,37.849998474121094,38.400001525878906,37.75,37.95000076293945,35.452964782714844,151100,589,1,0.26420685032981783,69.35486054198262
2017-09-20,37.900001525878906,38.150001525878906,37.70000076293945,37.849998474121094,35.35954666137695,148800,590,2,-0.13193416819170523,68.25396440947571
2017-09-21,37.650001525878906,38.04999923706055,37.54999923706055,37.599998474121094,35.12599563598633,187900,591,3,-0.13281022504990636,69.91866943392387
2017-09-22,37.5,37.79999923706055,37.5,37.599998474121094,35.12599563598633,140800,592,4,0.266662597656242,69.91866943392387
2017-09-25,37.54999923706055,38.04999923706055,37.54999923706055,37.900001525878906,35.40626525878906,183100,593,0,0.9320966602655023,76.6666560702921
2017-09-26,37.79999923706055,39.04999923706055,37.650001525878906,38.79999923706055,36.247039794921875,235500,594,1,2.645502698898361,79.56202834903856
2017-09-27,39.150001525878906,39.849998474121094,38.95000076293945,39.599998474121094,36.99440383911133,214800,595,2,1.1494174475184415,90.57969011396544
2017-09-28,39.599998474121094,39.650001525878906,38.70000076293945,39.54999923706055,36.947689056396484,239700,596,3,-0.12626070451295934,88.70966650320896
2017-09-29,39.5,39.5,39.20000076293945,39.349998474121094,36.76084899902344,229200,597,4,-0.37975069842760556,83.333309785826
2017-10-02,39.349998474121094,39.95000076293945,39.150001525878906,39.900001525878906,37.274662017822266,295900,598,0,1.3977206431647682,82.69229358471188
2017-10-03,39.79999923706055,40.0,39.45000076293945,40.0,37.36808395385742,263900,599,1,0.5025144893802347,80.21975995090362
2017-10-04,39.95000076293945,40.0,39.41999816894531,39.75,37.134525299072266,171100,600,2,-0.500627682402921,81.11107626081996
2017-10-05,39.650001525878906,40.20000076293945,39.54999923706055,40.099998474121094,37.46150588989258,79400,601,3,1.1349229027103114,79.51802466775378
2017-10-06,40.099998474121094,40.5,39.66999816894531,39.75,37.134525299072266,155200,602,4,-0.8728141831401026,72.09302531892621
2017-10-09,39.650001525878906,40.0,39.54999923706055,39.599998474121094,36.99440383911133,128100,603,0,-0.1261110966797263,68.96548095414735
2017-10-10,39.599998474121094,39.95000076293945,39.58000183105469,39.849998474121094,37.22795486450195,142400,604,1,0.6313131556390683,72.22222222222223
2017-10-11,39.79999923706055,40.25,39.79999923706055,39.95000076293945,37.321372985839844,88200,605,2,0.37688826320185775,77.01150634861754
2017-10-12,39.95000076293945,40.349998474121094,39.79999923706055,40.25,37.60163879394531,89600,606,3,0.7509367492649632,78.49463071281491
2017-10-13,40.20000076293945,40.599998474121094,40.20000076293945,40.29999923706055,37.648345947265625,87600,607,4,0.2487524184658252,77.27271545031223
2017-10-16,40.349998474121094,40.79999923706055,40.349998474121094,40.650001525878906,37.975311279296875,78300,608,0,0.743502015124542,74.02598946747848
2017-10-17,40.75,40.849998474121094,40.29999923706055,40.45000076293945,37.788475036621094,139700,609,1,-0.736194446774352,63.07694294041215
2017-10-18,40.599998474121094,41.099998474121094,40.5,40.95000076293945,38.255577087402344,143800,610,2,0.8620746354004227,68.91891613243787
2017-10-19,40.650001525878906,40.75,40.45000076293945,40.70000076293945,38.02202606201172,143100,611,3,0.12299934854544947,68.00001220701883
2017-10-20,41.04999923706055,41.150001525878906,40.45000076293945,40.5,37.83518600463867,172400,612,4,-1.339827642588598,58.823503012487514
2017-10-23,40.45000076293945,40.650001525878906,40.0,40.04999923706055,37.414791107177734,185000,613,0,-0.9888789081195504,50.66665581598326
2017-10-24,40.25,40.849998474121094,40.25,40.45000076293945,37.788475036621094,103300,614,1,0.49689630543963137,58.97435646634317
2017-10-25,43.70000076293945,45.45000076293945,42.849998474121094,43.0,40.17068862915039,336000,615,2,-1.6018323815067292,73.77048052630262
2017-10-26,43.349998474121094,44.400001525878906,43.29999923706055,44.0,41.10489273071289,276600,616,3,1.4994268714148662,81.48144589861168
2017-10-27,44.099998474121094,44.5,43.75,44.5,41.571998596191406,206700,617,4,0.907032969884658,84.50702333518159
2017-10-30,44.400001525878906,44.75,44.029998779296875,44.29999923706055,41.38515090942383,125400,618,0,-0.2252303724811222,81.56025836026615
2017-10-31,44.29999923706055,44.349998474121094,43.650001525878906,43.79999923706055,40.91804504394531,237300,619,1,-1.1286681909956076,75.8389000570412
2017-11-01,43.900001525878906,44.400001525878906,43.29999923706055,43.400001525878906,40.54437255859375,247400,620,2,-1.138952124421344,70.86092882535667
2017-11-02,43.45000076293945,44.20000076293945,43.45000076293945,43.900001525878906,41.011478424072266,167300,621,3,1.0356749252885544,72.50000357627698
2017-11-03,43.75,44.20000076293945,43.45000076293945,44.20000076293945,41.29173278808594,129500,622,4,1.0285731724330338,72.32703708413206
2017-11-06,44.04999923706055,45.150001525878906,44.04999923706055,45.04999923706055,42.08580017089844,266600,623,0,2.2701475989099995,76.74418192028347
2017-11-07,44.95000076293945,45.70000076293945,44.849998474121094,45.400001525878906,42.41277313232422,187500,624,1,1.0011140273672003,76.33136308375585
2017-11-08,45.25,45.650001525878906,45.04999923706055,45.349998474121094,42.36606979370117,129900,625,2,0.22099110303004377,78.18179127928241
2017-11-09,45.150001525878906,45.599998474121094,44.79999923706055,45.20000076293945,42.2259407043457,151600,626,3,0.1107402776761468,78.65853857100524
2017-11-10,45.150001525878906,45.849998474121094,45.0,45.75,42.73974609375,203900,627,4,1.3289002299970987,84.33735714991532
2017-11-13,45.5,46.099998474121094,45.25,45.45000076293945,42.45948791503906,152700,628,0,-0.10988843310010266,80.4878162245648
2017-11-14,45.400001525878906,45.70000076293945,45.150001525878906,45.599998474121094,42.599613189697266,241400,629,1,0.44052189762193716,72.41379763935824
2017-11-15,45.400001525878906,46.099998474121094,45.22999954223633,45.70000076293945,42.69303512573242,189300,630,2,0.6607912488495016,67.34695466346959
2017-11-16,45.95000076293945,45.95000076293945,45.25,45.45000076293945,42.45948791503906,147300,631,3,-1.0881392637609455,60.21506699514098
2017-11-17,45.25,45.93000030517578,45.25,45.54999923706055,42.55290985107422,208900,632,4,0.6629817393603243,63.7362775559755
2017-11-20,45.650001525878906,45.70000076293945,45.29999923706055,45.599998474121094,42.599613189697266,129800,633,0,-0.10953570665154233,71.9512388012903
2017-11-21,45.599998474121094,45.79999923706055,45.45000076293945,45.54999923706055,42.55290985107422,196200,634,1,-0.10964745336323745,78.66666531032848
2017-11-22,45.599998474121094,45.650001525878906,45.18000030517578,45.45000076293945,42.45948791503906,136200,635,2,-0.32894236008970124,73.13435385188248
2017-11-24,45.5,45.650001525878906,45.25,45.54999923706055,42.55290985107422,64600,636,4,0.10988843310011376,71.4285887288193
2017-11-27,45.599998474121094,45.95000076293945,45.29999923706055,45.45000076293945,42.45948791503906,216500,637,0,-0.32894236008970124,58.33338631537454
2017-11-28,45.45000076293945,46.400001525878906,45.25,46.349998474121094,43.30025863647461,175400,638,1,1.9801929506577887,66.10170149045288
2017-11-29,46.54999923706055,47.650001525878906,46.25,47.150001525878906,44.047630310058594,167700,639,2,1.2889415653108527,74.32443578402565
2017-11-30,47.349998474121094,47.5,46.400001525878906,46.70000076293945,43.62724304199219,187400,640,3,-1.3727512822136467,68.75003576285508
2017-12-01,46.79999923706055,46.900001525878906,45.099998474121094,46.849998474121094,43.767364501953125,163600,641,4,0.1068359783667594,65.27779543845818
2017-12-04,47.349998474121094,47.599998474121094,46.5,46.54999923706055,43.48710250854492,106000,642,0,-1.6895443776999919,65.27779543845818
2017-12-05,46.599998474121094,46.75,46.150001525878906,46.29999923706055,43.25355911254883,101500,643,1,-0.6437752079051062,59.45948732435606
2017-12-06,46.20000076293945,46.45000076293945,45.45000076293945,45.5,42.50619125366211,270200,644,2,-1.5151531415146136,47.727258934431276
2017-12-07,45.54999923706055,45.900001525878906,45.25,45.54999923706055,42.55290985107422,191400,645,3,0.0,51.19046105275012
2017-12-08,45.5,45.650001525878906,44.97999954223633,45.0,42.03909683227539,136700,646,4,-1.098901098901095,44.0860170948024
2017-12-11,45.0,45.150001525878906,44.25,44.349998474121094,41.431861877441406,128500,647,0,-1.4444478352864554,38.095220794998596
2017-12-12,44.349998474121094,44.630001068115234,44.150001525878906,44.29999923706055,41.38515090942383,143700,648,1,-0.11273785519907431,38.095220794998596
2017-12-13,44.20000076293945,44.70000076293945,43.70000076293945,43.75,40.87134552001953,111200,649,2,-1.0181012560451563,35.08769464181621
2017-12-14,43.849998474121094,43.849998474121094,43.0,43.150001525878906,40.310821533203125,157100,650,3,-1.5963442932735883,30.64515831318822
2017-12-15,42.95000076293945,44.25,42.95000076293945,43.650001525878906,41.03947448730469,529500,651,4,1.6298038428522288,36.36363110922816
2017-12-18,44.099998474121094,44.900001525878906,43.849998474121094,44.099998474121094,41.46255874633789,102800,652,0,0.0,31.70729891873384
2017-12-19,44.150001525878906,44.400001525878906,43.349998474121094,43.400001525878906,40.80442810058594,422400,653,1,-1.698754188174556,19.00820193093429
2017-12-20,43.650001525878906,43.900001525878906,43.5,43.5,40.898441314697266,86500,654,2,-0.34364609538438673,21.929746482605935
2017-12-21,43.5,44.54999923706055,43.45000076293945,44.349998474121094,41.69760513305664,116500,655,3,1.954019480738145,30.468708090394216
2017-12-22,44.54999923706055,44.54999923706055,43.900001525878906,44.150001525878906,41.50957489013672,176300,656,4,-0.8978624422711246,30.95235067692883
2017-12-26,44.29999923706055,44.95000076293945,44.25,44.54999923706055,41.885643005371094,93900,657,1,0.5643340954978093,36.43407001556638
2017-12-27,44.70000076293945,45.20000076293945,44.349998474121094,44.5,41.83863830566406,250700,658,2,-0.4474289922278274,41.228041996605576
2017-12-28,44.5,44.650001525878906,44.29999923706055,44.45000076293945,41.7916259765625,156900,659,3,-0.11235783609111483,40.35085958121182
2017-12-29,44.45000076293945,44.630001068115234,44.099998474121094,44.099998474121094,41.46255874633789,177100,660,4,-0.7874067104857607,41.81814524742889
2018-01-02,44.29999923706055,44.630001068115234,43.5,43.75,41.13349151611328,219000,661,1,-1.241533287884189,44.230763587706065
2018-01-03,43.54999923706055,43.79999923706055,43.04999923706055,43.04999923706055,40.47536087036133,83100,662,2,-1.148105645830888,39.316208662582866
2018-01-04,43.150001525878906,43.70000076293945,43.0,43.54999923706055,40.94544982910156,119100,663,3,0.9269935041410049,48.27585072916824
2018-01-05,43.599998474121094,43.599998474121094,43.25,43.5,40.898441314697266,94500,664,4,-0.2293543064696424,53.33332848925924
2018-01-08,43.5,43.75,43.04999923706055,43.54999923706055,40.94544982910156,160200,665,0,0.11494077485183496,48.95830601444663
2018-01-09,43.599998474121094,44.54999923706055,43.599998474121094,43.79999923706055,41.18049621582031,203800,666,1,0.4587173622452312,46.73912953338657
2018-01-10,43.79999923706055,44.20000076293945,43.75,43.75,41.13349151611328,66000,667,2,-0.11415351125906303,54.43037241203477
2018-01-11,43.79999923706055,44.349998474121094,43.79999923706055,44.150001525878906,41.50957489013672,128800,668,3,0.7990919975227051,57.64709050273312
2018-01-12,44.20000076293945,44.45000076293945,43.79999923706055,44.04999923706055,41.41554260253906,73000,669,4,-0.3393699621939361,45.71429194236968
2018-01-16,44.25,44.400001525878906,43.45000076293945,43.5,40.898441314697266,148800,670,1,-1.6949152542372836,41.55841839616191
2018-01-17,43.599998474121094,44.400001525878906,43.29999923706055,44.20000076293945,41.556575775146484,166700,671,2,1.3761520867357158,45.78315246466121
2018-01-18,44.29999923706055,44.380001068115234,43.79999923706055,44.099998474121094,41.46255874633789,189700,672,3,-0.45146899860922796,45.238082262948616
2018-01-19,43.849998474121094,44.70000076293945,43.849998474121094,44.70000076293945,42.02667236328125,123900,673,4,1.9384317409269824,52.63157472056383
2018-01-22,44.900001525878906,44.900001525878906,43.75,43.849998474121094,41.22750473022461,127400,674,0,-2.3385367841304516,47.619051079085466
2018-01-23,43.79999923706055,44.0,43.45000076293945,43.75,41.13349151611328,176700,675,1,-0.11415351125906303,50.0
2018-01-24,44.0,44.0,43.099998474121094,43.099998474121094,40.522369384765625,138400,676,2,-2.0454580133611455,50.50504194233266
2018-01-25,43.25,43.29999923706055,42.75,43.29999923706055,40.71040344238281,123500,677,3,0.11560517239432855,47.31183324965627
2018-01-26,43.45000076293945,43.54999923706055,42.79999923706055,42.79999923706055,40.24031066894531,108000,678,4,-1.4959758675846202,43.13726076845805
2018-01-29,42.70000076293945,42.849998474121094,41.75,41.75,39.25310516357422,220600,679,0,-2.2248261029634175,35.24593188212481
2018-01-30,41.599998474121094,42.20000076293945,41.599998474121094,42.0,39.4881477355957,317700,680,1,0.9615421647857669,35.24593188212481
2018-01-31,42.0,42.20000076293945,41.150001525878906,41.29999923706055,38.830013275146484,209800,681,2,-1.666668483189171,31.85187696915753
2018-02-01,41.25,41.54999923706055,40.97999954223633,41.400001525878906,38.92403793334961,185800,682,3,0.36364006273674754,28.682210887894243
2018-02-02,41.099998474121094,41.349998474121094,40.29999923706055,40.349998474121094,37.93682861328125,150300,683,4,-1.8248175859963633,25.00003866240452
2018-02-05,40.150001525878906,40.70000076293945,38.849998474121094,38.900001525878906,36.573551177978516,148500,684,0,-3.1133249128130314,22.28920147918143
2018-02-06,38.150001525878906,39.099998474121094,37.75,38.70000076293945,36.3855094909668,173600,685,1,1.4416755309628382,14.743638022894018
2018-02-07,37.900001525878906,40.900001525878906,37.5,40.599998474121094,38.171875,254800,686,2,7.124002215141267,31.770844923118005
2018-02-08,40.349998474121094,40.400001525878906,38.75,38.75,36.432518005371094,198600,687,3,-3.9652999619002927,22.580647429580182
2018-02-09,38.70000076293945,40.400001525878906,38.70000076293945,40.04999923706055,37.65476608276367,267200,688,4,3.488368081413329,33.18584294856538
2018-02-12,40.150001525878906,41.04999923706055,39.20000076293945,40.95000076293945,38.500946044921875,297300,689,0,1.992526043977616,38.42975740736829
2018-02-13,40.70000076293945,40.83000183105469,40.099998474121094,40.20000076293945,37.79580307006836,241400,690,1,-1.228501205472432,38.11476422201912
2018-02-14,39.900001525878906,41.95000076293945,39.900001525878906,41.79999923706055,39.300113677978516,228200,691,2,4.761898843410606,44.485293498913656
2018-02-15,42.04999923706055,42.349998474121094,41.650001525878906,42.150001525878906,39.629180908203125,159800,692,3,0.23781757582108654,47.58365176836025
2018-02-16,41.900001525878906,42.5,41.900001525878906,42.25,39.72319412231445,169600,693,4,0.8353185235683735,52.0
2018-02-20,42.04999923706055,42.400001525878906,41.45000076293945,41.75,39.25310516357422,113800,694,1,-0.7134345838373912,49.01960784313726
2018-02-21,41.79999923706055,42.45000076293945,41.650001525878906,41.70000076293945,39.20608901977539,166500,695,2,-0.23923080369923078,51.65289907570819
2018-02-22,41.849998474121094,42.150001525878906,41.25,41.45000076293945,38.971046447753906,109000,696,3,-0.9557890699302907,50.20407858216533
2018-02-23,41.45000076293945,42.099998474121094,41.45000076293945,42.099998474121094,39.5821647644043,122200,697,4,1.5681488521534614,57.38397194955969
2018-02-26,42.099998474121094,42.95000076293945,42.04999923706055,42.900001525878906,40.334327697753906,93400,698,0,1.900244847394883,67.85714772282947
2018-02-27,42.75,43.04999923706055,42.099998474121094,42.099998474121094,39.5821647644043,95500,699,1,-1.520471405564694,64.4067708941166
2018-02-28,42.25,42.400001525878906,41.099998474121094,41.150001525878906,38.688987731933594,118200,700,2,-2.603546684310276,52.534576631829275
2018-03-01,41.150001525878906,41.54999923706055,40.900001525878906,41.45000076293945,38.971046447753906,158100,701,3,0.7290382161271092,64.51613432493593
2018-03-02,41.20000076293945,41.849998474121094,40.599998474121094,41.75,39.25310516357422,117300,702,4,1.3349495797953637,60.24096939279666
2018-03-05,41.599998474121094,42.95000076293945,41.349998474121094,42.79999923706055,40.24031066894531,107800,703,0,2.884617324411587,60.94674048672846
2018-03-06,43.0,43.0,42.0,42.95000076293945,40.3813362121582,142700,704,1,-0.11627729548964183,67.51592697161573
2018-03-07,42.650001525878906,43.150001525878906,42.650001525878906,42.650001525878906,40.099273681640625,172900,705,2,0.0,56.48856784600036
2018-03-08,42.95000076293945,43.20000076293945,42.349998474121094,42.599998474121094,40.05226135253906,142300,706,3,-0.8149063622843289,53.59997558593749
2018-03-09,42.95000076293945,44.25,42.599998474121094,44.04999923706055,41.41554260253906,131300,707,4,2.5611139803989325,61.842096677449874
2018-03-12,44.04999923706055,44.54999923706055,43.75,43.849998474121094,41.22750473022461,129100,708,0,-0.45403125176716186,64.38354517958334
2018-03-13,44.150001525878906,44.150001525878906,43.45000076293945,43.54999923706055,40.94544982910156,81100,709,1,-1.359008534726014,62.25164057179005
2018-03-14,43.70000076293945,44.0,43.25,43.45000076293945,40.85143280029297,100900,710,2,-0.57208236987496,63.51351072702959
2018-03-15,43.650001525878906,43.849998474121094,43.25,43.849998474121094,41.22750473022461,164100,711,3,0.4581831414681936,62.237759626106396
2018-03-16,43.5,44.54999923706055,43.5,44.5,42.112342834472656,463000,712,4,2.298850574712641,61.428560529436375
2018-03-19,44.20000076293945,44.54999923706055,43.70000076293945,44.45000076293945,42.065025329589844,138400,713,0,0.5656108499654477,68.80002978517443
2018-03-20,44.5,44.75,44.150001525878906,44.5,42.112342834472656,86800,714,1,0.0,81.30840588390483
2018-03-21,44.54999923706055,45.150001525878906,44.54999923706055,44.75,42.34893035888672,82100,715,2,0.4489355025018238,81.13207275564413
2018-03-22,44.25,44.900001525878906,43.099998474121094,43.150001525878906,40.834774017333984,119200,716,3,-2.4858722579007786,60.6060746178077
2018-03-23,43.04999923706055,43.20000076293945,41.5,41.5,39.2733039855957,184900,717,4,-3.600462867665266,40.972228477029965
2018-03-26,42.25,42.70000076293945,42.04999923706055,42.650001525878906,40.36160659790039,172800,718,0,0.9467491736778744,48.17073652958414
2018-03-27,42.79999923706055,42.79999923706055,41.650001525878906,41.79999923706055,39.55720901489258,140500,719,1,-2.3364486397796425,45.1428461814461
2018-03-28,41.79999923706055,42.900001525878906,41.70000076293945,42.849998474121094,40.55086898803711,163200,720,2,2.511959943122677,51.28205128205128
2018-03-29,43.0,43.0,42.5,42.75,40.45623779296875,329000,721,3,-0.5813953488372103,42.26190719474807
2018-04-02,42.5,42.849998474121094,41.099998474121094,41.599998474121094,39.367942810058594,114200,722,0,-2.1176506491268343,37.967912474918876
2018-04-03,41.849998474121094,43.099998474121094,41.29999923706055,42.849998474121094,40.55086898803711,144800,723,1,2.389486347576275,46.601937792282676
2018-04-04,42.25,43.400001525878906,42.25,43.29999923706055,40.97672653198242,93600,724,2,2.4852052948178605,49.2957675850355
2018-04-05,43.599998474121094,43.900001525878906,42.95000076293945,43.849998474121094,41.497215270996094,159100,725,3,0.5733945154800635,50.0
2018-04-06,43.54999923706055,43.900001525878906,42.79999923706055,43.0,40.69282531738281,137100,726,4,-1.2629144585437846,43.18181818181818
2018-04-09,43.400001525878906,43.95000076293945,42.900001525878906,43.150001525878906,40.834774017333984,115900,727,0,-0.5760368461068532,44.144148788284
2018-04-10,43.95000076293945,43.95000076293945,43.150001525878906,43.70000076293945,41.355262756347656,145900,728,1,-0.5688282040049675,46.55172810684834
2018-04-11,43.599998474121094,43.79999923706055,43.25,43.54999923706055,41.213314056396484,97000,729,2,-0.1146771532348212,44.78260710920015
2018-04-12,43.95000076293945,43.95000076293945,43.650001525878906,43.79999923706055,41.449893951416016,59800,730,3,-0.3413003942548176,53.20195748362406
2018-04-13,44.0,44.56999969482422,43.900001525878906,44.349998474121094,41.97039031982422,159800,731,4,0.7954510775479484,65.74584261365266
2018-04-16,44.75,45.75,44.70000076293945,45.29999923706055,42.86941146850586,158300,732,0,1.229048574436975,64.97173460920915
2018-04-17,45.54999923706055,45.54999923706055,44.70000076293945,44.95000076293945,42.5381965637207,142800,733,1,-1.3172304811652324,68.86228803299554
2018-04-18,44.95000076293945,45.150001525878906,44.79999923706055,44.849998474121094,42.44355773925781,152000,734,2,-0.2224744986006999,63.51351072702959
2018-04-19,45.0,45.400001525878906,44.650001525878906,44.95000076293945,42.5381965637207,111700,735,3,-0.11110941569010269,64.8648592918999
2018-04-20,45.0,45.25,44.599998474121094,44.849998474121094,42.44355773925781,93100,736,4,-0.3333367241753482,75.59052658390884
2018-04-23,45.04999923706055,45.25,44.54999923706055,44.75,42.34893035888672,83300,737,0,-0.6659250657961246,68.2692293584712
2018-04-24,44.849998474121094,44.95000076293945,44.099998474121094,44.54999923706055,42.1596565246582,83800,738,1,-0.6688946427359399,62.626250949820204
2018-04-25,44.45000076293945,44.79999923706055,44.099998474121094,44.5,42.112342834472656,88500,739,2,0.11248422092768884,57.3033804183647
2018-04-26,44.599998474121094,44.599998474121094,44.099998474121094,44.400001525878906,42.017704010009766,59200,740,3,-0.4484236661089436,68.91891613243787
2018-04-27,44.150001525878906,44.650001525878906,44.150001525878906,44.599998474121094,42.206974029541016,43800,741,4,1.019245600656249,69.33329264322917
2018-04-30,44.75,45.099998474121094,44.5,44.70000076293945,42.301605224609375,166800,742,0,-0.11173013868278625,65.15150113978424
2018-05-01,44.650001525878906,44.650001525878906,43.849998474121094,44.25,41.87575912475586,136200,743,1,-0.8958600497405711,59.72222663737829
2018-05-02,44.20000076293945,44.20000076293945,43.150001525878906,43.29999923706055,40.97672653198242,207700,744,2,-2.0362025120903016,44.18605063785241
2018-05-03,41.150001525878906,43.04999923706055,39.599998474121094,42.849998474121094,40.55086898803711,649300,745,3,4.131219648128259,32.14287660557709
2018-05-04,42.400001525878906,44.099998474121094,42.400001525878906,43.599998474121094,41.26062774658203,171900,746,4,2.830181379851515,28.750010728825828
2018-05-07,43.400001525878906,43.400001525878906,42.29999923706055,42.599998474121094,40.31428146362305,153700,747,0,-1.8433249392417195,24.731187206258383
2018-05-08,43.20000076293945,43.20000076293945,42.45000076293945,42.75,40.45623779296875,114600,748,1,-1.0416684143336852,27.659612459600766
2018-05-09,42.849998474121094,43.0,42.25,42.79999923706055,40.50355529785156,91400,749,2,-0.11668433801869105,26.881711608981362
2018-05-10,42.75,43.04999923706055,42.45000076293945,42.95000076293945,40.645503997802734,166200,750,3,0.46783804196364187,29.78726167276882
2018-05-11,42.900001525878906,43.150001525878906,42.79999923706055,42.95000076293945,40.645503997802734,66700,751,4,0.11654833399104003,30.43480063655656
2018-05-14,42.95000076293945,43.0,42.599998474121094,42.79999923706055,40.50355529785156,91700,752,0,-0.34924685265277366,30.769243667606787
2018-05-15,42.650001525878906,43.400001525878906,42.650001525878906,43.25,40.92941665649414,94700,753,1,1.4067959030600097,37.37374905017979
2018-05-16,43.29999923706055,44.0,43.20000076293945,43.849998474121094,41.497215270996094,124800,754,2,1.2702061125899444,44.95410468080459
2018-05-17,43.75,44.45000076293945,43.75,44.349998474121094,41.97039031982422,136100,755,3,1.3714250837053577,47.82608984097709
2018-05-18,44.599998474121094,44.599998474121094,44.099998474121094,44.25,41.87575912475586,141200,756,4,-0.784749968823828,46.086952483498955
2018-05-21,44.5,44.900001525878906,44.400001525878906,44.849998474121094,42.44355773925781,63100,757,0,0.7865134249912309,55.08473151650341
2018-05-22,44.79999923706055,45.25,44.650001525878906,44.75,42.34893035888672,49300,758,1,-0.11160544176792575,64.35644536635074
2018-05-23,44.70000076293945,44.79999923706055,44.47999954223633,44.70000076293945,42.301605224609375,61100,759,2,0.0,69.89250752069987
2018-05-24,44.45000076293945,44.79999923706055,44.029998779296875,44.54999923706055,42.1596565246582,65000,760,3,0.22496844185539988,61.72840669013255
2018-05-25,44.400001525878906,44.599998474121094,43.900001525878906,44.29999923706055,41.92306900024414,76600,761,4,-0.2252303724811222,75.75759327225963
2018-05-29,43.849998474121094,44.20000076293945,43.29999923706055,43.70000076293945,41.355262756347656,97200,762,1,-0.3420700488055095,62.66668972441582
2018-05-30,43.95000076293945,45.0,43.95000076293945,44.95000076293945,42.5381965637207,71400,763,2,2.275312816019892,71.71720051910741
2018-05-31,44.900001525878906,44.900001525878906,44.099998474121094,44.20000076293945,41.828433990478516,84700,764,3,-1.5590216907587329,61.26127054955055
2018-06-01,44.400001525878906,44.849998474121094,44.29999923706055,44.45000076293945,42.065025329589844,121600,765,4,0.11261089041045835,62.93104468855602
2018-06-04,44.75,45.29999923706055,44.599998474121094,45.20000076293945,42.77478790283203,116300,766,0,1.0055882970714025,68.75002980235081
2018-06-05,45.20000076293945,45.47999954223633,44.400001525878906,45.45000076293945,43.01137161254883,103500,767,1,0.5530973357969149,67.74196128570208
2018-06-06,45.45000076293945,45.75,45.0,45.5,43.058685302734375,102600,768,2,0.11000932061879798,64.60179918871766
2018-06-07,45.54999923706055,45.70000076293945,45.20000076293945,45.45000076293945,43.01137161254883,85600,769,3,-0.21953562194515497,60.57695905137157
2018-06-08,45.400001525878906,45.900001525878906,45.400001525878906,45.54999923706055,43.10600662231445,77400,770,4,0.3303914232164473,62.50000916995746
2018-06-11,45.75,45.93000030517578,45.20000076293945,45.400001525878906,42.96405029296875,62800,771,0,-0.7650239871499265,55.789515107028535
2018-06-12,45.400001525878906,45.5,44.599998474121094,44.95000076293945,42.5381965637207,67700,772,1,-0.9911910744825447,51.960793846812074
2018-06-13,44.650001525878906,44.95000076293945,44.099998474121094,44.400001525878906,42.28581237792969,85100,773,2,-0.5599103951992035,47.321432828907255
2018-06-14,44.45000076293945,44.650001525878906,44.150001525878906,44.599998474121094,42.47629165649414,93000,774,3,0.3374526627830887,50.44247190116068
2018-06-15,44.5,44.75,43.95000076293945,44.70000076293945,42.571529388427734,217000,775,4,0.4494399167178642,53.63638255224409
2018-06-18,44.5,44.95000076293945,44.20000076293945,44.900001525878906,42.76200866699219,73600,776,0,0.8988798334357506,61.76472568184045
2018-06-19,44.5,45.70000076293945,44.5,45.650001525878906,43.47629165649414,95600,777,1,2.58427309186271,57.608712778670174
2018-06-20,45.70000076293945,45.95000076293945,45.34000015258789,45.75,43.571529388427734,149800,778,2,0.10940751909371826,69.62027761386891
2018-06-21,45.54999923706055,46.099998474121094,45.349998474121094,45.5,43.333438873291016,115000,779,3,-0.10976781097257193,63.2911526876279
2018-06-22,45.75,45.95000076293945,45.150001525878906,45.599998474121094,43.42866897583008,199000,780,4,-0.3278721877134516,56.060586794409254
2018-06-25,45.54999923706055,45.599998474121094,44.900001525878906,45.150001525878906,43.00010681152344,93200,781,0,-0.8781508625277712,45.71428260023695
2018-06-26,45.20000076293945,45.5,44.75,45.29999923706055,43.1429557800293,95300,782,1,0.2212355584805259,47.22220161807326
2018-06-27,45.349998474121094,45.349998474121094,44.29999923706055,44.400001525878906,42.28581237792969,99900,783,2,-2.094811422726517,38.202217332154916
2018-06-28,44.29999923706055,44.79999923706055,44.29999923706055,44.70000076293945,42.571529388427734,72700,784,3,0.9029379972184559,40.8602044683773
2018-06-29,45.0,45.279998779296875,44.5,44.599998474121094,42.47629165649414,136000,785,4,-0.8888922797309018,41.304297347950836
2018-07-02,44.400001525878906,45.349998474121094,44.29999923706055,45.29999923706055,43.1429557800293,86100,786,0,2.0270218023688003,53.60823850318863
2018-07-03,45.45000076293945,45.95000076293945,45.349998474121094,45.95000076293945,43.76201248168945,69800,787,1,1.1001099925342706,65.65657966832896
2018-07-05,46.20000076293945,46.29999923706055,45.45000076293945,46.0,43.80962371826172,114100,788,3,-0.4329020771356551,64.58336313568414
2018-07-06,46.099998474121094,46.79999923706055,46.0,46.45000076293945,44.23820114135742,65300,789,4,0.7592240789657145,66.9903113981808
2018-07-09,46.900001525878906,47.25,46.869998931884766,47.20000076293945,44.952484130859375,53300,790,0,0.6396572010664237,70.1754562082265
2018-07-10,47.349998474121094,47.5,46.650001525878906,47.0,44.76201248168945,49400,791,1,-0.7391731476240393,63.10679683564932
2018-07-11,46.95000076293945,47.29999923706055,46.599998474121094,46.650001525878906,44.42867660522461,84300,792,2,-0.6389760003951972,58.333356880873936
2018-07-12,47.099998474121094,47.20000076293945,45.900001525878906,46.0,43.80962371826172,127900,793,3,-2.3354533115865883,54.310348229518674
2018-07-13,46.0,46.45000076293945,45.79999923706055,46.099998474121094,43.90486526489258,241100,794,4,0.21738798721977481,54.310348229518674
2018-07-16,45.900001525878906,46.04999923706055,44.650001525878906,44.75,42.61914825439453,217400,795,0,-2.5054498641585488,47.01491262631209
2018-07-17,44.25,45.54999923706055,44.20000076293945,45.29999923706055,43.1429557800293,123100,796,1,2.3728796317752376,50.0
2018-07-18,45.150001525878906,45.75,45.099998474121094,45.70000076293945,43.52391815185547,98900,797,2,1.2181599523209297,59.84847565328113
2018-07-19,45.400001525878906,46.0,45.20000076293945,45.29999923706055,43.1429557800293,162500,798,3,-0.2202693512275644,54.47759749391642
2018-07-20,45.25,45.599998474121094,45.150001525878906,45.349998474121094,43.19057846069336,117000,799,4,0.22099110303004377,55.63909645043935
2018-07-23,45.150001525878906,45.5,44.650001525878906,44.70000076293945,42.571529388427734,115300,800,0,-0.996679396968625,45.45455596335578
2018-07-24,44.70000076293945,45.0,44.279998779296875,44.45000076293945,42.33343505859375,83800,801,1,-0.5592841067852405,37.90321985218656
2018-07-25,44.45000076293945,44.45000076293945,43.75,44.20000076293945,42.0953369140625,110600,802,2,-0.5624296866344247,35.9375009313229
2018-07-26,44.25,44.93000030517578,44.25,44.5,42.38105773925781,138100,803,3,0.5649717514124353,34.39998437499047
2018-07-27,44.29999923706055,44.599998474121094,43.45000076293945,43.5,41.42866897583008,119700,804,4,-1.8058673833819872,21.538438966275123
2018-07-30,43.20000076293945,43.75,43.18000030517578,43.25,41.19057083129883,108500,805,0,0.11573897263317257,21.3740257955251
2018-07-31,43.20000076293945,43.79999923706055,42.70000076293945,43.70000076293945,41.619144439697266,192400,806,1,1.1574073869668577,27.819535501650066
2018-08-01,43.849998474121094,44.150001525878906,43.400001525878906,43.75,41.66676712036133,96400,807,2,-0.2280466992036767,31.404944608031684
2018-08-02,43.650001525878906,44.150001525878906,43.599998474121094,43.900001525878906,41.80963134765625,71000,808,3,0.5727376661184724,31.96723361837259
2018-08-03,44.04999923706055,44.349998474121094,43.150001525878906,43.95000076293945,41.857242584228516,87300,809,4,-0.22701129592066494,41.66667328940603
2018-08-06,43.79999923706055,44.529998779296875,43.79999923706055,44.45000076293945,42.33343505859375,62800,810,0,1.4840217744317208,41.05264764083059
2018-08-07,44.54999923706055,44.79999923706055,43.79999923706055,43.79999923706055,41.71438217163086,55500,811,1,-1.6835017123324358,30.999984741210938
2018-08-08,43.79999923706055,44.79999923706055,43.650001525878906,44.599998474121094,42.47629165649414,65500,812,2,1.8264823082088988,43.518508707050195
2018-08-09,44.650001525878906,44.849998474121094,44.349998474121094,44.599998474121094,42.47629165649414,56100,813,3,-0.11198891388353172,42.990652206464304
2018-08-10,44.29999923706055,44.93000030517578,43.95000076293945,44.79999923706055,42.666770935058594,67600,814,4,1.1286681909956187,51.02039227531829
2018-08-13,44.75,44.900001525878906,44.150001525878906,44.400001525878906,42.28581237792969,66400,815,0,-0.7821194952426724,49.50495797411595
2018-08-14,44.45000076293945,45.0,44.45000076293945,45.0,42.85724639892578,68400,816,1,1.2373435941965383,57.40740348282007
2018-08-15,44.849998474121094,45.20000076293945,44.650001525878906,44.849998474121094,42.714385986328125,95300,817,2,0.0,53.333318801153276
2018-08-16,45.099998474121094,46.04999923706055,45.099998474121094,45.400001525878906,43.238197326660156,90100,818,3,0.6651952592192645,69.79166997803371
2018-08-17,45.25,45.849998474121094,45.20000076293945,45.849998474121094,43.66677474975586,145600,819,4,1.3259634787206487,75.99998474121094
2018-08-20,46.0,46.349998474121094,45.400001525878906,46.150001525878906,43.95248794555664,131100,820,0,0.3260902736498039,75.257727904458
2018-08-21,46.5,46.849998474121094,46.29999923706055,46.5,44.28582000732422,170800,821,1,0.0,76.69902121563625
2018-08-22,46.5,46.5,45.900001525878906,46.099998474121094,43.90486526489258,87400,822,2,-0.8602183352234505,70.37033635730423
2018-08-23,46.0,46.130001068115234,45.29999923706055,45.75,43.571529388427734,71000,823,3,-0.5434782608695676,65.78946487835466
2018-08-24,45.900001525878906,46.400001525878906,45.650001525878906,46.29999923706055,44.095340728759766,54300,824,4,0.871454679486483,66.0869432532269
2018-08-27,46.349998474121094,46.70000076293945,46.04999923706055,46.150001525878906,43.95248794555664,61800,825,0,-0.4314928906715143,72.38099044145162
2018-08-28,46.25,46.349998474121094,45.75,45.79999923706055,43.6191520690918,43300,826,1,-0.9729746225717872,62.500009934109045
2018-08-29,45.75,46.04999923706055,45.45000076293945,45.95000076293945,43.76201248168945,52100,827,2,0.43716013757257866,63.63638465397619
2018-08-30,45.849998474121094,46.650001525878906,45.400001525878906,46.29999923706055,44.095340728759766,72400,828,3,0.9814629834577815,64.705886752824
2018-08-31,46.0,46.400001525878906,45.599998474121094,46.29999923706055,44.095340728759766,82000,829,4,0.6521722544794439,70.21273832723116
2018-09-04,46.04999923706055,46.70000076293945,45.75,46.45000076293945,44.23820114135742,72500,830,1,0.8686243919782566,67.05881719358808
2018-09-05,46.45000076293945,46.95000076293945,46.29999923706055,46.5,44.28582000732422,52200,831,2,0.10764098221596186,69.879529147034
2018-09-06,46.54999923706055,46.849998474121094,46.400001525878906,46.599998474121094,44.38105773925781,58100,832,3,0.1074097483996006,66.21618835134834
2018-09-07,46.45000076293945,46.70000076293945,46.099998474121094,46.70000076293945,44.476295471191406,72300,833,4,0.5382131235603049,62.686592657794556
2018-09-10,46.900001525878906,46.95000076293945,46.099998474121094,46.20000076293945,44.0001106262207,81300,834,0,-1.4925388916100624,50.704214757831146
2018-09-11,45.900001525878906,46.47999954223633,45.70000076293945,45.900001525878906,43.71438980102539,59500,835,1,0.0,41.428593226841514
2018-09-12,45.900001525878906,46.099998474121094,45.5,45.900001525878906,43.71438980102539,76000,836,2,0.0,46.77424118250751
2018-09-13,45.70000076293945,46.099998474121094,45.650001525878906,45.95000076293945,44.035430908203125,54600,837,3,0.5470459427272978,53.57144316848841
2018-09-14,45.849998474121094,47.0,45.70000076293945,46.849998474121094,44.897926330566406,113600,838,4,2.181025154372529,58.73015296341642
2018-09-17,46.849998474121094,46.849998474121094,45.79999923706055,45.849998474121094,43.939598083496094,61500,839,0,-2.1344717877683106,46.249961853027344
2018-09-18,45.849998474121094,46.0,45.599998474121094,45.70000076293945,43.79584503173828,58300,840,1,-0.3271487811854601,48.68422901863783
2018-09-19,45.70000076293945,46.43000030517578,45.70000076293945,45.95000076293945,44.035430908203125,123600,841,2,0.5470459427272978,50.0
2018-09-20,46.150001525878906,46.650001525878906,46.04999923706055,46.54999923706055,44.61042785644531,64400,842,3,0.8667339067309543,53.01205262267716
2018-09-21,46.54999923706055,46.7599983215332,46.349998474121094,46.599998474121094,44.65835189819336,280500,843,4,0.1074097483996006,53.57142532763307
2018-09-24,46.45000076293945,46.45000076293945,45.400001525878906,45.599998474121094,43.700008392333984,99200,844,0,-1.8299295475933341,41.58412176836062
2018-09-25,45.75,45.779998779296875,45.400001525878906,45.5,43.604183197021484,80100,845,1,-0.5464480874316946,40.19606083181493
2018-09-26,45.650001525878906,45.650001525878906,45.150001525878906,45.25,43.364601135253906,75400,846,2,-0.8762355148052903,37.14285299079967
2018-09-27,45.25,45.47999954223633,45.0,45.0,43.1250114440918,87200,847,3,-0.5524861878453025,34.259223283824596
2018-09-28,44.849998474121094,45.400001525878906,44.70000076293945,44.900001525878906,43.02918243408203,144800,848,4,0.11148952833670567,36.999977874705216
2018-10-01,45.04999923706055,45.060001373291016,43.540000915527344,43.630001068115234,41.812103271484375,94200,849,0,-3.152049263026724,30.98823831611179
2018-10-02,43.439998626708984,43.849998474121094,43.290000915527344,43.31999969482422,41.515010833740234,225400,850,1,-0.27624064382678615,29.45855519959764
2018-10-03,43.369998931884766,44.0099983215332,43.189998626708984,43.709999084472656,41.888763427734375,157700,851,2,0.7839524117164043,33.081536091866326
2018-10-04,43.63999938964844,44.47999954223633,43.20000076293945,43.7599983215332,41.936676025390625,109300,852,3,0.2749746415285914,23.223535587467424
2018-10-05,43.77000045776367,44.18000030517578,43.27000045776367,43.540000915527344,41.72584915161133,158600,853,4,-0.5254730176625588,26.853686579578252
2018-10-08,43.38999938964844,44.2400016784668,43.38999938964844,43.849998474121094,42.02293014526367,66700,854,0,1.0601500136973918,32.038778139001906
2018-10-09,43.61000061035156,44.15999984741211,42.43000030517578,43.93000030517578,42.09960174560547,139500,855,1,0.7337759466764737,29.718837970853528
2018-10-10,43.84000015258789,44.06999969482422,42.36000061035156,42.4900016784668,40.71959686279297,184900,856,2,-3.0793760707626294,15.120248335819667
2018-10-11,42.220001220703125,42.5,40.56999969482422,40.59000015258789,38.89875793457031,137200,857,3,-3.860731930334338,10.82136411088392
2018-10-12,40.97999954223633,40.97999954223633,39.060001373291016,39.77000045776367,38.11293411254883,294000,858,4,-2.952657632964495,11.081424243057015
2018-10-15,39.630001068115234,40.209999084472656,39.560001373291016,39.630001068115234,37.978763580322266,86700,859,0,0.0,11.02255738894182
2018-10-16,39.939998626708984,40.709999084472656,39.36000061035156,40.630001068115234,38.93709182739258,62200,860,1,1.727597559166738,22.1014387590985
2018-10-17,40.470001220703125,40.869998931884766,40.11000061035156,40.56999969482422,38.87959671020508,77500,861,2,0.24709283692816442,22.62050487941967
2018-10-18,40.43000030517578,40.790000915527344,39.529998779296875,39.689998626708984,38.036258697509766,103800,862,3,-1.8303281545413719,20.63132172180059
2018-10-19,39.040000915527344,40.20000076293945,38.380001068115234,39.779998779296875,38.12251281738281,215300,863,4,1.8954862869258182,24.967470894946004
2018-10-22,39.630001068115234,40.459999084472656,39.470001220703125,39.529998779296875,37.88292694091797,231700,864,0,-0.2523398590034809,25.163812058847356
2018-10-23,38.810001373291016,39.459999084472656,38.709999084472656,39.0099983215332,37.38459396362305,167400,865,1,0.5153232186686507,19.716483379271935
2018-10-24,38.81999969482422,39.41999816894531,37.689998626708984,37.7599983215332,36.186676025390625,213600,866,2,-2.7305548212880115,16.517853721671827
2018-10-25,37.900001525878906,38.88999938964844,37.630001068115234,38.63999938964844,37.03001403808594,151100,867,3,1.9525008812050881,24.532223872701763
2018-10-26,38.220001220703125,38.779998779296875,37.369998931884766,38.02000045776367,36.43584442138672,148100,868,4,-0.5232882170372988,20.644533748532027
2018-10-29,38.54999923706055,39.150001525878906,37.58000183105469,37.939998626708984,36.35917282104492,171700,869,0,-1.5823621852763314,19.83887616683397
2018-10-30,37.959999084472656,38.619998931884766,37.70000076293945,38.369998931884766,36.771263122558594,133300,870,1,1.080083923341868,26.905829212864248
2018-10-31,40.290000915527344,40.619998931884766,39.18000030517578,39.279998779296875,37.64334487915039,475300,871,2,-2.5068307601880058,41.740222618497285
2018-11-01,39.54999923706055,40.220001220703125,38.75,39.68000030517578,38.02667999267578,391900,872,3,0.32870055783318364,49.400798393663244
2018-11-02,39.95000076293945,40.939998626708984,39.880001068115234,40.91999816894531,39.21500778198242,165900,873,4,2.428028504334101,57.49126851245934
2018-11-05,41.25,41.56999969482422,40.38999938964844,41.02000045776367,39.310848236083984,159300,874,0,-0.5575746478456489,52.529176718789266
2018-11-06,40.72999954223633,41.470001220703125,40.709999084472656,40.970001220703125,39.26293182373047,259400,875,1,0.5892503834131313,52.59741096155084
2018-11-07,41.20000076293945,42.0,40.869998931884766,41.380001068115234,39.655845642089844,76600,876,2,0.43689393651102915,61.6874250119506
2018-11-08,41.25,41.97999954223633,41.0,41.310001373291016,39.58876419067383,72500,877,3,0.14545787464488313,60.610277245313505
2018-11-09,41.2400016784668,41.40999984741211,40.380001068115234,40.70000076293945,39.004180908203125,95600,878,4,-1.3094105081215446,57.72788270290072
2018-11-12,40.54999923706055,40.86000061035156,39.880001068115234,39.939998626708984,38.275840759277344,183300,879,0,-1.5043171931654498,55.95390324840061
2018-11-13,40.13999938964844,40.5,39.59000015258789,39.689998626708984,38.036258697509766,91000,880,1,-1.1210781509266798,64.17032918403632
2018-11-14,40.040000915527344,40.11000061035156,38.349998474121094,38.459999084472656,36.85750961303711,169500,881,2,-3.9460584288897205,48.74301527156795
2018-11-15,38.15999984741211,39.2599983215332,38.15999984741211,39.220001220703125,37.585845947265625,137200,882,3,2.7777813876561197,58.21917557676339
2018-11-16,38.790000915527344,39.630001068115234,38.56999969482422,39.5,37.85417938232422,210500,883,4,1.8303662482989314,60.400003865557935
2018-11-19,39.31999969482422,39.779998779296875,38.90999984741211,39.619998931884766,37.969181060791016,105800,884,0,0.7629685640613948,58.692625699272504
2018-11-20,39.11000061035156,39.75,38.689998626708984,39.060001373291016,37.432518005371094,106200,885,1,-0.12784258829009465,48.39183186331783
2018-11-21,39.20000076293945,39.970001220703125,38.91999816894531,39.36000061035156,37.72001266479492,37200,886,2,0.40816286810732016,47.62611427116054
2018-11-23,38.900001525878906,39.540000915527344,38.790000915527344,39.2400016784668,37.60501480102539,38800,887,4,0.8740363476893442,35.05340916572827
2018-11-26,39.58000183105469,39.9900016784668,39.290000915527344,39.540000915527344,37.89251708984375,83300,888,0,-0.10106345042146803,37.28521829981051
2018-11-27,39.2599983215332,39.689998626708984,38.709999084472656,39.02000045776367,37.39418029785156,79400,889,1,-0.6113038054764708,34.499191878147954
2018-11-28,39.08000183105469,40.439998626708984,38.7400016784668,40.119998931884766,38.448341369628906,175700,890,2,2.6612002356756648,40.97419120717207
2018-11-29,39.88999938964844,40.29999923706055,39.4900016784668,40.029998779296875,38.36209487915039,90900,891,3,0.35096362945739035,40.85711934613874
2018-11-30,39.959999084472656,40.63999938964844,39.88999938964844,40.279998779296875,38.601680755615234,143000,892,4,0.8008000554448502,46.837332352848236
2018-12-03,40.38999938964844,40.630001068115234,38.93000030517578,39.86000061035156,38.199180603027344,171300,893,0,-1.312202989120892,49.36509426250601
2018-12-04,39.709999084472656,40.20000076293945,37.9900016784668,38.029998779296875,36.44542694091797,131700,894,1,-4.230673240767446,39.466997274038306
2018-12-06,37.4900016784668,38.2599983215332,37.02000045776367,38.220001220703125,36.62751007080078,111600,895,3,1.9471846080380883,48.24562871152396
2018-12-07,38.34000015258789,39.56999969482422,37.709999084472656,38.209999084472656,36.61792755126953,173500,896,4,-0.3390742503856292,41.70769504452362
2018-12-10,38.11000061035156,38.380001068115234,37.2599983215332,38.34000015258789,36.74251174926758,195200,897,0,0.603514926666926,40.23568926265224
2018-12-11,39.66999816894531,42.0099983215332,38.529998779296875,39.060001373291016,37.432518005371094,332900,898,1,-1.5376779022183484,45.71867369877428
2018-12-12,39.29999923706055,39.630001068115234,38.34000015258789,38.36000061035156,36.761680603027344,144800,899,2,-2.391854058415732,44.760476562754306
2018-12-13,38.36000061035156,38.58000183105469,37.54999923706055,37.9900016784668,36.40709686279297,166900,900,3,-0.9645436027050591,39.85186549893669
2018-12-14,37.5099983215332,37.959999084472656,37.310001373291016,37.68000030517578,36.38295364379883,104700,901,4,0.4532177852564434,38.76080715403503
2018-12-17,37.369998931884766,38.43000030517578,37.369998931884766,37.619998931884766,36.32501983642578,282100,902,0,0.6689858366217383,35.67164493525556
2018-12-18,37.93000030517578,38.310001373291016,37.5,37.540000915527344,36.24777603149414,187100,903,1,-1.0282082428436423,38.17892863171327
2018-12-19,37.61000061035156,37.959999084472656,35.779998779296875,35.810001373291016,34.577327728271484,358000,904,2,-4.785959074313673,18.72283622729593
2018-12-20,35.5099983215332,37.06999969482422,35.34000015258789,36.58000183105469,35.320823669433594,234500,905,3,3.013245733871628,27.212723842389153
2018-12-21,36.650001525878906,37.52000045776367,35.88999938964844,37.220001220703125,35.93879318237305,482400,906,4,1.5552514900217362,30.77892601985559
2018-12-24,37.0,37.20000076293945,35.939998626708984,36.02000045776367,34.78009796142578,71800,907,0,-2.648647411449534,28.03205913560099
2018-12-26,36.25,37.11000061035156,35.40999984741211,37.0099983215332,35.736019134521484,147500,908,2,2.096547093884693,43.544305264423535
2018-12-27,36.560001373291016,37.130001068115234,35.7400016784668,37.0,35.72636032104492,216800,909,3,1.2034972926188825,42.098438939158555
2018-12-28,37.130001068115234,37.650001525878906,36.779998779296875,37.310001373291016,36.025691986083984,198000,910,4,0.48478400214848616,44.38904202112353
2018-12-31,37.45000076293945,37.77000045776367,36.65999984741211,37.45000076293945,36.16087341308594,184200,911,0,0.0,44.458284402588866
2019-01-02,37.0099983215332,37.68000030517578,36.54999923706055,37.59000015258789,36.296051025390625,151400,912,2,1.5671490336632399,40.134215953940966
2019-01-03,37.540000915527344,37.79999923706055,37.0,37.11000061035156,35.832576751708984,146900,913,3,-1.1454456438170335,41.355458238801255
2019-01-04,37.709999084472656,38.45000076293945,37.5,37.939998626708984,36.634002685546875,140200,914,4,0.6099165945910423,49.67488240902511
2019-01-07,37.97999954223633,38.34000015258789,37.560001373291016,37.709999084472656,36.411922454833984,162800,915,0,-0.7109016877775765,50.197101228423875
2019-01-08,37.959999084472656,38.209999084472656,37.65999984741211,38.11000061035156,36.798152923583984,151600,916,1,0.3951568216456147,53.081774224428194
2019-01-09,37.970001220703125,38.84000015258789,37.88999938964844,38.709999084472656,37.377498626708984,230800,917,2,1.9489013431109647,56.906724050806226
2019-01-10,38.529998779296875,38.900001525878906,38.45000076293945,38.709999084472656,37.377498626708984,163700,918,3,0.46716924702447926,71.51335513108364
2019-01-11,38.31999969482422,39.060001373291016,38.279998779296875,38.970001220703125,37.6285514831543,255200,919,4,1.6962461666373718,69.18138867321922
2019-01-14,38.59000015258789,39.09000015258789,38.470001220703125,38.70000076293945,37.36784362792969,133500,920,0,0.28504952038510556,62.62798934748461
2019-01-15,38.58000183105469,38.83000183105469,38.29999923706055,38.790000915527344,37.454750061035156,186700,921,1,0.5443210847740687,79.15792297196477
2019-01-16,38.849998474121094,39.369998931884766,38.779998779296875,39.290000915527344,37.93753433227539,126700,922,2,1.1325674612300052,76.76060437006876
2019-01-17,39.15999984741211,40.7599983215332,39.15999984741211,40.75,39.34728240966797,288500,923,3,4.060265982592859,82.8371331109095
2019-01-18,40.90999984741211,41.36000061035156,40.709999084472656,41.25,39.8300666809082,165900,924,4,0.8310930184699084,83.38983182351005
2019-01-22,41.029998779296875,41.54999923706055,41.029998779296875,41.400001525878906,39.97489929199219,222500,925,1,0.9017859068734202,83.41794301965247
2019-01-23,41.470001220703125,42.0099983215332,41.29999923706055,41.849998474121094,40.40940856933594,173700,926,2,0.9163184042258132,84.24437377915838
2019-01-24,41.779998779296875,41.97999954223633,41.5,41.79999923706055,40.36113739013672,174700,927,3,0.04787089121118804,90.50087197830035
2019-01-25,42.0,42.189998626708984,41.119998931884766,41.70000076293945,40.26457977294922,205100,928,4,-0.7142838977632016,87.15418923320024
2019-01-28,41.38999938964844,41.91999816894531,41.02000045776367,41.43000030517578,40.003868103027344,88500,929,0,0.09664391427206542,86.4706111146848
2019-01-29,41.41999816894531,41.560001373291016,41.040000915527344,41.06999969482422,39.65626525878906,64900,930,1,-0.8449987677293214,79.2490169233924
2019-01-30,41.310001373291016,41.54999923706055,40.58000183105469,41.290000915527344,39.86868667602539,186400,931,2,-0.04841553400819487,77.5641203292377
2019-01-31,41.2400016784668,41.869998931884766,41.130001068115234,41.650001525878906,40.21630096435547,180300,932,3,0.9941799969086507,79.16668558877268
2019-02-01,41.849998474121094,42.130001068115234,41.689998626708984,42.09000015258789,40.641151428222656,113000,933,4,0.5734807340918024,79.8850620911713
2019-02-04,42.04999923706055,42.47999954223633,41.90999984741211,42.18000030517578,40.72805404663086,179600,934,0,0.30915831266093985,84.52382484171646
2019-02-05,42.29999923706055,42.540000915527344,41.380001068115234,41.79999923706055,40.36113739013672,220700,935,1,-1.1820331182463284,78.23639251173933
2019-02-06,37.11000061035156,39.63999938964844,37.11000061035156,39.099998474121094,37.75407028198242,248400,936,2,5.3624301563995,48.738363398353755
2019-02-07,38.650001525878906,39.08000183105469,37.66999816894531,38.08000183105469,36.769187927246094,311900,937,3,-1.4747727615031625,31.170666092757997
2019-02-08,37.790000915527344,37.970001220703125,37.09000015258789,37.72999954223633,36.431236267089844,242900,938,4,-0.15877579210737958,24.639761136142397
2019-02-11,37.779998779296875,38.2599983215332,37.7599983215332,38.25,36.93333435058594,129800,939,0,1.244047739251597,28.454154733774743
2019-02-12,38.400001525878906,38.630001068115234,38.09000015258789,38.15999984741211,36.846431732177734,130000,940,1,-0.6250043461718424,23.453250204045105
2019-02-13,38.209999084472656,39.040000915527344,38.209999084472656,38.79999923706055,37.46440124511719,129200,941,2,1.5440988398967237,30.106103211327124
2019-02-14,38.58000183105469,38.90999984741211,38.36000061035156,38.369998931884766,37.04920196533203,176900,942,3,-0.5443309725322032,28.843706042536525
2019-02-15,38.70000076293945,39.18000030517578,38.70000076293945,39.09000015258789,37.744415283203125,163800,943,4,1.0077503409816835,35.93750501481175
2019-02-19,39.040000915527344,39.709999084472656,39.029998779296875,39.630001068115234,38.265830993652344,122600,944,1,1.5112708472125869,41.52942364438062
2019-02-20,39.41999816894531,40.400001525878906,39.400001525878906,40.290000915527344,38.903114318847656,159200,945,2,2.207008592068904,44.40716036402614
2019-02-21,40.290000915527344,40.38999938964844,39.52000045776367,39.54999923706055,38.18857955932617,150200,946,3,-1.836688164932776,38.733897542672814
2019-02-22,39.7599983215332,39.900001525878906,39.130001068115234,39.34000015258789,37.98581314086914,174500,947,4,-1.0563334674937641,34.873493950622986
2019-02-25,39.4900016784668,39.81999969482422,39.279998779296875,39.279998779296875,37.927879333496094,175100,948,0,-0.5317875164447816,33.99558573253513
2019-02-26,39.290000915527344,39.63999938964844,39.02000045776367,39.060001373291016,37.715450286865234,192600,949,1,-0.5853895059224401,34.606756213454986
2019-02-27,38.970001220703125,39.25,38.849998474121094,39.20000076293945,37.85063171386719,108500,950,2,0.5901963947441136,50.788661564759906
2019-02-28,39.22999954223633,39.380001068115234,39.040000915527344,39.189998626708984,37.840972900390625,202300,951,3,-0.10196511851670031,60.4127168846338
2019-03-01,39.279998779296875,40.0,39.130001068115234,39.709999084472656,38.343074798583984,127800,952,4,1.0947054952619384,67.99998335405984
2019-03-04,39.68000030517578,39.970001220703125,39.220001220703125,39.310001373291016,37.956844329833984,119500,953,0,-0.9324569784252335,59.85131192234469
2019-03-05,39.36000061035156,39.36000061035156,38.849998474121094,38.9900016784668,37.64786148071289,92800,954,1,-0.9400379221220279,57.397519971059985
2019-03-06,38.84000015258789,39.11000061035156,38.29999923706055,38.52000045776367,37.194034576416016,136300,955,2,-0.8238921049615322,47.42648296289648
2019-03-07,38.65999984741211,38.65999984741211,37.869998931884766,37.88999938964844,36.585723876953125,302700,956,3,-1.9917239027490985,45.744687326892986
2019-03-08,37.720001220703125,38.0099983215332,37.4900016784668,37.560001373291016,36.26708221435547,171400,957,4,-0.4241777365698751,35.42858305431547
2019-03-11,37.70000076293945,38.060001373291016,37.45000076293945,38.0,36.69194030761719,107800,958,0,0.795753928353915,34.17473987827036
2019-03-12,38.02000045776367,38.189998626708984,37.47999954223633,37.5,36.20915603637695,304500,959,1,-1.3677023974298486,22.044067034732876
2019-03-13,37.720001220703125,38.34000015258789,37.68000030517578,37.849998474121094,36.54710388183594,243900,960,2,0.3446374581414835,31.52170938441496
2019-03-14,37.95000076293945,38.119998931884766,37.59000015258789,37.619998931884766,36.32501983642578,88600,961,3,-0.8695700248231741,31.38524850054165
2019-03-15,37.439998626708984,38.08000183105469,37.209999084472656,37.470001220703125,36.45880889892578,454100,962,4,0.0801351364706937,30.78555369094903
2019-03-18,37.470001220703125,37.84000015258789,37.36000061035156,37.45000076293945,36.43935012817383,173900,963,0,-0.05337725410219374,32.15074754624163
2019-03-19,37.54999923706055,37.54999923706055,36.459999084472656,36.470001220703125,35.48579788208008,204900,964,1,-2.876159888950147,24.485960117478527
2019-03-20,36.47999954223633,36.540000915527344,35.66999816894531,35.720001220703125,34.75603485107422,279100,965,2,-2.0833287584153704,21.510659555076714
2019-03-21,35.63999938964844,36.33000183105469,35.54999923706055,35.7599983215332,34.79495620727539,178200,966,3,0.33669734551011743,14.794934126646822
2019-03-22,35.459999084472656,35.5,34.65999984741211,34.68000030517578,33.74409866333008,192600,967,4,-2.199658204837418,13.195478393554907
2019-03-25,34.540000915527344,35.34000015258789,34.380001068115234,35.16999816894531,34.22087478637695,152200,968,0,1.8239642059035166,20.433352800530514
2019-03-26,35.220001220703125,35.54999923706055,34.7599983215332,35.029998779296875,34.08465576171875,112200,969,1,-0.539473125556178,21.533362498514265
2019-03-27,34.970001220703125,35.470001220703125,34.779998779296875,35.310001373291016,34.35710525512695,110300,970,2,0.9722623412051767,27.68162915649468
2019-03-28,35.34000015258789,35.4900016784668,35.040000915527344,35.34000015258789,34.38629150390625,116200,971,3,0.0,29.744470417236897
2019-03-29,35.400001525878906,35.66999816894531,34.91999816894531,35.209999084472656,34.259796142578125,236800,972,4,-0.5367300373344652,23.01734989470826
2019-04-01,35.40999984741211,35.810001373291016,35.349998474121094,35.79999923706055,34.8338737487793,247700,973,0,1.1013820709658617,33.840268334693135
2019-04-02,35.7400016784668,35.9900016784668,35.33000183105469,35.45000076293945,34.493324279785156,177400,974,1,-0.8114183041632805,27.18629317378297
2019-04-03,35.7599983215332,35.79999923706055,35.040000915527344,35.22999954223633,34.279258728027344,135800,975,2,-1.4820995642433554,27.23806797291779
2019-04-04,35.27000045776367,35.849998474121094,35.189998626708984,35.689998626708984,34.726844787597656,109000,976,3,1.190808515719377,33.99276441679319
2019-04-05,35.779998779296875,36.060001373291016,35.7599983215332,35.91999816894531,34.95063400268555,151400,977,4,0.3912783522213026,36.741728807082524
2019-04-08,35.790000915527344,36.119998931884766,35.7400016784668,35.86000061035156,34.89225769042969,126800,978,0,0.1955845013511759,43.71132204285683
2019-04-09,35.689998626708984,35.79999923706055,35.36000061035156,35.459999084472656,34.5030517578125,169300,979,1,-0.6444369601746214,47.11108247728556
2019-04-10,35.720001220703125,36.540000915527344,35.599998474121094,36.459999084472656,35.47606658935547,167700,980,2,2.071662481748837,56.41026895036347
2019-04-11,36.59000015258789,36.7599983215332,36.36000061035156,36.599998474121094,35.61228561401367,123200,981,3,0.027325284207457834,71.23893357189274
2019-04-12,36.880001068115234,37.08000183105469,36.47999954223633,36.66999816894531,35.680397033691406,79500,982,4,-0.5694221613010808,68.29268973473887
2019-04-15,36.77000045776367,36.86000061035156,36.40999984741211,36.47999954223633,35.49552536010742,80900,983,0,-0.7886889092113436,67.46989834515583
2019-04-16,36.689998626708984,37.36000061035156,36.619998931884766,37.349998474121094,36.342044830322266,128400,984,1,1.798854925362825,71.51898377624921
2019-04-17,37.5,37.619998931884766,36.900001525878906,37.41999816894531,36.41015625,141800,985,2,-0.21333821614583082,71.75732434617376
2019-04-18,37.33000183105469,38.02000045776367,37.33000183105469,37.90999984741211,36.88693618774414,120600,986,3,1.553704762679442,76.264621472608
2019-04-22,37.7400016784668,37.959999084472656,36.93000030517578,37.130001068115234,36.12798309326172,106900,987,0,-1.6163237499260852,62.47657859215331
2019-04-23,37.09000015258789,37.720001220703125,37.029998779296875,37.2599983215332,36.25447463989258,88800,988,1,0.4583396285951613,67.71037225822923
2019-04-24,37.310001373291016,37.72999954223633,37.189998626708984,37.650001525878906,36.63395309448242,82500,989,2,0.9112842135441168,72.91670730623596
2019-04-25,37.40999984741211,37.47999954223633,36.790000915527344,37.470001220703125,36.45880889892578,93700,990,3,0.16038859539093675,67.80003952029382
2019-04-26,37.529998779296875,38.189998626708984,37.529998779296875,38.150001525878906,37.12045669555664,72700,991,4,1.6520190960519043,70.45875784988144
2019-04-29,38.119998931884766,38.77000045776367,38.119998931884766,38.29999923706055,37.26641082763672,237200,992,0,0.47219388829842224,72.02165977978031
2019-04-30,38.439998626708984,38.709999084472656,38.18000030517578,38.58000183105469,37.538856506347656,151100,993,1,0.36421230319301223,78.78232288396842
2019-05-01,39.9900016784668,40.7400016784668,39.0099983215332,40.400001525878906,39.30973815917969,443200,994,2,1.0252558894811914,81.57054319106871
2019-05-02,40.529998779296875,41.08000183105469,40.060001373291016,40.220001220703125,39.13459777832031,124700,995,3,-0.7648595310397632,78.82168352099056
2019-05-03,40.209999084472656,40.83000183105469,40.04999923706055,40.709999084472656,39.61137390136719,91700,996,4,1.2434718015029267,80.1492742962165
2019-05-06,40.209999084472656,40.7400016784668,40.13999938964844,40.619998931884766,39.523799896240234,101300,997,0,1.0196464977549224,81.36363899083895
2019-05-07,40.38999938964844,40.599998474121094,39.84000015258789,40.0099983215332,38.930259704589844,102800,998,1,-0.9408295960822044,70.97791627281222
2019-05-08,40.0,40.27000045776367,39.599998474121094,39.65999984741211,38.58970642089844,68300,999,2,-0.8500003814697288,66.91844440999819
2019-05-09,39.459999084472656,40.060001373291016,39.2599983215332,39.790000915527344,38.7161979675293,97600,1000,3,0.8362945735205018,65.01598699833824
2019-05-10,39.75,39.75,39.060001373291016,39.709999084472656,38.63835906982422,96800,1001,4,-0.10063123403105667,73.20141527977984
2019-05-13,39.16999816894531,39.38999938964844,38.70000076293945,38.77000045776367,37.72372817993164,110400,1002,0,-1.0211838904265358,61.85244493843189
2019-05-14,38.79999923706055,39.43000030517578,38.79999923706055,39.2599983215332,38.20050048828125,102000,1003,1,1.1855646740149384,62.44202041070215
2019-05-15,38.77000045776367,39.189998626708984,38.63999938964844,38.9900016784668,37.93779373168945,88400,1004,2,0.5674522004269766,61.58538039139064
2019-05-16,38.9900016784668,39.91999816894531,38.9900016784668,39.40999984741211,38.34645462036133,95900,1005,3,1.0771945392791915,60.0
2019-05-17,39.16999816894531,39.97999954223633,39.09000015258789,39.18000030517578,38.12266159057617,134900,1006,4,0.025535197084591843,56.896567187471035
2019-05-20,39.04999923706055,39.7599983215332,38.97999954223633,39.630001068115234,38.56052017211914,156300,1007,0,1.4852800061113225,58.01527162135325
2019-05-21,39.90999984741211,40.189998626708984,39.58000183105469,39.75,38.67728042602539,93300,1008,1,-0.4009016487693251,43.29894069196379
2019-05-22,40.650001525878906,40.88999938964844,39.560001373291016,40.849998474121094,39.74759292602539,149900,1009,2,0.4919973941817979,55.4592586911795
2019-05-23,40.689998626708984,41.25,40.4900016784668,41.22999954223633,40.11734390258789,204400,1010,3,1.3271096921907644,54.59364993566902
2019-05-24,41.439998626708984,41.86000061035156,41.310001373291016,41.650001525878906,40.52600860595703,168000,1011,4,0.506763769616958,58.5976929656021
2019-05-28,41.5,41.689998626708984,40.84000015258789,40.849998474121094,39.74759292602539,104500,1012,1,-1.5662687370576078,56.79612159879115
2019-05-29,40.540000915527344,40.72999954223633,40.0099983215332,40.380001068115234,39.290279388427734,115700,1013,2,-0.3946715436575765,55.71429955446726
2019-05-30,40.470001220703125,40.91999816894531,40.29999923706055,40.63999938964844,39.54326248168945,128400,1014,3,0.4200597079753621,56.60963796523935
2019-05-31,40.209999084472656,40.540000915527344,40.029998779296875,40.5099983215332,39.41676712036133,107200,1015,4,0.7460811835143577,56.17284132311291
2019-06-03,40.439998626708984,40.970001220703125,40.33000183105469,40.900001525878906,39.79624557495117,162900,1016,0,1.137494843696918,67.95954745955808
2019-06-04,41.29999923706055,41.790000915527344,41.0099983215332,41.619998931884766,40.49681091308594,141600,1017,1,0.774817677325923,69.15586144713359
2019-06-05,41.52000045776367,41.81999969482422,41.09000015258789,41.810001373291016,40.68168640136719,105200,1018,2,0.6984607715078139,73.19077997987246
2019-06-06,41.650001525878906,41.93000030517578,41.220001220703125,41.83000183105469,40.70115280151367,252300,1019,3,0.4321735860296272,71.30281891148229
2019-06-07,41.91999816894531,42.2599983215332,41.470001220703125,41.5099983215332,40.38977813720703,115800,1020,4,-0.9780531138377735,70.19059575967573
2019-06-10,41.63999938964844,41.90999984741211,41.439998626708984,41.650001525878906,40.52600860595703,81300,1021,0,0.024020500425270264,68.49813702002852
2019-06-11,41.79999923706055,41.869998931884766,40.93000030517578,41.0,39.89354705810547,97300,1022,1,-1.9138738078044115,60.434033902968075
2019-06-12,41.02000045776367,41.119998931884766,40.779998779296875,40.81999969482422,39.71840286254883,94300,1023,2,-0.4875688949476875,49.7041549229012
2019-06-13,40.689998626708984,41.11000061035156,40.619998931884766,40.900001525878906,40.07852554321289,126700,1024,3,0.5161044636459611,46.54091269330335
2019-06-14,40.810001373291016,41.27000045776367,40.70000076293945,41.0,40.176517486572266,100300,1025,4,0.4655687829340005,42.69663210303255
2019-06-17,41.04999923706055,41.08000183105469,40.61000061035156,40.619998931884766,39.80414581298828,99700,1026,0,-1.0475038079600485,47.146414903596316
2019-06-18,40.720001220703125,41.709999084472656,40.599998474121094,41.349998474121094,40.51948547363281,240300,1027,1,1.5471444855892136,61.30529850142406
2019-06-19,41.349998474121094,42.290000915527344,41.349998474121094,41.75,40.91144943237305,298500,1028,2,0.9673556000957317,62.5281795777498
2019-06-20,42.04999923706055,42.04999923706055,41.38999938964844,41.77000045776367,40.93104934692383,177500,1029,3,-0.6658710686731739,64.58330757832906
2019-06-21,41.630001068115234,42.06999969482422,41.2599983215332,41.529998779296875,40.695865631103516,314700,1030,4,-0.24021687785867885,57.553899577731755
2019-06-24,41.369998931884766,41.959999084472656,41.040000915527344,41.040000915527344,40.21571350097656,127800,1031,0,-0.7976747035956189,42.639645021401925
2019-06-25,40.0,40.209999084472656,38.349998474121094,39.29999923706055,38.510658264160156,327500,1032,1,-1.7500019073486306,27.140290194236414
2019-06-26,39.279998779296875,39.560001373291016,38.11000061035156,38.15999984741211,37.3935546875,293000,1033,2,-2.8513211982966746,22.239067391900278
2019-06-27,38.15999984741211,39.08000183105469,38.08000183105469,38.7400016784668,37.96190643310547,272700,1034,3,1.5199209469966002,29.839938431878608
2019-06-28,38.93000030517578,40.369998931884766,38.81999969482422,40.290000915527344,39.480777740478516,444200,1035,4,3.493451322091956,41.787442284320036
2019-07-01,40.619998931884766,40.91999816894531,40.22999954223633,40.869998931884766,40.04912567138672,193600,1036,0,0.6154603805362591,49.20827635683065
2019-07-02,41.0,41.38999938964844,40.779998779296875,41.09000015258789,40.26470947265625,166500,1037,1,0.21951256728753865,51.636365654053826
2019-07-03,41.2599983215332,41.95000076293945,41.2599983215332,41.790000915527344,40.95064926147461,79400,1038,2,1.284543421121609,55.01690594172245
2019-07-05,41.720001220703125,42.099998474121094,41.5,42.099998474121094,41.254417419433594,84700,1039,4,0.9108275222901918,56.05725909855529
2019-07-08,41.880001068115234,42.18000030517578,41.650001525878906,41.79999923706055,40.960445404052734,108900,1040,0,-0.19102633480015951,56.55555725097657
2019-07-09,41.58000183105469,41.900001525878906,41.4900016784668,41.83000183105469,40.989845275878906,83400,1041,1,0.6012505747733821,52.89158542436883
2019-07-10,41.83000183105469,42.27000045776367,41.630001068115234,41.75,40.91144943237305,78000,1042,2,-0.1912546678286109,50.0
2019-07-11,41.68000030517578,41.84000015258789,41.43000030517578,41.81999969482422,40.980045318603516,113600,1043,3,0.33589104756088783,50.31132765198571
2019-07-12,41.66999816894531,42.099998474121094,41.40999984741211,41.86000061035156,41.01924133300781,122800,1044,4,0.45596940186056756,52.10729089325282
2019-07-15,41.93000030517578,41.93000030517578,41.040000915527344,41.560001373291016,40.72526931762695,90000,1045,0,-0.8824205322962797,53.40314292975617
2019-07-16,41.630001068115234,41.869998931884766,41.470001220703125,41.599998474121094,40.764461517333984,88100,1046,1,-0.07206964502607383,69.36026741419337
2019-07-17,41.45000076293945,41.790000915527344,41.400001525878906,41.459999084472656,40.62727355957031,117800,1047,2,0.024121402531163127,83.40081127976951
2019-07-18,41.43000030517578,41.939998626708984,41.33000183105469,41.709999084472656,40.87225341796875,119600,1048,3,0.6758358127791242,82.21257560098073
2019-07-19,41.65999984741211,42.060001373291016,41.5,41.63999938964844,40.80365753173828,148100,1049,4,-0.04800878021345989,71.56548975637104
2019-07-22,41.709999084472656,41.84000015258789,41.34000015258789,41.779998779296875,40.94084548950195,95100,1050,0,0.16782473354279848,66.9145039402014
2019-07-23,41.790000915527344,42.25,41.529998779296875,42.25,41.40140914916992,107800,1051,1,1.100739589363675,69.72789777644566
2019-07-24,42.099998474121094,43.209999084472656,42.099998474121094,43.060001373291016,42.19514083862305,160900,1052,2,2.2802920046660624,70.819684843391
2019-07-25,43.0,43.0099983215332,42.56999969482422,42.84000015258789,41.97956085205078,109500,1053,3,-0.372092668400259,62.50001610934767
2019-07-26,43.0,43.470001220703125,42.810001373291016,43.34000015258789,42.469512939453125,123400,1054,4,0.7906980292741617,74.36707485489681
2019-07-29,43.27000045776367,43.689998626708984,42.869998931884766,43.02000045776367,42.15594482421875,138400,1055,0,-0.5777675002430982,67.24635309493507
2019-07-30,42.65999984741211,43.66999816894531,42.65999984741211,43.310001373291016,42.44011688232422,189100,1056,1,1.523679156596014,71.31149505913302
2019-07-31,43.33000183105469,44.02000045776367,43.33000183105469,43.439998626708984,42.5675048828125,218200,1057,2,0.2538582760351016,71.77419437536852
2019-08-01,43.279998779296875,43.790000915527344,42.70000076293945,42.72999954223633,41.871768951416016,155900,1058,3,-1.2707930974426018,59.908881649549755
2019-08-02,42.40999984741211,42.7400016784668,41.869998931884766,42.68000030517578,41.82277297973633,90600,1059,4,0.6366433830113483,63.526571606274906
2019-08-05,42.04999923706055,42.310001373291016,40.86000061035156,41.5099983215332,40.676265716552734,189200,1060,0,-1.2841876939950536,49.146108683393905
2019-08-06,41.790000915527344,44.310001373291016,41.790000915527344,43.900001525878906,43.01826858520508,327900,1061,1,5.049056147705366,66.22341127080074
2019-08-07,43.310001373291016,43.959999084472656,42.619998931884766,43.81999969482422,42.93987274169922,131800,1062,2,1.1775532333455851,64.35373372916192
2019-08-08,44.099998474121094,44.45000076293945,44.060001373291016,44.06999969482422,43.184852600097656,163000,1063,3,-0.0680244452037293,66.13544646104808
2019-08-09,44.099998474121094,44.380001068115234,43.529998779296875,43.939998626708984,43.05746078491211,118900,1064,4,-0.362811457932366,64.3616856682688
2019-08-12,43.68000030517578,44.22999954223633,43.56999969482422,43.970001220703125,43.08686447143555,73100,1065,0,0.66392150526835,62.146885045221346
2019-08-13,43.529998779296875,44.439998626708984,43.529998779296875,43.95000076293945,43.067264556884766,85800,1066,1,0.9648564103390989,57.07470731790151
2019-08-14,43.119998931884766,43.61000061035156,42.70000076293945,42.72999954223633,41.871768951416016,171300,1067,2,-0.9044512970988405,49.24553853624638
2019-08-15,42.81999969482422,43.13999938964844,42.540000915527344,42.970001220703125,42.10694885253906,123800,1068,3,0.3503071624193277,47.3684324764295
2019-08-16,43.13999938964844,43.7599983215332,43.0,43.689998626708984,42.81248474121094,235800,1069,4,1.2749171183171537,54.50873118067578
2019-08-19,44.220001220703125,44.36000061035156,43.90999984741211,44.060001373291016,43.17505645751953,83200,1070,0,-0.3618268724452256,54.993335717304376
2019-08-20,44.029998779296875,44.029998779296875,43.189998626708984,43.25,42.38132095336914,128900,1071,1,-1.7715166952574024,48.840059190586885
2019-08-21,43.68000030517578,43.709999084472656,43.130001068115234,43.560001373291016,42.685096740722656,84600,1072,2,-0.2747228274871283,55.32734343858742
2019-08-22,43.869998931884766,44.0099983215332,43.2599983215332,43.779998779296875,42.90067672729492,67700,1073,3,-0.20515193703931622,56.90952570363306
2019-08-23,43.56999969482422,43.790000915527344,41.97999954223633,42.310001373291016,41.460205078125,137400,1074,4,-2.891894262929917,54.8426277598794
2019-08-26,42.709999084472656,42.91999816894531,42.29999923706055,42.70000076293945,41.84237289428711,140200,1075,0,-0.02340979102675167,40.41533848093537
2019-08-27,43.02000045776367,43.29999923706055,42.72999954223633,42.93000030517578,42.067752838134766,171700,1076,1,-0.2092053733849908,43.057731036025956
2019-08-28,42.869998931884766,43.810001373291016,42.869998931884766,43.18000030517578,42.31272888183594,172300,1077,2,0.7231196198151713,43.057731036025956
2019-08-29,43.65999984741211,43.849998474121094,43.4900016784668,43.63999938964844,42.76348876953125,115900,1078,3,-0.04580956901871769,47.774486926175435
2019-08-30,43.83000183105469,44.16999816894531,43.400001525878906,43.869998931884766,42.988868713378906,78000,1079,4,0.09125507451321901,49.279522272284794
2019-09-03,43.599998474121094,43.880001068115234,43.150001525878906,43.470001220703125,42.59690475463867,262200,1080,1,-0.2981588485493347,46.72131275688639
2019-09-04,43.86000061035156,44.04999923706055,43.310001373291016,43.91999816894531,43.037864685058594,158200,1081,2,0.1367933373434438,59.08397062155185
2019-09-05,44.54999923706055,44.81999969482422,43.959999084472656,44.790000915527344,43.8903923034668,230200,1082,3,0.5387243155486887,62.67410551102119
2019-09-06,44.79999923706055,45.4900016784668,44.5099983215332,45.16999816894531,44.26275634765625,130500,1083,4,0.8258904870219075,60.81872193001585
2019-09-09,45.56999969482422,46.11000061035156,45.41999816894531,45.709999084472656,44.79191589355469,248300,1084,0,0.3072183247443405,61.76890087052486
2019-09-10,45.97999954223633,46.369998931884766,45.220001220703125,46.22999954223633,45.30147171020508,224400,1085,1,0.5437146639602597,72.17264937372454
2019-09-11,46.209999084472656,47.18000030517578,46.209999084472656,46.9900016784668,46.046207427978516,208900,1086,2,1.6879519788959074,73.91914108014066
2019-09-12,47.0099983215332,48.08000183105469,46.7400016784668,47.68000030517578,46.72235107421875,296400,1087,3,1.4252329452555612,75.52359772276309
2019-09-13,47.70000076293945,48.150001525878906,47.47999954223633,47.529998779296875,46.858394622802734,155800,1088,4,-0.3563982828584389,91.29747475326678
2019-09-16,47.119998931884766,47.40999984741211,46.29999923706055,46.63999938964844,45.98097229003906,184600,1089,0,-1.0186747731683932,78.88563787985487
2019-09-17,46.58000183105469,46.810001373291016,46.09000015258789,46.15999984741211,45.507755279541016,373800,1090,1,-0.9016787615550581,72.8430086594218
2019-09-18,46.18000030517578,46.369998931884766,45.77000045776367,45.900001525878906,45.25143051147461,211600,1091,2,-0.6063204362202979,69.20906390054192
2019-09-19,46.040000915527344,46.560001373291016,45.70000076293945,45.7599983215332,45.113407135009766,269800,1092,3,-0.6081724335928684,65.68046936588543
2019-09-20,45.77000045776367,46.11000061035156,45.20000076293945,46.029998779296875,45.37958908081055,438000,1093,4,0.568054006844787,65.88235360115877
2019-09-23,46.040000915527344,46.47999954223633,45.720001220703125,46.119998931884766,45.468318939208984,131800,1094,0,0.17375763415861112,70.41600173983066
2019-09-24,46.16999816894531,46.70000076293945,46.0,46.189998626708984,45.537330627441406,165400,1095,1,0.0433191651654008,68.57609503896171
2019-09-25,46.40999984741211,47.310001373291016,46.279998779296875,47.29999923706055,46.63164520263672,175700,1096,2,1.9176888441598816,69.76375918755988
2019-09-26,47.25,47.25,46.220001220703125,46.38999938964844,45.73450469970703,95800,1097,3,-1.8201071118551626,58.86628164865776
2019-09-27,46.58000183105469,46.66999816894531,46.13999938964844,46.439998626708984,45.78379821777344,150800,1098,4,-0.30056504689178754,55.712043631995925
2019-09-30,46.619998931884766,46.86000061035156,46.25,46.33000183105469,45.67535400390625,270700,1099,0,-0.6220444175766393,50.83613960262078
2019-10-01,46.61000061035156,46.86000061035156,45.72999954223633,45.869998931884766,45.22185134887695,164700,1100,1,-1.5876457171778102,40.14082142247904
2019-10-02,45.56999969482422,45.56999969482422,44.52000045776367,44.689998626708984,44.05852508544922,166200,1101,2,-1.9310973754849137,25.769848321008226
2019-10-03,44.5,45.02000045776367,44.220001220703125,44.58000183105469,43.9500846862793,101000,1102,3,0.17977939562852097,25.938023898809035
2019-10-04,44.529998779296875,45.66999816894531,44.529998779296875,45.63999938964844,44.99510192871094,129400,1103,4,2.4927029885022822,42.06348629674976
2019-10-07,45.459999084472656,45.650001525878906,44.970001220703125,45.29999923706055,44.65990447998047,188800,1104,0,-0.3519574365032474,43.019471069589784
2019-10-08,44.88999938964844,44.88999938964844,44.25,44.529998779296875,43.90078353881836,223900,1105,1,-0.8019617180805239,39.73011152416357
2019-10-09,44.91999816894531,44.91999816894531,44.43000030517578,44.5,43.871212005615234,158200,1106,2,-0.9349915094958083,40.396345097847664
2019-10-10,44.65999984741211,44.86000061035156,44.34000015258789,44.369998931884766,43.743045806884766,104700,1107,3,-0.6493527015633216,37.07164090951495
2019-10-11,44.90999984741211,45.34000015258789,44.4900016784668,44.5,43.871212005615234,148900,1108,4,-0.9129366484193713,37.461299395494045
2019-10-14,44.15999984741211,45.06999969482422,44.15999984741211,44.77000045776367,44.13739776611328,127300,1109,0,1.3813419666198534,39.33934673556801
2019-10-15,44.81999969482422,45.08000183105469,44.43000030517578,44.439998626708984,43.81205749511719,119000,1110,1,-0.8478381764895793,25.680255558885847
2019-10-16,44.310001373291016,44.84000015258789,44.18000030517578,44.599998474121094,43.96979522705078,88900,1111,2,0.6544732381906115,32.553587973807225
2019-10-17,44.77000045776367,45.2400016784668,44.70000076293945,44.91999816894531,44.285274505615234,114000,1112,3,0.335040673772502,35.92591572199886
2019-10-18,44.66999816894531,45.25,44.63999938964844,44.880001068115234,44.24584197998047,83300,1113,4,0.4701206800494573,36.3977363735456
2019-10-21,45.380001068115234,45.7599983215332,45.20000076293945,45.599998474121094,44.95566940307617,92100,1114,0,0.4847893363326472,47.584965841694626
2019-10-22,45.41999816894531,45.540000915527344,44.9900016784668,45.13999938964844,44.502166748046875,84300,1115,1,-0.6164658533348799,54.6201392876138
2019-10-23,45.060001373291016,45.16999816894531,44.4900016784668,45.119998931884766,44.482452392578125,52500,1116,2,0.13315037009589137,55.64851118912539
2019-10-24,45.220001220703125,45.220001220703125,44.540000915527344,44.560001373291016,43.93036651611328,66400,1117,3,-1.4595308040592059,37.38318589986408
2019-10-25,44.459999084472656,44.52000045776367,43.88999938964844,44.150001525878906,43.52615737915039,102700,1118,4,-0.6972504835296212,36.78161927520663
2019-10-28,44.31999969482422,44.93000030517578,44.31999969482422,44.77000045776367,44.13739776611328,198000,1119,0,1.0153446887139816,52.85716750998862
2019-10-29,44.790000915527344,45.130001068115234,44.0,44.09000015258789,43.46700668334961,352900,1120,1,-1.5628505216144895,45.7731927950121
2019-10-30,43.970001220703125,44.40999984741211,43.34000015258789,44.16999816894531,43.54587173461914,187700,1121,2,0.4548486301793053,47.91665507685437
2019-10-31,43.939998626708984,44.060001373291016,43.15999984741211,43.560001373291016,42.944496154785156,234800,1122,3,-0.8648094339879786,41.09847650162522
2019-11-01,43.959999084472656,44.029998779296875,43.43000030517578,43.650001525878906,43.03322219848633,264300,1123,4,-0.705180994198984,39.01959039022956
2019-11-04,43.939998626708984,44.09000015258789,43.369998931884766,43.810001373291016,43.19095993041992,178700,1124,0,-0.2958517466565169,43.61055614276451
2019-11-05,44.02000045776367,44.15999984741211,43.72999954223633,43.959999084472656,43.33884048461914,96900,1125,1,-0.1363047993345301,43.49591856988674
2019-11-06,43.95000076293945,44.2400016784668,43.66999816894531,44.09000015258789,43.46700668334961,136200,1126,2,0.3185424055020425,41.22620746054034
2019-11-07,43.790000915527344,44.27000045776367,42.529998779296875,43.380001068115234,42.76704025268555,290900,1127,3,-0.9362864554467887,36.11107578975031
2019-11-08,43.18000030517578,44.150001525878906,43.099998474121094,43.97999954223633,43.358558654785156,237300,1128,4,1.8527078077965164,34.65906422650686
2019-11-11,43.95000076293945,44.970001220703125,43.849998474121094,44.77000045776367,44.13739776611328,100600,1129,0,1.8657558147659348,46.70232044198895
2019-11-12,44.900001525878906,45.119998931884766,44.720001220703125,45.08000183105469,44.443016052246094,103500,1130,1,0.40089153465181493,49.661040948581025
2019-11-13,44.689998626708984,44.97999954223633,44.11000061035156,44.209999084472656,43.58530807495117,166700,1131,2,-1.0740647952256932,47.18194399823578
2019-11-14,44.099998474121094,44.40999984741211,43.540000915527344,43.790000915527344,43.17124557495117,181000,1132,3,-0.7029423340584984,47.106101436707235
2019-11-15,44.099998474121094,44.150001525878906,42.25,43.9900016784668,43.3684196472168,236400,1133,4,-0.2494258491161805,43.275867285261974
2019-11-18,43.880001068115234,44.31999969482422,43.63999938964844,44.18000030517578,43.55573272705078,103500,1134,0,0.683681015856985,50.847460062371454
2019-11-19,44.2599983215332,44.439998626708984,43.83000183105469,43.83000183105469,43.21067810058594,82300,1135,1,-0.9715239647203444,46.95343466674688
2019-11-20,43.70000076293945,43.84000015258789,43.119998931884766,43.22999954223633,42.61915588378906,151200,1136,2,-1.0755176487358686,47.037685375805914
2019-11-21,43.36000061035156,43.7400016784668,42.599998474121094,42.83000183105469,42.22481155395508,80600,1137,3,-1.2223218907666422,43.027210222355436
2019-11-22,42.84000015258789,43.27000045776367,42.560001373291016,43.15999984741211,42.550148010253906,92000,1138,4,0.7469647378254951,44.62808249840791
2019-11-25,43.2599983215332,44.25,43.060001373291016,43.849998474121094,43.23039627075195,158200,1139,0,1.3638469151169952,49.165397029744234
2019-11-26,43.810001373291016,44.34000015258789,43.33000183105469,43.95000076293945,43.328983306884766,144700,1140,1,0.3195603406983327,48.9329310842118
2019-11-27,44.06999969482422,44.310001373291016,43.88999938964844,43.95000076293945,43.328983306884766,70200,1141,2,-0.2722916558106081,54.87179353418426
2019-11-29,43.79999923706055,44.150001525878906,43.369998931884766,43.40999984741211,42.79661560058594,142500,1142,4,-0.890409580917173,45.07772362094433
2019-12-02,43.4900016784668,43.560001373291016,42.790000915527344,43.22999954223633,42.61915588378906,204900,1143,0,-0.5978434725129045,35.13512717375134
2019-12-03,42.900001525878906,42.900001525878906,42.47999954223633,42.84000015258789,42.23466873168945,134700,1144,1,-0.13986333602999945,28.707201585057987
2019-12-04,43.0099983215332,43.59000015258789,43.0099983215332,43.11000061035156,42.500850677490234,182500,1145,2,0.23250939949071014,38.197431216693
2019-12-05,43.220001220703125,44.27000045776367,43.20000076293945,43.91999816894531,43.29940414428711,279100,1146,3,1.619613439314005,51.287102685700376
2019-12-06,44.43000030517578,44.91999816894531,44.16999816894531,44.68000030517578,44.048667907714844,225400,1147,4,0.562682868068487,56.14972389327817
2019-12-09,44.560001373291016,45.060001373291016,44.220001220703125,44.709999084472656,44.078243255615234,201500,1148,0,0.3366196287227785,54.862376844704634
2019-12-10,44.7599983215332,45.02000045776367,44.13999938964844,44.349998474121094,43.723331451416016,169900,1149,1,-0.9159961188266341,54.76187481922105
2019-12-11,44.369998931884766,44.43000030517578,43.54999923706055,43.79999923706055,43.18110275268555,116900,1150,2,-1.2846511348789114,55.268023223837574
2019-12-12,43.849998474121094,44.790000915527344,43.84000015258789,44.560001373291016,43.93036651611328,133700,1151,3,1.6191628822722626,64.9913293326396
2019-12-13,44.27000045776367,44.5099983215332,43.66999816894531,43.95000076293945,43.610355377197266,154800,1152,4,-0.7228364389323172,56.528929892835436
2019-12-16,44.36000061035156,44.849998474121094,44.25,44.56999969482422,44.225563049316406,155100,1153,0,0.4733973886007048,56.020073716750595
2019-12-17,44.61000061035156,44.91999816894531,44.25,44.47999954223633,44.13625717163086,115700,1154,1,-0.29141687141126527,54.43884984025559
2019-12-18,44.58000183105469,44.790000915527344,43.91999816894531,43.91999816894531,43.58058547973633,420300,1155,2,-1.4804926760896064,49.770271193906304
2019-12-19,43.959999084472656,44.540000915527344,43.75,44.540000915527344,44.195796966552734,229800,1156,3,1.3193854484395473,58.54765742541002
2019-12-20,44.810001373291016,45.290000915527344,44.09000015258789,44.40999984741211,44.06679916381836,464800,1157,4,-0.8926612667263356,58.993897652218514
2019-12-23,44.400001525878906,44.400001525878906,42.849998474121094,43.29999923706055,42.96537780761719,167900,1158,0,-2.4774825473310225,53.15933159017192
2019-12-24,43.38999938964844,43.939998626708984,43.27000045776367,43.61000061035156,43.27298355102539,50100,1159,1,0.5070320898773906,53.41529712918261
2019-12-26,43.61000061035156,43.790000915527344,43.0,43.709999084472656,43.37220764160156,138100,1160,3,0.22930170309916065,48.41150663617991
2019-12-27,43.75,43.93000030517578,43.40999984741211,43.72999954223633,43.39205551147461,109500,1161,4,-0.04571533203124867,41.908009360619765
2019-12-30,43.77000045776367,43.939998626708984,43.560001373291016,43.83000183105469,43.49128341674805,71900,1162,0,0.13708332799520218,42.592628270583596
2019-12-31,43.7400016784668,44.459999084472656,43.630001068115234,43.65999984741211,43.32259750366211,134800,1163,1,-0.18290312753708182,44.00002388327448
2020-01-02,43.84000015258789,44.27000045776367,43.54999923706055,44.22999954223633,43.88819122314453,149100,1164,3,0.8895971448244167,53.726164802515456
2020-01-03,43.72999954223633,44.630001068115234,43.70000076293945,44.47999954223633,44.13625717163086,191500,1165,4,1.715069764122945,49.23952773265259
2020-01-06,43.970001220703125,44.349998474121094,43.560001373291016,44.16999816894531,43.828651428222656,157200,1166,0,0.4548486301793053,52.21771107882639
2020-01-07,44.029998779296875,44.20000076293945,43.34000015258789,43.369998931884766,43.03483581542969,160600,1167,1,-1.4989776645700115,38.3268654312714
2020-01-08,43.36000061035156,43.970001220703125,43.36000061035156,43.56999969482422,43.23329162597656,134800,1168,2,0.48431522489997825,41.33335367834107
2020-01-09,43.790000915527344,44.119998931884766,43.65999984741211,43.70000076293945,43.36228942871094,124300,1169,3,-0.20552672004164885,47.71787450624714
2020-01-10,43.63999938964844,43.650001525878906,42.97999954223633,43.150001525878906,42.8165397644043,93300,1170,4,-1.1228182186587277,35.36845097840805
2020-01-13,43.04999923706055,43.189998626708984,42.83000183105469,43.16999816894531,42.83638000488281,86900,1171,0,0.27874316843532476,36.63792217529672
2020-01-14,43.25,43.81999969482422,42.970001220703125,43.709999084472656,43.37220764160156,124800,1172,1,1.0635816982026647,55.03684881908509
2020-01-15,43.4900016784668,43.959999084472656,43.18000030517578,43.4900016784668,43.15391159057617,121600,1173,2,0.0,48.49247555670146
2020-01-16,43.779998779296875,44.52000045776367,43.63999938964844,44.369998931884766,44.02710723876953,95500,1174,3,1.3476477136561638,56.93277395105806
2020-01-17,44.79999923706055,45.13999938964844,44.34000015258789,44.61000061035156,44.265254974365234,109600,1175,4,-0.42410408469786276,58.8353529016597
2020-01-21,44.38999938964844,44.83000183105469,44.04999923706055,44.189998626708984,43.8484992980957,98200,1176,1,-0.4505536510236885,53.39619667430327
2020-01-22,44.310001373291016,44.61000061035156,44.189998626708984,44.369998931884766,44.02710723876953,80400,1177,2,0.1354041000547479,56.685493511419665
2020-01-23,44.18000030517578,44.33000183105469,43.72999954223633,44.33000183105469,43.98741912841797,196100,1178,3,0.33952359629416673,51.04605014815885
2020-01-24,44.33000183105469,44.33000183105469,43.099998474121094,43.36000061035156,43.0249137878418,101200,1179,4,-2.1881371094904956,39.81818446640325
2020-01-27,42.70000076293945,43.41999816894531,42.70000076293945,43.060001373291016,42.72723388671875,102400,1180,0,0.8430927492254714,39.89072860796752
2020-01-28,43.279998779296875,43.79999923706055,43.279998779296875,43.52000045776367,43.183677673339844,109400,1181,1,0.554532544445463,51.45632721993423
2020-01-29,43.470001220703125,43.9900016784668,43.27000045776367,43.56999969482422,43.23329162597656,150300,1182,2,0.23004019165628886,50.0
2020-01-30,43.25,43.72999954223633,43.0,43.66999816894531,43.332515716552734,111100,1183,3,0.9710940322434913,49.69816241740242
2020-01-31,43.310001373291016,43.61000061035156,42.93000030517578,43.0099983215332,42.677616119384766,150300,1184,4,-0.6926876985573593,48.62201309765268
2020-02-03,43.38999938964844,43.81999969482422,43.20000076293945,43.4900016784668,43.15391159057617,157600,1185,0,0.23047312796740105,52.88811982837984
2020-02-04,43.880001068115234,44.150001525878906,43.689998626708984,43.900001525878906,43.56074142456055,114900,1186,1,0.04557989352056424,51.75603124528451
2020-02-05,44.439998626708984,45.2400016784668,44.2400016784668,45.220001220703125,44.870540618896484,145700,1187,2,1.7551814088611284,63.287250294013035
2020-02-06,45.81999969482422,46.22999954223633,45.0,45.65999984741211,45.3071403503418,208500,1188,3,-0.34919216167123013,60.62603772968312
2020-02-07,45.47999954223633,45.47999954223633,43.83000183105469,43.9900016784668,43.650047302246094,144900,1189,4,-3.2761606833038748,45.86667168511539
2020-02-10,43.84000015258789,44.13999938964844,43.41999816894531,43.77000045776367,43.43174743652344,125700,1190,0,-0.15967083617832722,47.12329840879994
2020-02-11,43.93000030517578,44.220001220703125,43.75,44.02000045776367,43.679813385009766,98800,1191,1,0.2048717322164162,47.625517598343684
2020-02-12,44.25,44.25,43.540000915527344,43.83000183105469,43.49128341674805,145400,1192,2,-0.9491484043961829,46.67553043084793
2020-02-13,43.70000076293945,44.91999816894531,43.70000076293945,44.79999923706055,44.45378494262695,338200,1193,3,2.5171589357361412,59.57446808510638
2020-02-14,44.90999984741211,45.63999938964844,44.810001373291016,45.540000915527344,45.18806838989258,167600,1194,4,1.402807994334787,65.57789582899028
2020-02-18,45.529998779296875,46.09000015258789,45.0,45.18000030517578,44.830848693847656,231900,1195,1,-0.7687205875354541,60.55979977199166
2020-02-19,45.16999816894531,45.529998779296875,44.869998931884766,45.16999816894531,44.820926666259766,169500,1196,2,0.0,60.230169671106744
2020-02-20,44.959999084472656,45.59000015258789,44.77000045776367,45.27000045776367,44.9201545715332,150800,1197,3,0.6895048478728238,60.23018907133626
2020-02-21,45.2599983215332,45.27000045776367,44.790000915527344,45.13999938964844,44.79115676879883,183400,1198,4,-0.2651324267232136,64.60905134453601
2020-02-24,44.150001525878906,44.560001373291016,43.7400016784668,44.130001068115234,43.78896713256836,119500,1199,0,-0.04530114852192568,54.09206786844269
2020-02-25,44.08000183105469,44.119998931884766,42.61000061035156,42.7599983215332,42.42955017089844,144200,1200,1,-2.994563191219135,43.50795633519796
2020-02-26,43.0099983215332,43.33000183105469,42.380001068115234,42.54999923706055,42.22117233276367,130600,1201,2,-1.0695166296771363,32.594515690238694
2020-02-27,41.70000076293945,42.70000076293945,40.880001068115234,40.90999984741211,40.593849182128906,229100,1202,3,-1.8944865733178884,23.22436003849961
2020-02-28,39.97999954223633,40.040000915527344,38.45000076293945,38.93000030517578,38.629150390625,297100,1203,4,-2.6263112783462828,22.440092034724543
2020-03-02,38.93000030517578,41.13999938964844,38.810001373291016,41.099998474121094,40.782379150390625,170100,1204,0,5.5741026250565096,38.00538307542715
2020-03-03,40.97999954223633,41.65999984741211,39.630001068115234,39.84000015258789,39.5321159362793,190900,1205,1,-2.7818433440280788,32.784182391557636
2020-03-04,40.56999969482422,41.9900016784668,40.119998931884766,41.83000183105469,41.50674057006836,190200,1206,2,3.105748448874679,42.826400108584764
2020-03-05,40.43000030517578,41.08000183105469,39.4900016784668,40.33000183105469,40.018333435058594,351300,1207,3,-0.24733730736156145,34.55426451106908
2020-03-06,39.34000015258789,41.02000045776367,39.34000015258789,40.86000061035156,40.54423522949219,290000,1208,4,3.8637530550789334,33.59046422130163
2020-03-09,38.099998474121094,40.459999084472656,38.02000045776367,40.29999923706055,39.98855972290039,354900,1209,0,5.774280448944835,33.12586414351489
2020-03-10,41.400001525878906,41.68000030517578,38.599998474121094,40.81999969482422,40.50454330444336,242200,1210,1,-1.4009705547767481,35.470948164970224
2020-03-11,39.58000183105469,40.22999954223633,38.31999969482422,38.709999084472656,38.410850524902344,199900,1211,2,-2.198086675931943,30.68315209027668
2020-03-12,35.650001525878906,36.20000076293945,33.68000030517578,34.400001525878906,34.134159088134766,290000,1212,3,-3.506311210372892,24.62192845602442
2020-03-13,36.2400016784668,38.95000076293945,34.86000061035156,38.81999969482422,38.52000045776367,312000,1213,4,7.119199494657891,39.19413458757248
2020-03-16,34.36000061035156,35.97999954223633,33.08000183105469,33.220001220703125,33.220001220703125,342200,1214,0,-3.3178095733356616,33.43750020696062
2020-03-17,33.810001373291016,38.029998779296875,31.809999465942383,37.7400016784668,37.7400016784668,426500,1215,1,11.623780377247716,42.736335580982775
2020-03-18,35.630001068115234,37.459999084472656,31.780000686645508,33.31999969482422,33.31999969482422,302300,1216,2,-6.483304249345645,39.42602244581328
2020-03-19,32.81999969482422,35.310001373291016,31.799999237060547,32.41999816894531,32.41999816894531,374800,1217,3,-1.218773703833964,40.64923500027177
2020-03-20,31.729999542236328,34.68000030517578,31.040000915527344,33.279998779296875,33.279998779296875,513000,1218,4,4.884964574289752,38.32835866444147
2020-03-23,33.15999984741211,33.9900016784668,30.610000610351562,31.399999618530273,31.399999618530273,330600,1219,0,-5.307600232148946,37.63188697763343
2020-03-24,33.0,35.61000061035156,32.4900016784668,34.66999816894531,34.66999816894531,291400,1220,1,5.060600511955493,39.886999823381664
2020-03-25,34.599998474121094,35.150001525878906,32.290000915527344,32.93000030517578,32.93000030517578,281100,1221,2,-4.826584516165166,39.61840285541471
2020-03-26,32.97999954223633,36.09000015258789,32.650001525878906,34.47999954223633,34.47999954223633,255900,1222,3,4.548211100121469,41.2984154957057
2020-03-27,33.0,35.06999969482422,32.599998474121094,33.689998626708984,33.689998626708984,196600,1223,4,2.090904929421167,41.040930600111196
2020-03-30,34.0,35.369998931884766,33.369998931884766,35.06999969482422,35.06999969482422,227400,1224,0,3.147057925953578,42.38410519066667
2020-03-31,34.619998931884766,36.63999938964844,34.619998931884766,36.59000015258789,36.59000015258789,321000,1225,1,5.690356099025662,47.147471530919475
2020-04-01,34.95000076293945,35.54999923706055,33.150001525878906,33.7599983215332,33.7599983215332,284100,1226,2,-3.404871002658505,49.103134530729164
2020-04-02,33.439998626708984,34.27000045776367,31.84000015258789,32.720001220703125,32.720001220703125,380600,1227,3,-2.153102379109517,40.55727768079628
2020-04-03,32.119998931884766,32.869998931884766,30.780000686645508,31.299999237060547,31.299999237060547,189800,1228,4,-2.5529256603125994,46.586056550303944
2020-04-06,32.7400016784668,33.459999084472656,32.369998931884766,32.88999938964844,32.88999938964844,256600,1229,0,0.45814814750084754,40.37316034387093
2020-04-07,33.65999984741211,34.38999938964844,31.780000686645508,31.84000015258789,31.84000015258789,218300,1230,1,-5.407010407233104,46.6086169501932
2020-04-08,32.349998474121094,32.849998474121094,31.739999771118164,32.29999923706055,32.29999923706055,198100,1231,2,-0.1545571543088209,49.719366353366624
2020-04-09,33.16999816894531,36.709999084472656,32.869998931884766,36.220001220703125,36.220001220703125,236000,1232,3,9.195065481231502,56.0147352835636
2020-04-13,35.75,36.54999923706055,34.150001525878906,35.209999084472656,35.209999084472656,164900,1233,0,-1.5104920714051562,58.08230633635415
2020-04-14,35.959999084472656,36.880001068115234,34.790000915527344,35.04999923706055,35.04999923706055,137000,1234,1,-2.5305891840387784,50.928643729885906
2020-04-15,33.63999938964844,34.040000915527344,33.04999923706055,33.58000183105469,33.58000183105469,185900,1235,2,-0.1783518420996555,51.60971136027666
2020-04-16,33.70000076293945,34.310001373291016,32.33000183105469,33.40999984741211,33.40999984741211,201700,1236,3,-0.8605368218456033,47.15576980407347
2020-04-17,33.54999923706055,34.900001525878906,33.54999923706055,34.56999969482422,34.56999969482422,151400,1237,4,3.040239883632978,52.294058600340534
2020-04-20,33.95000076293945,36.27000045776367,33.45000076293945,34.290000915527344,34.290000915527344,166900,1238,0,1.0014731809933952,47.84292394827878
2020-04-21,33.119998931884766,33.849998474121094,32.5099983215332,33.31999969482422,33.31999969482422,164000,1239,1,0.6038670573352833,40.67313184858288
2020-04-22,33.7599983215332,33.88999938964844,33.09000015258789,33.54999923706055,33.54999923706055,144200,1240,2,-0.622035233747964,49.29672109785605
2020-04-23,33.400001525878906,33.81999969482422,32.95000076293945,33.27000045776367,33.27000045776367,138500,1241,3,-0.3892247370542945,51.940716866855226
2020-04-24,33.7599983215332,34.58000183105469,33.380001068115234,34.27000045776367,34.27000045776367,147700,1242,4,1.5106699099127985,60.80000443892046
2020-04-27,34.150001525878906,35.88999938964844,34.150001525878906,35.54999923706055,35.54999923706055,159300,1243,0,4.099553875922135,59.895833776820325
2020-04-28,36.75,36.869998931884766,35.86000061035156,36.18000030517578,36.18000030517578,231200,1244,1,-1.5510195777529767,66.66666666666666
2020-04-29,37.59000015258789,38.31999969482422,36.310001373291016,37.599998474121094,37.599998474121094,240300,1245,2,0.0265983545959525,68.9556488219052
2020-04-30,36.529998779296875,36.63999938964844,35.15999984741211,35.15999984741211,35.15999984741211,223100,1246,3,-3.7503393858890677,45.75999321288855
2020-05-01,34.15999984741211,34.529998779296875,33.04999923706055,34.06999969482422,34.06999969482422,205700,1247,4,-0.2634664900172945,45.46899874763855
2020-05-04,33.470001220703125,33.810001373291016,33.029998779296875,33.63999938964844,33.63999938964844,167100,1248,0,0.5079120488354238,44.51361699057963
2020-05-05,34.18000030517578,34.540000915527344,33.290000915527344,33.40999984741211,33.40999984741211,141500,1249,1,-2.252780722319281,49.267863778798755
2020-05-06,33.52000045776367,33.88999938964844,32.29999923706055,32.41999816894531,32.41999816894531,179400,1250,2,-3.281629695096211,46.01769123899131
2020-05-07,32.880001068115234,33.9900016784668,32.630001068115234,33.70000076293945,33.70000076293945,126300,1251,3,2.493916265773466,46.53386858655883
2020-05-08,34.9900016784668,35.529998779296875,33.56999969482422,35.400001525878906,35.400001525878906,180600,1252,4,1.1717628686609194,53.972800692052104
2020-05-11,34.939998626708984,35.52000045776367,33.560001373291016,34.029998779296875,34.029998779296875,166500,1253,0,-2.6044644624470092,52.470420837746644
2020-05-12,33.95000076293945,34.279998779296875,32.7400016784668,32.79999923706055,32.79999923706055,227400,1254,1,-3.3873387335362715,47.56018260905391
2020-05-13,32.209999084472656,32.529998779296875,31.149999618530273,32.220001220703125,32.220001220703125,251300,1255,2,0.03105289200486805,46.649651869359666
2020-05-14,31.25,32.41999816894531,30.479999542236328,32.279998779296875,32.279998779296875,291400,1256,3,3.2959960937499977,43.24507216459603
2020-05-15,32.79999923706055,33.369998931884766,32.11000061035156,32.52000045776367,32.52000045776367,548700,1257,4,-0.8536548347858108,38.93353455463068
