Date,Open,High,Low,Close,Adj Close,Volume,Count,Week Day,Change,RSI
2015-05-19,6.260000228881836,6.320000171661377,6.110000133514404,6.230000019073486,6.230000019073486,259700,0,1,-0.4792365608860094,1.2799999713897705
2015-05-20,6.230000019073486,6.289999961853027,6.130000114440918,6.199999809265137,6.199999809265137,119700,1,2,-0.4815442972151307,1.2799999713897705
2015-05-21,6.260000228881836,6.289999961853027,6.139999866485596,6.190000057220459,6.190000057220459,107900,2,3,-1.1182135639295376,1.2799999713897705
2015-05-22,6.199999809265137,6.230000019073486,6.110000133514404,6.170000076293945,6.170000076293945,88100,3,4,-0.48386667571118647,1.2799999713897705
2015-05-26,6.099999904632568,6.170000076293945,6.010000228881836,6.059999942779541,6.059999942779541,110500,4,1,-0.6557370898096271,1.2799999713897705
2015-05-27,6.090000152587891,6.260000228881836,6.03000020980835,6.260000228881836,6.260000228881836,142200,5,2,2.7914625949837735,1.2799999713897705
2015-05-28,6.199999809265137,6.659999847412109,6.130000114440918,6.650000095367432,6.650000095367432,785600,6,3,7.258069353967156,1.2799999713897705
2015-05-29,6.659999847412109,6.860000133514404,6.619999885559082,6.840000152587891,6.840000152587891,1596200,7,4,2.7027073468436136,1.2799999713897705
2015-06-01,6.940000057220459,6.960000038146973,6.75,6.860000133514404,6.860000133514404,414200,8,0,-1.152736643320651,1.2799999713897705
2015-06-02,6.78000020980835,6.920000076293945,6.730000019073486,6.760000228881836,6.760000228881836,328400,9,1,-0.29498496028924626,1.2799999713897705
2015-06-03,6.75,6.960000038146973,6.739999771118164,6.929999828338623,6.929999828338623,298300,10,2,2.6666641235351562,1.2799999713897705
2015-06-04,6.880000114440918,6.960000038146973,6.769999980926514,6.860000133514404,6.860000133514404,232300,11,3,-0.2906973923522793,1.2799999713897705
2015-06-05,6.829999923706055,6.929999828338623,6.730000019073486,6.880000114440918,6.880000114440918,240500,12,4,0.7320672224507607,1.2799999713897705
2015-06-08,6.820000171661377,6.889999866485596,6.809999942779541,6.840000152587891,6.840000152587891,397900,13,0,0.2932548449136041,1.2799999713897705
2015-06-09,6.809999942779541,6.869999885559082,6.75,6.849999904632568,6.849999904632568,268400,14,1,0.5873709572558505,72.46377763065692
2015-06-10,6.869999885559082,7.039999961853027,6.820000171661377,6.96999979019165,6.96999979019165,686900,15,2,1.4556027117667236,76.19049627109803
2015-06-11,6.960000038146973,7.25,6.940000057220459,7.21999979019165,7.21999979019165,383400,16,3,3.7356286008570105,80.11696738097469
2015-06-12,7.159999847412109,7.300000190734863,7.019999980926514,7.090000152587891,7.090000152587891,273400,17,4,-0.97764938988818,75.27474485264412
2015-06-15,7.300000190734863,7.619999885559082,7.130000114440918,7.449999809265137,7.449999809265137,738400,18,0,2.054789241247579,83.57490415449905
2015-06-16,7.369999885559082,7.5,7.199999809265137,7.429999828338623,7.429999828338623,344300,19,1,0.8141104981169045,80.95240377907731
2015-06-17,7.420000076293945,7.5,7.400000095367432,7.429999828338623,7.429999828338623,248100,20,2,0.13476754638623856,76.00002415978007
2015-06-18,7.449999809265137,7.5,7.309999942779541,7.360000133514404,7.360000133514404,292800,21,3,-1.2080493698644834,68.84061000703163
2015-06-19,7.380000114440918,7.510000228881836,7.329999923706055,7.5,7.5,417100,22,4,1.6260146842582035,71.33336279132016
2015-06-22,7.5,7.5,7.320000171661377,7.440000057220459,7.440000057220459,226600,23,0,-0.7999992370605447,73.28770277451086
2015-06-23,7.460000038146973,7.460000038146973,7.230000019073486,7.349999904632568,7.349999904632568,196700,24,1,-1.474532613296442,65.21741383921444
2015-06-24,7.309999942779541,7.329999923706055,7.179999828338623,7.25,7.25,169900,25,2,-0.8207926573078339,63.829798027109405
2015-06-25,7.269999980926514,7.28000020980835,7.039999961853027,7.139999866485596,7.139999866485596,526500,26,3,-1.788172142805844,58.66666666666666
2015-06-26,7.159999847412109,7.179999828338623,6.949999809265137,7.0,7.0,440100,27,4,-2.234634788015244,55.0
2015-06-29,7.0,7.0,6.599999904632568,6.639999866485596,6.639999866485596,423200,28,0,-5.1428590502057725,44.615380477150445
2015-06-30,6.710000038146973,6.840000152587891,6.599999904632568,6.75,6.75,336100,29,1,0.596124614390825,44.32989969455371
2015-07-01,6.829999923706055,6.980000019073486,6.699999809265137,6.739999771118164,6.739999771118164,225800,30,2,-1.3177182078071725,35.882346836338485
2015-07-02,6.769999980926514,6.769999980926514,6.590000152587891,6.610000133514404,6.610000133514404,136000,31,3,-2.3633655518890073,35.882346836338485
2015-07-06,6.559999942779541,6.630000114440918,6.5,6.559999942779541,6.559999942779541,113900,32,0,0.0,17.985613238372977
2015-07-07,6.550000190734863,6.550000190734863,6.309999942779541,6.420000076293945,6.420000076293945,165800,33,1,-1.9847345138219397,16.556294109418033
2015-07-08,6.369999885559082,6.460000038146973,6.300000190734863,6.409999847412109,6.409999847412109,150000,34,2,0.6279428975141332,16.447368627439914
2015-07-09,6.519999980926514,6.550000190734863,6.329999923706055,6.369999885559082,6.369999885559082,148600,35,3,-2.300614966353365,16.778520697769466
2015-07-10,6.409999847412109,6.519999980926514,6.389999866485596,6.46999979019165,6.46999979019165,129400,36,4,0.9360365711048368,14.482758393894386
2015-07-13,6.489999771118164,6.599999904632568,6.489999771118164,6.559999942779541,6.559999942779541,101000,37,0,1.078585117566444,20.270276365703054
2015-07-14,6.570000171661377,6.75,6.53000020980835,6.639999866485596,6.639999866485596,307100,38,1,1.0654443378274259,25.850343225377856
2015-07-15,6.659999847412109,6.78000020980835,6.599999904632568,6.710000038146973,6.710000038146973,139000,39,2,0.7507536318381636,31.250008278419813
2015-07-16,6.739999771118164,6.929999828338623,6.650000095367432,6.670000076293945,6.670000076293945,147100,40,3,-1.038571175093761,32.846727523137915
2015-07-17,6.690000057220459,6.739999771118164,6.599999904632568,6.710000038146973,6.710000038146973,104600,41,4,0.2989533745209494,38.58268278250526
2015-07-20,6.710000038146973,6.710000038146973,6.449999809265137,6.53000020980835,6.53000020980835,165100,42,0,-2.682560764758679,44.95414489548081
2015-07-21,6.539999961853027,6.679999828338623,6.440000057220459,6.480000019073486,6.480000019073486,124500,43,1,-0.9174303230812364,36.89320747921245
2015-07-22,6.440000057220459,6.53000020980835,6.320000171661377,6.420000076293945,6.420000076293945,104000,44,2,-0.3105587072796623,35.18519826713833
2015-07-23,6.449999809265137,6.570000171661377,6.300000190734863,6.300000190734863,6.300000190734863,168400,45,3,-2.325575549859793,35.51402368944447
2015-07-24,6.260000228881836,6.460000038146973,6.150000095367432,6.21999979019165,6.21999979019165,267100,46,4,-0.6389846202502492,34.545452969133905
2015-07-27,6.179999828338623,6.230000019073486,6.070000171661377,6.110000133514404,6.110000133514404,153300,47,0,-1.1326811774853507,35.51402368944447
2015-07-28,6.139999866485596,6.329999923706055,6.010000228881836,6.019999980926514,6.019999980926514,226800,48,1,-1.9543955727765794,33.04348547201691
2015-07-29,6.03000020980835,6.170000076293945,6.03000020980835,6.039999961853027,6.039999961853027,192600,49,2,0.16583336147173444,35.39823494312979
2015-07-30,5.96999979019165,6.190000057220459,5.96999979019165,6.119999885559082,6.119999885559082,312900,50,3,2.5125644998157837,34.23424042642124
2015-07-31,6.139999866485596,6.21999979019165,6.099999904632568,6.159999847412109,6.159999847412109,342400,51,4,0.3257325954627577,31.132069954713955
2015-08-03,6.25,6.25,5.980000019073486,6.079999923706055,6.079999923706055,174600,52,0,-2.7200012207031277,23.58490693352755
2015-08-04,6.050000190734863,6.090000152587891,5.96999979019165,6.010000228881836,6.010000228881836,126900,53,1,-0.6611563734210235,16.98112443656713
2015-08-05,6.039999961853027,6.130000114440918,5.880000114440918,5.920000076293945,5.920000076293945,216900,54,2,-1.9867530847180181,16.216205766896152
2015-08-06,5.920000076293945,6.110000133514404,5.679999828338623,5.769999980926514,5.769999980926514,765000,55,3,-2.533785362065999,11.475400865733192
2015-08-07,5.639999866485596,5.909999847412109,5.269999980926514,5.800000190734863,5.800000190734863,391900,56,4,2.8368852488815266,15.887855048657443
2015-08-10,6.019999980926514,6.099999904632568,5.929999828338623,5.989999771118164,5.989999771118164,252600,57,0,-0.49834235719935505,29.752048528641566
2015-08-11,5.920000076293945,6.010000228881836,5.809999942779541,5.860000133514404,5.860000133514404,158700,58,1,-1.0135125338900708,28.124989522614953
2015-08-12,5.800000190734863,5.960000038146973,5.75,5.900000095367432,5.900000095367432,248600,59,2,1.7241362300696395,33.333320087849344
2015-08-13,5.880000114440918,5.949999809265137,5.760000228881836,5.849999904632568,5.849999904632568,258800,60,3,-0.5102076398718292,34.18802722130884
2015-08-14,5.820000171661377,5.989999771118164,5.800000190734863,5.840000152587891,5.840000152587891,160000,61,4,0.34364227382495116,37.38316924032655
2015-08-17,5.809999942779541,5.929999828338623,5.809999942779541,5.889999866485596,5.889999866485596,122900,62,0,1.3769350171074501,43.68930735385619
2015-08-18,5.880000114440918,6.0,5.869999885559082,5.900000095367432,5.900000095367432,157400,63,1,0.3401357234227742,43.13725490196078
2015-08-19,5.809999942779541,6.079999923706055,5.809999942779541,6.0,6.0,1145400,64,2,3.2702247692202535,44.23076923076923
2015-08-20,5.949999809265137,6.0,5.849999904632568,5.909999847412109,5.909999847412109,375600,65,3,-0.6722682879878539,38.5321016635067
2015-08-21,5.78000020980835,5.989999771118164,5.75,5.769999980926514,5.769999980926514,324100,66,4,-0.1730143342359436,36.521731558723786
2015-08-24,5.550000190734863,5.760000228881836,5.440000057220459,5.599999904632568,5.599999904632568,344400,67,0,0.9008957149438279,33.599980773918446
2015-08-25,5.75,5.75,5.559999942779541,5.630000114440918,5.630000114440918,301500,68,1,-2.086954531462293,37.815123356614215
2015-08-26,5.670000076293945,5.809999942779541,5.639999866485596,5.809999942779541,5.809999942779541,332900,69,2,2.4691334144937738,51.639343621556804
2015-08-27,5.820000171661377,5.900000095367432,5.730000019073486,5.900000095367432,5.900000095367432,422500,70,3,1.3745690952998268,53.90624854480763
2015-08-28,5.849999904632568,6.070000171661377,5.840000152587891,5.960000038146973,5.960000038146973,494500,71,4,1.8803441932929932,48.69566335119608
2015-08-31,5.96999979019165,6.099999904632568,5.889999866485596,6.090000152587891,6.090000152587891,674000,72,0,2.0100563921860326,60.0
2015-09-01,5.940000057220459,6.03000020980835,5.880000114440918,5.889999866485596,5.889999866485596,346400,73,1,-0.8417540446667982,49.61831199700066
2015-09-02,5.989999771118164,6.050000190734863,5.900000095367432,6.039999961853027,6.039999961853027,278100,74,2,0.8347277570184275,56.73758913217348
2015-09-03,6.019999980926514,6.079999923706055,5.900000095367432,5.900000095367432,5.900000095367432,391400,75,3,-1.993353587031299,51.94804953531612
2015-09-04,5.809999942779541,5.900000095367432,5.809999942779541,5.829999923706055,5.829999923706055,215200,76,4,0.344233754276857,48.07692601600644
2015-09-08,5.909999847412109,6.019999980926514,5.849999904632568,5.989999771118164,5.989999771118164,190300,77,1,1.3536366458805515,52.63156867387164
2015-09-09,6.019999980926514,6.019999980926514,5.869999885559082,5.880000114440918,5.880000114440918,237900,78,2,-2.3255791848698415,46.51163177531436
2015-09-10,5.880000114440918,5.949999809265137,5.78000020980835,5.789999961853027,5.789999961853027,233400,79,3,-1.5306148101401518,46.51163177531436
2015-09-11,5.730000019073486,5.829999923706055,5.650000095367432,5.690000057220459,5.690000057220459,171200,80,4,-0.6980796111671794,47.61905032220562
2015-09-14,5.710000038146973,5.710000038146973,5.550000190734863,5.639999866485596,5.639999866485596,244300,81,0,-1.225922437718474,51.28204971453969
2015-09-15,5.619999885559082,5.730000019073486,5.480000019073486,5.550000190734863,5.550000190734863,238000,82,1,-1.2455461966126902,47.530866377856384
2015-09-16,5.570000171661377,5.690000057220459,5.5,5.610000133514404,5.610000133514404,172100,83,2,0.7181321475811853,43.33333969116211
2015-09-17,5.590000152587891,5.849999904632568,5.590000152587891,5.78000020980835,5.78000020980835,269800,84,3,3.398927585583311,46.2025350837483
2015-09-18,5.670000076293945,5.909999847412109,5.670000076293945,5.889999866485596,5.889999866485596,407800,85,4,3.8800667942044953,47.85275499311511
2015-09-21,5.929999828338623,5.940000057220459,5.71999979019165,5.760000228881836,5.760000228881836,107700,86,0,-2.8667724178402687,39.877297741955495
2015-09-22,5.659999847412109,5.75,5.619999885559082,5.639999866485596,5.639999866485596,240100,87,1,-0.35335656299810836,41.93547990145771
2015-09-23,5.659999847412109,5.75,5.639999866485596,5.699999809265137,5.699999809265137,170900,88,2,0.7067131259962167,38.356151856400075
2015-09-24,5.650000095367432,5.78000020980835,5.650000095367432,5.760000228881836,5.760000228881836,311500,89,3,1.9469049850918685,44.92753973730412
2015-09-25,5.820000171661377,5.820000171661377,5.619999885559082,5.630000114440918,5.630000114440918,226900,90,4,-3.264605697876144,43.05556015468073
2015-09-28,5.650000095367432,5.659999847412109,5.550000190734863,5.590000152587891,5.590000152587891,220300,91,0,-1.061945871978598,34.848495795162265
2015-09-29,5.570000171661377,5.590000152587891,5.420000076293945,5.420000076293945,5.420000076293945,240400,92,1,-2.692999833834664,33.33333333333333
2015-09-30,5.489999771118164,5.590000152587891,5.46999979019165,5.579999923706055,5.579999923706055,182900,93,2,1.6393471100192736,42.758618421701684
2015-10-01,5.519999980926514,5.579999923706055,5.329999923706055,5.519999980926514,5.519999980926514,677400,94,3,0.0,43.97162784783415
2015-10-02,5.480000019073486,5.590000152587891,5.320000171661377,5.590000152587891,5.590000152587891,341800,95,4,2.0073016994806903,48.251758045460925
2015-10-05,5.639999866485596,5.769999980926514,5.599999904632568,5.760000228881836,5.760000228881836,248300,96,0,2.1276660503010802,56.95364259323586
2015-10-06,5.789999961853027,5.869999885559082,5.739999771118164,5.789999961853027,5.789999961853027,1216000,97,1,0.0,56.08107520334044
2015-10-07,5.800000190734863,6.170000076293945,5.800000190734863,6.159999847412109,6.159999847412109,353200,98,2,6.206890428250733,61.30951417952069
2015-10-08,6.110000133514404,6.25,6.039999961853027,6.21999979019165,6.21999979019165,247300,99,3,1.800321673871652,60.12269633549207
2015-10-09,6.21999979019165,6.570000171661377,6.059999942779541,6.550000190734863,6.550000190734863,636400,100,4,5.305472856503823,71.58468806266106
2015-10-12,6.610000133514404,6.670000076293945,6.449999809265137,6.670000076293945,6.670000076293945,279400,101,0,0.9077146984509898,78.14207607557373
2015-10-13,6.619999885559082,6.789999961853027,6.340000152587891,6.340000152587891,6.340000152587891,243600,102,1,-4.229603290205263,65.23810064441125
2015-10-14,6.340000152587891,6.440000057220459,6.25,6.269999980926514,6.269999980926514,206700,103,2,-1.104103627391928,62.08530141643226
2015-10-15,6.300000190734863,6.510000228881836,6.170000076293945,6.389999866485596,6.389999866485596,175100,104,3,1.4285662385072895,68.09523301329989
2015-10-16,6.420000076293945,6.789999961853027,6.170000076293945,6.289999961853027,6.289999961853027,152000,105,4,-2.0249238768850986,66.20370043321542
2015-10-19,6.239999771118164,6.239999771118164,5.980000019073486,6.079999923706055,6.079999923706055,272100,106,0,-2.5641002128344415,64.9999978325582
2015-10-20,5.920000076293945,6.099999904632568,5.900000095367432,5.96999979019165,5.96999979019165,244200,107,1,0.8445897509009148,59.0697639345673
2015-10-21,5.96999979019165,5.96999979019165,5.800000190734863,5.800000190734863,5.800000190734863,127700,108,2,-2.8475645800873584,56.19469558691382
2015-10-22,5.849999904632568,6.039999961853027,5.730000019073486,5.949999809265137,5.949999809265137,341100,109,3,1.7094001070560472,57.69230298977
2015-10-23,5.96999979019165,6.050000190734863,5.889999866485596,6.050000190734863,6.050000190734863,222800,110,4,1.3400402571981385,56.387665753463786
2015-10-26,6.03000020980835,6.03000020980835,5.889999866485596,5.96999979019165,5.96999979019165,174900,111,0,-0.9950317998182356,53.87930635819142
2015-10-27,5.940000057220459,5.940000057220459,5.739999771118164,5.849999904632568,5.849999904632568,152800,112,1,-1.515154069375635,42.51207929778248
2015-10-28,5.840000152587891,6.039999961853027,5.809999942779541,6.039999961853027,6.039999961853027,307300,113,2,3.4246541787590568,45.90909534249366
2015-10-29,6.0,6.039999961853027,5.880000114440918,5.909999847412109,5.909999847412109,181500,114,3,-1.5000025431315067,33.99999141693115
2015-10-30,5.889999866485596,6.03000020980835,5.860000133514404,5.940000057220459,5.940000057220459,234400,115,4,0.8488996921607317,30.890055100895978
2015-11-02,5.940000057220459,6.119999885559082,5.920000076293945,6.070000171661377,6.070000171661377,206300,116,0,2.1885540940844717,42.10526609317953
2015-11-03,6.090000152587891,6.300000190734863,6.090000152587891,6.170000076293945,6.170000076293945,342100,117,1,1.313627614148083,47.126439931543736
2015-11-04,6.159999847412109,6.230000019073486,6.0,6.079999923706055,6.079999923706055,302900,118,2,-1.298700092333016,40.93567691754708
2015-11-05,6.440000057220459,6.690000057220459,6.159999847412109,6.590000152587891,6.590000152587891,584800,119,3,2.3291940067493133,57.07547339564603
2015-11-06,6.590000152587891,6.599999904632568,6.329999923706055,6.409999847412109,6.409999847412109,311400,120,4,-2.731415796782577,57.89473083811502
2015-11-09,6.420000076293945,6.420000076293945,6.230000019073486,6.300000190734863,6.300000190734863,185700,121,0,-1.8691570737231822,57.89474404689521
2015-11-10,6.260000228881836,6.28000020980835,6.130000114440918,6.170000076293945,6.170000076293945,117100,122,1,-1.4377020654513073,59.024382414813665
2015-11-11,6.210000038146973,6.21999979019165,6.050000190734863,6.070000171661377,6.070000171661377,112000,123,2,-2.2544261775458985,53.00000691413385
2015-11-12,6.0,6.059999942779541,5.840000152587891,5.889999866485596,5.889999866485596,246300,124,3,-1.8333355585734012,46.15384086349651
2015-11-13,5.840000152587891,6.010000228881836,5.760000228881836,5.869999885559082,5.869999885559082,211600,125,4,0.5136940443040583,47.524755981057766
2015-11-16,5.889999866485596,6.039999961853027,5.849999904632568,5.96999979019165,5.96999979019165,203100,126,0,1.3582330308911983,52.99999570846763
2015-11-17,5.949999809265137,6.070000171661377,5.860000133514404,5.900000095367432,5.900000095367432,112600,127,1,-0.8403313529497414,46.276600466640815
2015-11-18,5.949999809265137,6.090000152587891,5.880000114440918,6.059999942779541,6.059999942779541,230000,128,2,1.8487417990016741,53.92670340059731
2015-11-19,6.050000190734863,6.210000038146973,6.050000190734863,6.150000095367432,6.150000095367432,202900,129,3,1.6528909335525421,55.32994948431399
2015-11-20,6.110000133514404,6.289999961853027,6.039999961853027,6.170000076293945,6.170000076293945,243100,130,4,0.9819957687141612,52.688169286408126
2015-11-23,6.139999866485596,6.230000019073486,6.050000190734863,6.119999885559082,6.119999885559082,103700,131,0,-0.3257325954627577,48.618779581679554
2015-11-24,6.070000171661377,6.179999828338623,6.050000190734863,6.179999828338623,6.179999828338623,116100,132,1,1.8121853964814472,52.80898575408974
2015-11-25,6.159999847412109,6.239999771118164,5.96999979019165,6.21999979019165,6.21999979019165,155700,133,2,0.974025069249751,35.877848146650365
2015-11-27,6.199999809265137,6.380000114440918,6.179999828338623,6.25,6.25,86700,134,4,0.806454714081517,43.103453945745784
2015-11-30,6.260000228881836,6.460000038146973,5.940000057220459,6.409999847412109,6.409999847412109,197700,135,0,2.3961599528098843,54.54544021526242
2015-12-01,6.400000095367432,6.460000038146973,6.269999980926514,6.420000076293945,6.420000076293945,251300,136,1,0.3124996973201677,61.46788830287993
2015-12-02,6.409999847412109,6.639999866485596,6.329999923706055,6.630000114440918,6.630000114440918,426100,137,2,3.432141533008437,73.33332538604925
2015-12-03,6.690000057220459,6.889999866485596,6.590000152587891,6.869999885559082,6.869999885559082,522100,138,3,2.6905803706885,88.88889729871697
2015-12-04,6.849999904632568,6.900000095367432,6.519999980926514,6.789999961853027,6.789999961853027,251700,139,4,-0.8759115856186162,84.84849579516226
2015-12-07,6.829999923706055,6.880000114440918,6.659999847412109,6.760000228881836,6.760000228881836,259500,140,0,-1.024885733618519,81.60002960206208
2015-12-08,6.639999866485596,6.880000114440918,6.610000133514404,6.840000152587891,6.840000152587891,267300,141,1,3.012052562105705,87.30159691281939
2015-12-09,6.78000020980835,7.010000228881836,6.730000019073486,6.809999942779541,6.809999942779541,397900,142,2,0.4424739239357489,83.185837347064
2015-12-10,6.769999980926514,6.989999771118164,6.769999980926514,6.900000095367432,6.900000095367432,192500,143,3,1.9202380326022839,83.185837347064
2015-12-11,6.699999809265137,6.889999866485596,6.610000133514404,6.710000038146973,6.710000038146973,265400,144,4,0.1492571517391239,70.76922625479679
2015-12-14,6.710000038146973,7.0,6.559999942779541,6.659999847412109,6.659999847412109,287500,145,0,-0.7451593211714957,70.76922625479679
2015-12-15,6.679999828338623,6.940000057220459,6.559999942779541,6.78000020980835,6.78000020980835,253900,146,1,1.4970117371185365,72.05882765429882
2015-12-16,6.800000190734863,6.940000057220459,6.579999923706055,6.929999828338623,6.929999828338623,209100,147,2,1.9117593229024843,74.14965677462214
2015-12-17,6.920000076293945,7.0,6.659999847412109,6.78000020980835,6.78000020980835,373200,148,3,-2.023119435579168,66.66667666325483
2015-12-18,6.730000019073486,6.849999904632568,6.510000228881836,6.75,6.75,363100,149,4,0.2971765359558898,61.64384053782005
2015-12-21,6.78000020980835,6.929999828338623,6.630000114440918,6.71999979019165,6.71999979019165,198100,150,0,-0.8849619138639464,60.13512533890073
2015-12-22,7.0,7.5,6.980000019073486,7.420000076293945,7.420000076293945,1272500,151,1,6.000001089913498,70.05075773529006
2015-12-23,7.449999809265137,7.5,7.260000228881836,7.409999847412109,7.409999847412109,371300,152,2,-0.536912253383981,65.51723381946952
2015-12-24,7.460000038146973,7.460000038146973,7.300000190734863,7.440000057220459,7.440000057220459,117600,153,3,-0.26809625769762535,69.23076054916936
2015-12-28,7.440000057220459,7.449999809265137,7.210000038146973,7.400000095367432,7.400000095367432,275500,154,0,-0.5376338917391199,68.82351175725304
2015-12-29,7.409999847412109,7.75,7.360000133514404,7.699999809265137,7.699999809265137,506300,155,1,3.913629795205842,72.39581237858664
2015-12-30,7.739999771118164,7.800000190734863,7.519999980926514,7.53000020980835,7.53000020980835,177800,156,2,-2.713172706973821,67.47573107686011
2015-12-31,7.550000190734863,7.550000190734863,7.239999771118164,7.239999771118164,7.239999771118164,282800,157,3,-4.105965719009152,57.5221143712556
2016-01-04,7.150000095367432,7.300000190734863,6.980000019073486,7.28000020980835,7.28000020980835,530900,158,0,1.8181833945029924,63.50710611293622
2016-01-05,7.28000020980835,7.550000190734863,7.25,7.400000095367432,7.400000095367432,214000,159,1,1.6483500288558606,66.97247666287603
2016-01-06,7.309999942779541,7.610000133514404,7.269999980926514,7.519999980926514,7.519999980926514,695500,160,2,2.872777562117501,66.97246943867962
2016-01-07,7.610000133514404,7.639999866485596,7.179999828338623,7.329999923706055,7.329999923706055,739800,161,3,-3.679371943440979,59.0090081382329
2016-01-08,7.329999923706055,7.539999961853027,7.320000171661377,7.369999885559082,7.369999885559082,599100,162,4,0.5457020773446786,63.9810277665976
2016-01-11,7.420000076293945,7.420000076293945,7.21999979019165,7.309999942779541,7.309999942779541,715200,163,0,-1.4824815685089088,63.084105798092516
2016-01-12,7.409999847412109,7.610000133514404,7.269999980926514,7.5,7.5,749600,164,1,1.2145769830119946,66.95652137857314
2016-01-13,7.539999961853027,7.599999904632568,7.289999961853027,7.380000114440918,7.380000114440918,838500,165,2,-2.1220139021431494,48.83721059177145
2016-01-14,7.389999866485596,7.559999942779541,7.300000190734863,7.480000019073486,7.480000019073486,760700,166,3,1.2178640624345594,51.933706460616804
2016-01-15,7.320000171661377,7.559999942779541,6.96999979019165,7.260000228881836,7.260000228881836,572800,167,4,-0.8196713302251579,45.50000321865158
2016-01-19,7.349999904632568,7.5,7.059999942779541,7.199999809265137,7.199999809265137,569800,168,1,-2.0408176505266273,45.04949782201085
2016-01-20,7.090000152587891,7.21999979019165,6.800000190734863,7.199999809265137,7.199999809265137,617700,169,2,1.5514760833551744,35.46511853560004
2016-01-21,7.190000057220459,7.440000057220459,6.889999866485596,6.900000095367432,6.900000095367432,477400,170,3,-4.033379131364523,32.972973390945555
2016-01-22,7.0,7.400000095367432,6.989999771118164,7.139999866485596,7.139999866485596,370100,171,4,1.9999980926513672,47.22222442980201
2016-01-25,7.110000133514404,7.28000020980835,7.050000190734863,7.210000038146973,7.210000038146973,358400,172,0,1.40646839317482,48.087426425697934
2016-01-26,7.21999979019165,7.300000190734863,7.059999942779541,7.179999828338623,7.179999828338623,390500,173,1,-0.5540161082465245,43.678152414714646
2016-01-27,7.159999847412109,7.159999847412109,6.829999923706055,6.909999847412109,6.909999847412109,393900,174,2,-3.491620186142308,33.862429190307736
2016-01-28,6.96999979019165,7.099999904632568,6.880000114440918,6.960000038146973,6.960000038146973,227200,175,3,-0.14346846980899386,39.42857469831194
2016-01-29,6.980000019073486,7.320000171661377,6.829999923706055,7.300000190734863,7.300000190734863,838200,176,4,4.584529667434767,48.292690528991464
2016-02-01,7.260000228881836,7.300000190734863,7.190000057220459,7.260000228881836,7.260000228881836,324100,177,0,0.0,48.76848008054084
2016-02-02,7.269999980926514,7.360000133514404,7.199999809265137,7.340000152587891,7.340000152587891,376300,178,1,0.9628634366578792,45.833337472544606
2016-02-03,7.380000114440918,7.559999942779541,7.21999979019165,7.300000190734863,7.300000190734863,1018100,179,2,-1.084009789505469,47.826089210005286
2016-02-04,7.329999923706055,7.579999923706055,7.320000171661377,7.5,7.5,396000,180,3,2.3192370813558405,50.51546341073744
2016-02-05,7.46999979019165,7.46999979019165,7.199999809265137,7.199999809265137,7.199999809265137,576500,181,4,-3.6144576775093418,48.514841435156775
2016-02-08,7.119999885559082,7.199999809265137,6.960000038146973,7.190000057220459,7.190000057220459,456300,182,0,0.9831484941924318,49.746199159653095
2016-02-09,7.050000190734863,7.320000171661377,7.050000190734863,7.159999847412109,7.159999847412109,246800,183,1,1.5602787759042558,49.000000953674316
2016-02-10,7.179999828338623,7.360000133514404,7.150000095367432,7.230000019073486,7.230000019073486,220600,184,2,0.6963815032072551,59.32202933221263
2016-02-11,7.079999923706055,7.519999980926514,7.079999923706055,7.46999979019165,7.46999979019165,514300,185,3,5.508472749833704,59.32202933221263
2016-02-12,7.5,7.829999923706055,7.380000114440918,7.75,7.75,621600,186,4,3.3333333333333437,63.63635925769478
2016-02-16,7.880000114440918,7.949999809265137,7.75,7.800000190734863,7.800000190734863,376400,187,1,-1.0152274434545583,65.50000536441675
2016-02-17,7.900000095367432,8.0,7.789999961853027,7.860000133514404,7.860000133514404,600800,188,2,-0.5063286249386678,76.536314337371
2016-02-18,7.840000152587891,8.270000457763672,7.840000152587891,8.25,8.25,1212200,189,3,5.229589788678424,80.28168761839777
2016-02-19,8.289999961853027,8.579999923706055,8.25,8.510000228881836,8.510000228881836,1628400,190,4,2.653802992052512,79.5121933065095
2016-02-22,8.75,8.789999961853027,8.600000381469727,8.720000267028809,8.720000267028809,943400,191,0,-0.3428540910993316,82.88287978678937
2016-02-23,8.739999771118164,8.800000190734863,8.510000228881836,8.59000015258789,8.59000015258789,464500,192,1,-1.7162428198906343,77.53303409532036
2016-02-24,8.520000457763672,8.630000114440918,8.430000305175781,8.569999694824219,8.569999694824219,325500,193,2,0.5868454738753748,78.22219923985831
2016-02-25,8.600000381469727,8.680000305175781,8.510000228881836,8.670000076293945,8.670000076293945,411400,194,3,0.8139499037121745,77.20928478912722
2016-02-26,8.680000305175781,8.760000228881836,8.5600004196167,8.75,8.75,377000,195,4,0.8064480686997166,90.15541916429525
2016-02-29,8.760000228881836,8.819999694824219,8.699999809265137,8.720000267028809,8.720000267028809,532900,196,0,-0.456620557167875,89.2307496682316
2016-03-01,8.8100004196167,8.84000015258789,8.630000114440918,8.699999809265137,8.699999809265137,392000,197,1,-1.248588026246067,89.69069022863096
2016-03-02,8.670000076293945,8.760000228881836,8.649999618530273,8.710000038146973,8.710000038146973,390800,198,2,0.4613605709462121,89.36167028817427
2016-03-03,8.699999809265137,8.760000228881836,8.640000343322754,8.710000038146973,8.710000038146973,341200,199,3,0.11494516208134797,87.80484471843813
2016-03-04,8.65999984741211,8.890000343322754,8.640000343322754,8.819999694824219,8.819999694824219,615900,200,4,1.8475733283058071,86.39451722061906
2016-03-07,8.770000457763672,9.079999923706055,8.770000457763672,8.949999809265137,8.949999809265137,515200,201,0,2.052444037698087,87.09673449849689
2016-03-08,8.930000305175781,9.0,8.850000381469727,8.90999984741211,8.90999984741211,505100,202,1,-0.2239692842124552,84.31369004673313
2016-03-09,8.90999984741211,9.649999618530273,8.869999885559082,9.479999542236328,9.479999542236328,1127600,203,2,6.397303081770245,85.96487803572205
2016-03-10,9.5,9.6899995803833,9.300000190734863,9.470000267028809,9.470000267028809,615600,204,3,-0.31578666285464463,82.87671277616546
2016-03-11,9.5,9.5600004196167,8.65999984741211,9.260000228881836,9.260000228881836,1074200,205,4,-2.526313380191203,68.49314889533817
2016-03-14,9.319999694824219,9.34000015258789,9.15999984741211,9.210000038146973,9.210000038146973,381000,206,0,-1.1802538656555228,72.46376210665257
2016-03-15,9.15999984741211,9.25,9.010000228881836,9.0600004196167,9.0600004196167,252700,207,1,-1.0916968281791228,66.22519735067885
2016-03-16,9.100000381469727,9.25,8.890000343322754,9.229999542236328,9.229999542236328,327000,208,2,1.4285621463414166,67.72152433562619
2016-03-17,9.210000038146973,9.25,8.989999771118164,9.140000343322754,9.140000343322754,660900,209,3,-0.7600401143787905,62.26418263074208
2016-03-18,9.119999885559082,9.260000228881836,9.109999656677246,9.260000228881836,9.260000228881836,734700,210,4,1.5350915030649892,66.07145188620603
2016-03-21,9.25,9.479999542236328,9.199999809265137,9.220000267028809,9.220000267028809,401700,211,0,-0.3243214375263981,65.29415856603029
2016-03-22,9.25,9.489999771118164,9.109999656677246,9.180000305175781,9.180000305175781,327700,212,1,-0.7567534575591228,63.58384880539659
2016-03-23,9.170000076293945,9.180000305175781,8.949999809265137,8.960000038146973,8.960000038146973,335600,213,2,-2.290076732822055,56.41026644234907
2016-03-24,8.930000305175781,9.100000381469727,8.800000190734863,9.0,9.0,330100,214,3,0.7838711358570505,54.7872491528519
2016-03-28,9.0600004196167,9.239999771118164,8.960000038146973,9.0,9.0,457000,215,0,-0.6622562564874368,51.428579213680614
2016-03-29,9.020000457763672,9.65999984741211,9.010000228881836,9.600000381469727,9.600000381469727,820200,216,1,6.430154038482772,64.93509227944091
2016-03-30,9.579999923706055,10.199999809265137,9.5,10.0600004196167,10.0600004196167,2960900,217,2,5.010443629784023,63.18185069347361
2016-03-31,10.149999618530273,10.170000076293945,9.850000381469727,10.130000114440918,10.130000114440918,736400,218,3,-0.1970394565615874,64.60177738017876
2016-04-01,10.119999885559082,10.270000457763672,9.970000267028809,10.199999809265137,10.199999809265137,1028700,219,4,0.7905130890387913,72.16982256692484
2016-04-04,10.270000457763672,10.489999771118164,10.170000076293945,10.3100004196167,10.3100004196167,1293100,220,0,0.38948354498649085,75.22938508959733
2016-04-05,10.3100004196167,10.380000114440918,10.130000114440918,10.229999542236328,10.229999542236328,1713700,221,1,-0.7759541622147204,77.7251022036208
2016-04-06,10.210000038146973,10.319999694824219,9.989999771118164,10.270000457763672,10.270000457763672,733100,222,2,0.5876632653528224,76.26263015477448
2016-04-07,10.300000190734863,10.300000190734863,10.050000190734863,10.149999618530273,10.149999618530273,546800,223,3,-1.45631620802803,75.12432145702232
2016-04-08,10.140000343322754,10.25,10.069999694824219,10.229999542236328,10.229999542236328,387200,224,4,0.8875660341849834,74.61923282106096
2016-04-11,10.34000015258789,10.390000343322754,10.149999618530273,10.180000305175781,10.180000305175781,455500,225,0,-1.5473872828915214,74.24239578110408
2016-04-12,10.15999984741211,10.229999542236328,9.800000190734863,9.979999542236328,9.979999542236328,800800,226,1,-1.7716565736133338,68.6915429714308
2016-04-13,10.079999923706055,10.229999542236328,10.010000228881836,10.180000305175781,10.180000305175781,811100,227,2,0.9920672839941913,78.77354098205791
2016-04-14,10.149999618530273,10.239999771118164,10.09000015258789,10.15999984741211,10.15999984741211,467000,228,3,0.09852442618401014,77.61898879843633
2016-04-15,10.119999885559082,10.210000038146973,10.079999923706055,10.149999618530273,10.149999618530273,589900,229,4,0.2964400524747113,77.2511186440678
2016-04-18,10.149999618530273,10.199999809265137,10.010000228881836,10.149999618530273,10.149999618530273,502000,230,0,0.0,68.21184649800361
2016-04-19,10.149999618530273,10.369999885559082,10.109999656677246,10.109999656677246,10.109999656677246,751800,231,1,-0.39408830892960767,52.293534636625154
2016-04-20,10.149999618530273,10.149999618530273,9.869999885559082,10.050000190734863,10.050000190734863,514000,232,2,-0.9852160744208027,46.296312648679965
2016-04-21,10.020000457763672,10.020000457763672,9.800000190734863,9.920000076293945,9.920000076293945,613400,233,3,-0.9980077535050813,37.71935474965722
2016-04-22,9.930000305175781,9.989999771118164,9.819999694824219,9.869999885559082,9.869999885559082,610200,234,4,-0.6042338144282344,29.629675416303897
2016-04-25,9.800000190734863,9.930000305175781,9.760000228881836,9.90999984741211,9.90999984741211,427200,235,0,1.1224454544525697,34.61544104566437
2016-04-26,9.960000038146973,9.960000038146973,9.779999732971191,9.850000381469727,9.850000381469727,277200,236,1,-1.1044142194371998,30.18870131318984
2016-04-27,9.800000190734863,9.869999885559082,9.600000381469727,9.699999809265137,9.699999809265137,303500,237,2,-1.0204120359535218,29.357827864585374
2016-04-28,9.6899995803833,9.829999923706055,9.649999618530273,9.65999984741211,9.65999984741211,234900,238,3,-0.309594780911282,22.857186972641387
2016-04-29,9.609999656677246,9.90999984741211,9.470000267028809,9.90999984741211,9.90999984741211,441300,239,4,3.121750275260582,39.199998168948106
2016-05-02,9.949999809265137,10.300000190734863,9.859999656677246,10.079999923706055,10.079999923706055,807900,240,0,1.3065338385219505,54.098372189008685
2016-05-03,10.0600004196167,10.100000381469727,9.859999656677246,9.859999656677246,9.859999656677246,395800,241,1,-1.9880790715421592,37.09675558649014
2016-05-04,9.779999732971191,9.970000267028809,9.699999809265137,9.829999923706055,9.829999923706055,504100,242,2,0.5112494079759333,36.80000305175781
2016-05-05,9.510000228881836,9.680000305175781,8.430000305175781,9.09000015258789,9.09000015258789,1577800,243,3,-4.416404481446879,23.232330530108186
2016-05-06,9.119999885559082,9.369999885559082,8.930000305175781,9.300000190734863,9.300000190734863,543800,244,4,1.9736875815185018,30.593616651592214
2016-05-09,9.270000457763672,9.489999771118164,9.220000267028809,9.350000381469727,9.350000381469727,676800,245,0,0.8629980556155603,32.72728770232527
2016-05-10,9.350000381469727,9.399999618530273,9.170000076293945,9.319999694824219,9.319999694824219,739400,246,1,-0.32086294568463014,33.17972005936511
2016-05-11,9.279999732971191,9.600000381469727,9.270000457763672,9.550000190734863,9.550000190734863,496100,247,2,2.9094877751383974,41.8502278523982
2016-05-12,9.520000457763672,9.6899995803833,9.4399995803833,9.5600004196167,9.5600004196167,532300,248,3,0.4201676463198689,43.04934384683743
2016-05-13,9.529999732971191,9.619999885559082,9.479999542236328,9.510000228881836,9.510000228881836,276100,249,4,-0.20985839086817837,41.0714437766837
2016-05-16,9.539999961853027,9.630000114440918,9.4399995803833,9.510000228881836,9.510000228881836,262300,250,0,-0.31446261101834017,42.2018392771681
2016-05-17,9.489999771118164,9.569999694824219,9.119999885559082,9.140000343322754,9.140000343322754,518300,251,1,-3.688086788585576,38.333351876988814
2016-05-18,9.119999885559082,9.680000305175781,9.119999885559082,9.470000267028809,9.470000267028809,881300,252,2,3.837723529184789,46.46841123973693
2016-05-19,9.489999771118164,9.489999771118164,9.079999923706055,9.079999923706055,9.079999923706055,364300,253,3,-4.320335693367472,35.335699881919695
2016-05-20,9.180000305175781,9.25,9.09000015258789,9.239999771118164,9.239999771118164,311200,254,4,0.6535889318931121,35.106388735016
2016-05-23,9.210000038146973,9.329999923706055,9.15999984741211,9.300000190734863,9.300000190734863,465900,255,0,0.9772003497841242,39.473701193239386
2016-05-24,9.300000190734863,9.420000076293945,9.170000076293945,9.350000381469727,9.350000381469727,743700,256,1,0.5376364484882101,41.04479205291038
2016-05-25,9.380000114440918,9.390000343322754,9.229999542236328,9.359999656677246,9.359999656677246,389100,257,2,-0.21322449381295794,56.92305811294917
2016-05-26,9.350000381469727,9.460000038146973,9.260000228881836,9.350000381469727,9.350000381469727,450500,258,3,0.0,51.42857609962675
2016-05-27,9.34000015258789,9.4399995803833,9.270000457763672,9.430000305175781,9.430000305175781,590200,259,4,0.9635990483678247,52.24718800128157
2016-05-31,9.40999984741211,9.4399995803833,9.270000457763672,9.399999618530273,9.399999618530273,567800,260,1,-0.1062723596598758,52.24718800128157
2016-06-01,9.380000114440918,9.640000343322754,9.279999732971191,9.619999885559082,9.619999885559082,443700,261,2,2.5586329231347626,51.97739199775859
2016-06-02,9.619999885559082,9.779999732971191,9.460000038146973,9.5600004196167,9.5600004196167,446800,262,3,-0.6236950795857066,50.0
2016-06-03,9.569999694824219,9.600000381469727,9.25,9.350000381469727,9.350000381469727,312200,263,4,-2.2988434730408125,45.95959887870994
2016-06-06,9.34000015258789,9.369999885559082,9.220000267028809,9.279999732971191,9.279999732971191,195100,264,0,-0.6424027691270928,44.39023232899807
2016-06-07,9.300000190734863,9.359999656677246,9.270000457763672,9.279999732971191,9.279999732971191,284700,265,1,-0.21505868122021488,54.166647744560656
2016-06-08,9.3100004196167,9.3100004196167,9.100000381469727,9.199999809265137,9.199999809265137,299300,266,2,-1.1815317442927853,40.55942656842712
2016-06-09,9.1899995803833,9.229999542236328,9.029999732971191,9.050000190734863,9.050000190734863,262800,267,3,-1.5233884226423244,48.73950657354314
2016-06-10,9.0,9.079999923706055,8.84000015258789,8.880000114440918,8.880000114440918,380100,268,4,-1.3333320617675781,35.000011920930845
2016-06-13,8.850000381469727,9.109999656677246,8.75,9.020000457763672,9.020000457763672,423800,269,0,1.920904734082196,39.062508149074226
2016-06-14,9.020000457763672,9.079999923706055,8.930000305175781,9.0,9.0,254300,270,1,-0.22173455375444906,35.99998474121094
2016-06-15,9.0,9.199999809265137,8.979999542236328,9.119999885559082,9.119999885559082,217800,271,2,1.3333320617675781,41.17648296289647
2016-06-16,9.079999923706055,9.130000114440918,8.989999771118164,9.119999885559082,9.119999885559082,211400,272,3,0.44052821794189345,41.48147153920763
2016-06-17,9.149999618530273,9.5600004196167,9.069999694824219,9.520000457763672,9.520000457763672,1035200,273,4,4.04372518752989,52.69461214625578
2016-06-20,9.609999656677246,10.0600004196167,9.5,10.050000190734863,10.050000190734863,973600,274,0,4.578569716721015,64.97696460112041
2016-06-21,10.0,10.1899995803833,9.779999732971191,9.819999694824219,9.819999694824219,612000,275,1,-1.8000030517578147,54.58714893978163
2016-06-22,9.819999694824219,9.84000015258789,9.579999923706055,9.640000343322754,9.640000343322754,691100,276,2,-1.8329873431293109,51.73912791088209
2016-06-23,9.680000305175781,10.050000190734863,9.619999885559082,10.050000190734863,10.050000190734863,557500,277,3,3.822312746842038,63.99999084473006
2016-06-24,9.619999885559082,10.069999694824219,9.510000228881836,9.949999809265137,9.949999809265137,3286400,278,4,3.430352678085047,63.241104633498914
2016-06-27,9.899999618530273,9.899999618530273,9.520000457763672,9.569999694824219,9.569999694824219,597900,279,0,-3.3333326911283767,54.98281584226297
2016-06-28,9.630000114440918,9.720000267028809,9.59000015258789,9.609999656677246,9.609999656677246,379100,280,1,-0.20768907088255517,57.1428523958485
2016-06-29,9.670000076293945,9.930000305175781,9.619999885559082,9.850000381469727,9.850000381469727,626600,281,2,1.861430235321837,63.513507853470614
2016-06-30,9.819999694824219,9.949999809265137,9.699999809265137,9.949999809265137,9.949999809265137,1083300,282,3,1.3238301270970254,68.51209713878035
2016-07-01,9.979999542236328,10.199999809265137,9.869999885559082,9.9399995803833,9.9399995803833,279100,283,4,-0.4008012393562077,66.66664363106503
2016-07-05,9.920000076293945,9.979999542236328,9.760000228881836,9.949999809265137,9.949999809265137,341800,284,1,0.3024166606901746,67.27271781480344
2016-07-06,9.869999885559082,9.949999809265137,9.779999732971191,9.930000305175781,9.930000305175781,371300,285,2,0.6079069940465365,65.28302348521464
2016-07-07,9.890000343322754,10.0600004196167,9.829999923706055,10.020000457763672,10.020000457763672,458300,286,3,1.3144601610523443,66.42336376156896
2016-07-08,10.050000190734863,10.359999656677246,10.029999732971191,10.300000190734863,10.300000190734863,1095800,287,4,2.4875621418442906,64.88549173743088
2016-07-11,10.300000190734863,10.680000305175781,10.220000267028809,10.510000228881836,10.510000228881836,829300,288,0,2.038835284060214,60.0
2016-07-12,10.5600004196167,10.779999732971191,10.5600004196167,10.680000305175781,10.680000305175781,801100,289,1,1.1363625074878314,69.19644415682835
2016-07-13,10.75,10.770000457763672,10.649999618530273,10.680000305175781,10.680000305175781,559800,290,2,-0.6511599518531974,75.24271237882898
2016-07-14,10.760000228881836,10.760000228881836,10.359999656677246,10.369999885559082,10.369999885559082,301200,291,3,-3.6245384296175076,58.16325339016451
2016-07-15,10.470000267028809,10.470000267028809,10.3100004196167,10.399999618530273,10.399999618530273,273800,292,4,-0.6685830631635747,61.90475469634057
2016-07-18,10.479999542236328,10.529999732971191,10.210000038146973,10.210000038146973,10.210000038146973,446100,293,0,-2.5763312584242803,68.82354162143726
2016-07-19,10.210000038146973,10.380000114440918,10.140000343322754,10.289999961853027,10.289999961853027,262700,294,1,0.7835447934099626,69.54024122482491
2016-07-20,10.350000381469727,10.4399995803833,10.279999732971191,10.300000190734863,10.300000190734863,174900,295,2,-0.4830936124831653,64.90066308817576
2016-07-21,10.329999923706055,10.329999923706055,10.0600004196167,10.119999885559082,10.119999885559082,235200,296,3,-2.032914227473026,55.34591383583367
2016-07-22,10.119999885559082,10.359999656677246,10.109999656677246,10.25,10.25,151700,297,4,1.2845861256028712,59.0643395526654
2016-07-25,10.260000228881836,10.390000343322754,10.119999885559082,10.210000038146973,10.210000038146973,175100,298,0,-0.48733128284065286,57.47127192766105
2016-07-26,10.199999809265137,10.319999694824219,10.029999732971191,10.260000228881836,10.260000228881836,171500,299,1,0.5882394190066309,59.32202933221263
2016-07-27,10.270000457763672,10.489999771118164,10.210000038146973,10.460000038146973,10.460000038146973,262300,300,2,1.8500445171808044,61.70211578721498
2016-07-28,10.420000076293945,10.539999961853027,10.369999885559082,10.489999771118164,10.489999771118164,290200,301,3,0.6717820951217757,55.828207578024305
2016-07-29,10.470000267028809,10.729999542236328,10.470000267028809,10.59000015258789,10.59000015258789,764400,302,4,1.1461306828900009,52.63157564517303
2016-08-01,10.670000076293945,10.970000267028809,10.619999885559082,10.9399995803833,10.9399995803833,681400,303,0,2.5304545656867017,57.64703836407811
2016-08-02,10.890000343322754,10.920000076293945,10.739999771118164,10.84000015258789,10.84000015258789,818000,304,1,-0.45913855976617013,54.444442089692046
2016-08-03,10.800000190734863,10.979999542236328,10.600000381469727,10.8100004196167,10.8100004196167,1185500,305,2,0.09259471023357335,64.47371558142191
2016-08-04,10.729999542236328,10.920000076293945,10.029999732971191,10.239999771118164,10.239999771118164,941000,306,3,-4.5666336628383375,46.116507551158165
2016-08-05,10.34000015258789,10.369999885559082,10.109999656677246,10.369999885559082,10.369999885559082,497000,307,4,0.29013280975322964,53.999996185302734
2016-08-08,10.34000015258789,10.350000381469727,10.25,10.329999923706055,10.329999923706055,249100,308,0,-0.09671401096965626,51.020407170268335
2016-08-09,10.300000190734863,10.420000076293945,10.270000457763672,10.380000114440918,10.380000114440918,306500,309,1,0.7766982740254447,51.99999809265137
2016-08-10,10.399999618530273,10.399999618530273,10.229999542236328,10.3100004196167,10.3100004196167,251100,310,2,-0.8653769443723536,55.0264707781985
2016-08-11,10.329999923706055,10.479999542236328,10.260000228881836,10.449999809265137,10.449999809265137,371900,311,3,1.1616639539725249,55.26315657385735
2016-08-12,10.399999618530273,10.5600004196167,10.239999771118164,10.369999885559082,10.369999885559082,384900,312,4,-0.2884589814574512,54.123710326628775
2016-08-15,10.390000343322754,10.489999771118164,10.270000457763672,10.40999984741211,10.40999984741211,338900,313,0,0.19248800219924256,53.88600370599135
2016-08-16,10.359999656677246,10.449999809265137,10.210000038146973,10.3100004196167,10.3100004196167,348800,314,1,-0.48261813433865264,45.901645324489344
2016-08-17,10.260000228881836,10.3100004196167,10.210000038146973,10.229999542236328,10.229999542236328,360000,315,2,-0.29240434674705496,43.085097208878096
2016-08-18,10.25,10.279999732971191,10.210000038146973,10.239999771118164,10.239999771118164,156000,316,3,-0.0975632086032796,40.22344761448094
2016-08-19,10.25,10.3100004196167,10.140000343322754,10.229999542236328,10.229999542236328,630400,317,4,-0.1951264172065592,25.517236843403353
2016-08-22,10.170000076293945,10.25,10.15999984741211,10.229999542236328,10.229999542236328,156800,318,0,0.5899652457450832,27.40739118579124
2016-08-23,10.239999771118164,10.359999656677246,10.229999542236328,10.260000228881836,10.260000228881836,694900,319,1,0.19531697471404375,29.629642711568906
2016-08-24,10.25,10.279999732971191,10.130000114440918,10.140000343322754,10.140000343322754,349700,320,2,-1.073167382217033,44.44447976569297
2016-08-25,10.130000114440918,10.25,10.100000381469727,10.199999809265137,10.199999809265137,127400,321,3,0.6910137614354994,39.75903060720334
2016-08-26,10.239999771118164,10.279999732971191,10.079999923706055,10.109999656677246,10.109999656677246,184500,322,4,-1.2695323959633464,37.49998645349159
2016-08-29,10.100000381469727,10.260000228881836,10.100000381469727,10.229999542236328,10.229999542236328,166500,323,0,1.2871203550161026,42.10523145680307
2016-08-30,10.1899995803833,10.260000228881836,10.149999618530273,10.180000305175781,10.180000305175781,168200,324,1,-0.09812831814801637,43.010741661753016
2016-08-31,10.140000343322754,10.149999618530273,9.90999984741211,9.949999809265137,9.949999809265137,594100,325,2,-1.8737724617803764,25.490207078130197
2016-09-01,10.0,10.029999732971191,9.789999961853027,9.850000381469727,9.850000381469727,499200,326,3,-1.4999961853027322,25.00002292486421
2016-09-02,9.869999885559082,10.119999885559082,9.850000381469727,10.069999694824219,10.069999694824219,203900,327,4,2.0263405428986747,36.065559674249684
2016-09-06,10.039999961853027,10.119999885559082,9.960000038146973,9.989999771118164,9.989999771118164,215500,328,1,-0.4980098697693114,36.66663752661348
2016-09-07,9.949999809265137,10.050000190734863,9.819999694824219,10.039999961853027,10.039999961853027,594500,329,2,0.9045241639510815,41.88035372377495
2016-09-08,10.039999961853027,10.239999771118164,10.020000457763672,10.09000015258789,10.09000015258789,388200,330,3,0.4980098697693114,43.80166396590099
2016-09-09,10.010000228881836,10.069999694824219,9.6899995803833,9.6899995803833,9.6899995803833,274800,331,4,-3.196809602213968,33.12499515712088
2016-09-12,9.699999809265137,9.739999771118164,9.569999694824219,9.699999809265137,9.699999809265137,542000,332,0,0.0,33.54037745371272
2016-09-13,9.619999885559082,9.649999618530273,9.449999809265137,9.539999961853027,9.539999961853027,329100,333,1,-0.8316000484173136,29.31032309302003
2016-09-14,9.529999732971191,9.779999732971191,9.510000228881836,9.739999771118164,9.739999771118164,318600,334,2,2.2035681430339293,39.010965690232744
2016-09-15,9.760000228881836,10.109999656677246,9.760000228881836,9.930000305175781,9.930000305175781,361800,335,3,1.741804019541715,43.07693511541661
2016-09-16,9.949999809265137,10.010000228881836,9.8100004196167,9.9399995803833,9.9399995803833,539000,336,4,-0.10050481480938789,45.454540818304025
2016-09-19,9.9399995803833,10.020000457763672,9.880000114440918,9.949999809265137,9.949999809265137,224200,337,0,0.10060592861163009,42.04545885570956
2016-09-20,10.020000457763672,10.050000190734863,9.899999618530273,9.970000267028809,9.970000267028809,276900,338,1,-0.4990038767525462,43.93063647544124
2016-09-21,10.0,10.180000305175781,10.0,10.130000114440918,10.130000114440918,574600,339,2,1.3000011444091797,55.421696437394154
2016-09-22,10.1899995803833,10.3100004196167,10.069999694824219,10.279999732971191,10.279999732971191,382800,340,3,0.8832203758001089,62.57308017277678
2016-09-23,10.149999618530273,10.319999694824219,10.149999618530273,10.210000038146973,10.210000038146973,247100,341,4,0.5911371612976168,54.48718928412701
2016-09-26,10.170000076293945,10.170000076293945,10.010000228881836,10.069999694824219,10.069999694824219,497900,342,0,-0.98328791267982,52.46913216859541
2016-09-27,10.039999961853027,10.270000457763672,10.029999732971191,10.180000305175781,10.180000305175781,543500,343,1,1.3944257356044432,54.16667376245239
2016-09-28,10.1899995803833,10.289999961853027,10.109999656677246,10.289999961853027,10.289999961853027,392900,344,2,0.9813580528721166,55.74711856194743
2016-09-29,10.270000457763672,10.279999732971191,10.149999618530273,10.199999809265137,10.199999809265137,261600,345,3,-0.681603168241518,67.83217202947186
2016-09-30,10.289999961853027,10.319999694824219,10.180000305175781,10.25,10.25,459100,346,4,-0.388726550061369,68.70748608252072
2016-10-03,10.229999542236328,10.359999656677246,9.949999809265137,9.989999771118164,9.989999771118164,576300,347,0,-2.346038923338001,64.33119819713107
2016-10-04,10.0600004196167,10.069999694824219,9.75,9.899999618530273,9.899999618530273,342600,348,1,-1.590465153206444,55.479443106833656
2016-10-05,9.9399995803833,10.010000228881836,9.880000114440918,9.949999809265137,9.949999809265137,301400,349,2,0.10060592861163009,50.75755660090412
2016-10-06,9.949999809265137,9.970000267028809,9.829999923706055,9.949999809265137,9.949999809265137,217200,350,3,0.0,50.38168772513242
2016-10-07,9.949999809265137,9.989999771118164,9.8100004196167,9.829999923706055,9.829999923706055,277700,351,4,-1.2060290237125626,45.774654981702234
2016-10-10,9.829999923706055,10.0,9.829999923706055,9.90999984741211,9.90999984741211,182100,352,0,0.8138344285550492,47.972959475943256
2016-10-11,9.920000076293945,9.920000076293945,9.670000076293945,9.720000267028809,9.720000267028809,260800,353,1,-2.0161270940217135,36.42384817001927
2016-10-12,9.75,9.819999694824219,9.619999885559082,9.710000038146973,9.710000038146973,229200,354,2,-0.4102560190054061,29.197104173192713
2016-10-13,9.680000305175781,9.859999656677246,9.5600004196167,9.569999694824219,9.569999694824219,170300,355,3,-1.1363699058226984,27.777788815663556
2016-10-14,9.630000114440918,9.899999618530273,9.510000228881836,9.520000457763672,9.520000457763672,168400,356,4,-1.1422601803741772,29.629663642695775
2016-10-17,9.5,9.600000381469727,9.479999542236328,9.510000228881836,9.510000228881836,215200,357,0,0.10526556717722624,23.199996948242188
2016-10-18,9.600000381469727,9.600000381469727,9.460000038146973,9.470000267028809,9.470000267028809,150300,358,1,-1.3541678049497685,15.25425920537937
2016-10-19,9.470000267028809,9.5600004196167,9.470000267028809,9.470000267028809,9.470000267028809,125100,359,2,0.0,16.513787153921257
2016-10-20,9.430000305175781,9.520000457763672,9.34000015258789,9.359999656677246,9.359999656677246,180300,360,3,-0.742318623893512,11.304352152773575
2016-10-21,9.270000457763672,9.40999984741211,9.100000381469727,9.350000381469727,9.350000381469727,131700,361,4,0.8629980556155603,14.444463282463616
2016-10-24,9.420000076293945,9.470000267028809,9.229999542236328,9.239999771118164,9.239999771118164,167000,362,0,-1.9108312496595836,14.130446050026436
2016-10-25,9.210000038146973,9.329999923706055,8.979999542236328,9.0,9.0,316100,363,1,-2.280130697906313,7.207202563064953
2016-10-26,9.0,9.130000114440918,9.0,9.010000228881836,9.010000228881836,129800,364,2,0.11111365424261166,8.035728730718958
2016-10-27,9.039999961853027,9.15999984741211,8.859999656677246,8.899999618530273,8.899999618530273,286900,365,3,-1.5486763707248552,8.108117396384628
2016-10-28,8.880000114440918,8.9399995803833,8.720000267028809,8.760000228881836,8.760000228881836,234600,366,4,-1.351350045186761,0.8547203615159162
2016-10-31,8.869999885559082,8.979999542236328,8.760000228881836,8.930000305175781,8.930000305175781,186800,367,0,0.6764421690059308,15.65219266201882
2016-11-01,8.949999809265137,8.949999809265137,8.5,8.539999961853027,8.539999961853027,366500,368,1,-4.581003979326049,11.764720548618044
2016-11-02,8.40999984741211,8.470000267028809,7.150000095367432,7.570000171661377,7.570000171661377,1355100,369,2,-9.988105719279094,7.6271311437484
2016-11-03,7.5,7.699999809265137,7.360000133514404,7.440000057220459,7.440000057220459,787300,370,3,-0.7999992370605447,7.377058631208243
2016-11-04,7.449999809265137,7.789999961853027,7.420000076293945,7.690000057220459,7.690000057220459,602700,371,4,3.2214799208027944,16.04478282475759
2016-11-07,7.880000114440918,8.029999732971191,7.739999771118164,7.809999942779541,7.809999942779541,496800,372,0,-0.8883270386391806,19.927538047189927
2016-11-08,7.78000020980835,7.900000095367432,7.690000057220459,7.739999771118164,7.739999771118164,349100,373,1,-0.5141444423067854,19.434629689725696
2016-11-09,7.670000076293945,8.319999694824219,7.630000114440918,8.300000190734863,8.300000190734863,1101500,374,2,8.213821488582385,33.84147493843278
2016-11-10,8.449999809265137,8.449999809265137,8.0,8.170000076293945,8.170000076293945,631000,375,3,-3.313606382146672,32.647062123439056
2016-11-11,8.170000076293945,8.5600004196167,8.149999618530273,8.399999618530273,8.399999618530273,831200,376,4,2.8151718493087285,38.06818120243144
2016-11-14,8.529999732971191,8.630000114440918,8.369999885559082,8.449999809265137,8.449999809265137,746400,377,0,-0.9378654889850568,41.741741053721064
2016-11-15,8.4399995803833,8.479999542236328,8.180000305175781,8.270000457763672,8.270000457763672,583500,378,1,-2.0142077141182546,39.42857469831194
2016-11-16,8.199999809265137,8.359999656677246,8.100000381469727,8.289999961853027,8.289999961853027,454100,379,2,1.0975628619673827,41.05572060745438
2016-11-17,8.359999656677246,8.579999923706055,8.329999923706055,8.430000305175781,8.430000305175781,263100,380,3,0.8373283657090225,45.16129122474162
2016-11-18,8.470000267028809,8.550000190734863,8.420000076293945,8.479999542236328,8.479999542236328,249600,381,4,0.118055193533384,43.16108056840166
2016-11-21,8.479999542236328,8.579999923706055,8.399999618530273,8.579999923706055,8.579999923706055,397700,382,0,1.1792498451403732,50.66666624281128
2016-11-22,8.640000343322754,8.699999809265137,8.550000190734863,8.6899995803833,8.6899995803833,189600,383,1,0.5786948503906819,76.1682237784551
2016-11-23,8.65999984741211,8.880000114440918,8.649999618530273,8.869999885559082,8.869999885559082,247800,384,2,2.4249427465028006,82.6484112715641
2016-11-25,8.90999984741211,8.920000076293945,8.8100004196167,8.899999618530273,8.899999618530273,153700,385,4,-0.1122360163085756,80.71066690193874
2016-11-28,8.859999656677246,8.989999771118164,8.699999809265137,8.729999542236328,8.729999542236328,296300,386,0,-1.4672699715393867,72.77227827946683
2016-11-29,8.75,8.819999694824219,8.529999732971191,8.619999885559082,8.619999885559082,459200,387,1,-1.4857155936104927,71.35924150430658
2016-11-30,8.739999771118164,8.739999771118164,8.390000343322754,8.40999984741211,8.40999984741211,684500,388,2,-3.7757429330439907,53.216367746141664
2016-12-01,8.399999618530273,8.550000190734863,8.149999618530273,8.199999809265137,8.199999809265137,503200,389,3,-2.3809502184254927,50.83798227868738
2016-12-02,8.199999809265137,8.350000381469727,8.109999656677246,8.319999694824219,8.319999694824219,374800,390,4,1.4634132725648952,47.61904761904762
2016-12-05,8.359999656677246,8.520000457763672,8.270000457763672,8.390000343322754,8.390000343322754,426500,391,0,0.35885990284156843,48.23530863726581
2016-12-06,8.420000076293945,8.5600004196167,8.329999923706055,8.449999809265137,8.449999809265137,328600,392,1,0.35629136222521396,55.696185722761854
2016-12-07,8.539999961853027,8.569999694824219,8.420000076293945,8.529999732971191,8.529999732971191,748400,393,2,-0.11709869937359674,57.3170689157882
2016-12-08,8.550000190734863,8.800000190734863,8.420000076293945,8.739999771118164,8.739999771118164,506900,394,3,2.2222172648509675,59.06431672266021
2016-12-09,8.789999961853027,8.859999656677246,8.720000267028809,8.800000190734863,8.800000190734863,320800,395,4,0.11376824715854106,59.30234298891464
2016-12-12,8.800000190734863,9.100000381469727,8.699999809265137,9.010000228881836,9.010000228881836,1118300,396,0,2.386364018128906,61.74864270772643
2016-12-13,9.039999961853027,9.210000038146973,8.989999771118164,9.15999984741211,9.15999984741211,1501300,397,1,1.3274323679807187,62.566852828664494
2016-12-14,9.119999885559082,9.300000190734863,9.029999732971191,9.050000190734863,9.050000190734863,860300,398,2,-0.7675405230548105,55.000010596385785
2016-12-15,9.050000190734863,9.0600004196167,8.880000114440918,8.890000343322754,8.890000343322754,1716000,399,3,-1.7679540777901015,49.74095133245147
2016-12-16,8.949999809265137,8.989999771118164,8.5600004196167,8.600000381469727,8.600000381469727,6615300,400,4,-3.9106082151318833,46.829287581760155
2016-12-19,8.619999885559082,8.899999618530273,8.609999656677246,8.699999809265137,8.699999809265137,833900,401,0,0.9280733731803936,51.96078339708306
2016-12-20,8.760000228881836,8.819999694824219,8.59000015258789,8.739999771118164,8.739999771118164,708500,402,1,-0.22831572193035,58.823532411685626
2016-12-21,8.699999809265137,8.770000457763672,8.520000457763672,8.529999732971191,8.529999732971191,441200,403,2,-1.9540239082867839,58.823532411685626
2016-12-22,8.550000190734863,8.5600004196167,8.270000457763672,8.420000076293945,8.420000076293945,608100,404,3,-1.5204691408286952,52.68818417207168
2016-12-23,8.4399995803833,8.529999732971191,8.289999961853027,8.430000305175781,8.430000305175781,661500,405,4,-0.11847483062392694,51.11111111111112
2016-12-27,8.4399995803833,8.579999923706055,8.430000305175781,8.470000267028809,8.470000267028809,446200,406,1,0.3554583902496411,50.56181099662249
2016-12-28,8.510000228881836,8.510000228881836,8.119999885559082,8.220000267028809,8.220000267028809,409600,407,2,-3.4077550417543456,42.051291080156616
2016-12-29,8.239999771118164,8.289999961853027,8.170000076293945,8.239999771118164,8.239999771118164,339500,408,3,0.0,35.795440998931454
2016-12-30,8.25,8.3100004196167,8.130000114440918,8.270000457763672,8.270000457763672,610900,409,4,0.24242979107480522,34.68207614516808
2017-01-03,8.390000343322754,8.6899995803833,8.1899995803833,8.579999923706055,8.579999923706055,1050100,410,1,2.264595621077814,38.25134504703756
2017-01-04,8.600000381469727,8.699999809265137,8.520000457763672,8.609999656677246,8.609999656677246,662200,411,2,0.11627063679049421,33.91810549880289
2017-01-05,8.569999694824219,8.569999694824219,8.369999885559082,8.40999984741211,8.40999984741211,397700,412,3,-1.8669761156320686,32.22219573124373
2017-01-06,8.470000267028809,8.479999542236328,8.289999961853027,8.380000114440918,8.380000114440918,508000,413,4,-1.0625755578572371,34.730515327333364
2017-01-09,8.380000114440918,8.4399995803833,8.319999694824219,8.329999923706055,8.329999923706055,613100,414,0,-0.5966609791412725,40.55941397647956
2017-01-10,8.329999923706055,8.369999885559082,8.25,8.350000381469727,8.350000381469727,293500,415,1,0.24010153597664452,37.03705273538635
2017-01-11,8.319999694824219,8.390000343322754,8.260000228881836,8.319999694824219,8.319999694824219,410500,416,2,0.0,34.328357146720634
2017-01-12,8.300000190734863,8.369999885559082,8.210000038146973,8.34000015258789,8.34000015258789,323000,417,3,0.4819272401665575,41.73915278933013
2017-01-13,8.350000381469727,8.5,8.34000015258789,8.40999984741211,8.40999984741211,285500,418,4,0.7185564455246318,49.54953948724999
2017-01-17,8.380000114440918,8.390000343322754,8.199999809265137,8.210000038146973,8.210000038146973,422000,419,1,-2.0286405008633657,41.5384525095936
2017-01-18,8.25,8.25,8.130000114440918,8.199999809265137,8.199999809265137,421500,420,2,-0.6060629179983401,39.37006454946038
2017-01-19,8.199999809265137,8.220000267028809,8.100000381469727,8.199999809265137,8.199999809265137,428500,421,3,0.0,49.0195858437396
2017-01-20,8.1899995803833,8.260000228881836,8.100000381469727,8.1899995803833,8.1899995803833,411900,422,4,0.0,47.52474593107303
2017-01-23,8.170000076293945,8.210000038146973,8.100000381469727,8.140000343322754,8.140000343322754,267200,423,0,-0.3671937905880607,43.68931319691157
2017-01-24,8.15999984741211,8.210000038146973,8.069999694824219,8.170000076293945,8.170000076293945,461200,424,1,0.12255182682396892,22.666676839192704
2017-01-25,8.199999809265137,8.529999732971191,8.170000076293945,8.479999542236328,8.479999542236328,1114700,425,2,3.4146309693180887,43.68931319691157
2017-01-26,8.5,8.529999732971191,8.260000228881836,8.329999923706055,8.329999923706055,194100,426,3,-2.0000008975758266,45.9183693329337
2017-01-27,8.359999656677246,8.399999618530273,8.239999771118164,8.390000343322754,8.390000343322754,232400,427,4,0.35885990284156843,50.49506072354593
2017-01-30,8.350000381469727,8.350000381469727,8.180000305175781,8.25,8.25,200400,428,0,-1.1976093042061042,46.36364109259828
2017-01-31,8.220000267028809,8.3100004196167,8.170000076293945,8.170000076293945,8.170000076293945,732900,429,1,-0.608274806698228,42.241365135635526
2017-02-01,8.229999542236328,8.289999961853027,7.769999980926514,7.980000019073486,7.980000019073486,995600,430,2,-3.0376614467576224,37.1212167735517
2017-02-02,7.920000076293945,8.010000228881836,7.800000190734863,7.920000076293945,7.920000076293945,621500,431,3,0.0,34.558805998617174
2017-02-03,8.020000457763672,8.100000381469727,7.920000076293945,8.069999694824219,8.069999694824219,512800,432,4,0.6234318479638734,38.19442788758288
2017-02-06,8.010000228881836,8.079999923706055,7.869999885559082,7.940000057220459,7.940000057220459,365600,433,0,-0.8739097335974555,40.14597498516409
2017-02-07,7.949999809265137,7.960000038146973,7.820000171661377,7.920000076293945,7.920000076293945,308600,434,1,-0.3773551407665332,39.85506895834442
2017-02-08,7.940000057220459,7.940000057220459,7.769999980926514,7.909999847412109,7.909999847412109,366200,435,2,-0.3778363928482409,39.568334958240676
2017-02-09,7.920000076293945,7.96999979019165,7.869999885559082,7.949999809265137,7.949999809265137,210100,436,3,0.3787845035631454,41.54929293689085
2017-02-10,8.0,8.300000190734863,7.949999809265137,8.229999542236328,8.229999542236328,545200,437,4,2.8749942779541016,52.727250658758294
2017-02-13,8.270000457763672,8.350000381469727,8.1899995803833,8.300000190734863,8.300000190734863,419600,438,0,0.3627537038771056,53.84615818695746
2017-02-14,8.260000228881836,8.3100004196167,8.229999542236328,8.300000190734863,8.300000190734863,442100,439,1,0.4842610259641944,43.478284906723054
2017-02-15,8.25,8.289999961853027,8.0600004196167,8.140000343322754,8.140000343322754,369200,440,2,-1.3333291718454099,43.16548440811488
2017-02-16,8.109999656677246,8.1899995803833,8.079999923706055,8.119999885559082,8.119999885559082,355400,441,3,0.12330738970627309,39.9999858714956
2017-02-17,8.119999885559082,8.1899995803833,8.020000457763672,8.180000305175781,8.180000305175781,334700,442,4,0.7389214342651274,47.24410749632798
2017-02-21,8.199999809265137,8.229999542236328,8.109999656677246,8.199999809265137,8.199999809265137,351900,443,1,0.0,51.23965834815731
2017-02-22,8.149999618530273,8.270000457763672,8.130000114440918,8.220000267028809,8.220000267028809,152900,444,2,0.8589037027606494,61.53846859226268
2017-02-23,8.229999542236328,8.229999542236328,8.130000114440918,8.180000305175781,8.180000305175781,397000,445,3,-0.6075241779048834,62.7451035390651
2017-02-24,8.109999656677246,8.220000267028809,8.100000381469727,8.119999885559082,8.119999885559082,839900,446,4,0.12330738970627309,52.6881786588486
2017-02-27,8.140000343322754,8.279999732971191,8.140000343322754,8.180000305175781,8.180000305175781,642000,447,0,0.4914000020385556,63.953469675169316
2017-02-28,8.65999984741211,9.09000015258789,8.539999961853027,8.569999694824219,8.569999694824219,3250400,448,1,-1.0392627502734397,76.42271758092653
2017-03-01,8.729999542236328,9.050000190734863,8.600000381469727,8.9399995803833,8.9399995803833,1494500,449,2,2.4054988448851455,82.38990617410722
2017-03-02,8.949999809265137,8.970000267028809,8.739999771118164,8.819999694824219,8.819999694824219,660400,450,3,-1.4525152761047044,76.0478847002752
2017-03-03,8.770000457763672,8.90999984741211,8.720000267028809,8.899999618530273,8.899999618530273,771900,451,4,1.4823164650067833,72.78909931698811
2017-03-06,8.829999923706055,8.960000038146973,8.779999732971191,8.829999923706055,8.829999923706055,464800,452,0,0.0,68.02719852706002
2017-03-07,8.829999923706055,9.069999694824219,8.800000190734863,9.050000190734863,9.050000190734863,534300,453,1,2.491509274401804,72.18934210036262
2017-03-08,9.029999732971191,9.0600004196167,8.90999984741211,9.020000457763672,9.020000457763672,388900,454,2,-0.11073394798682967,78.20512428634919
2017-03-09,9.039999961853027,9.180000305175781,8.989999771118164,9.079999923706055,9.079999923706055,402700,455,3,0.4424774559935729,80.00001192093322
2017-03-10,9.170000076293945,9.289999961853027,9.119999885559082,9.229999542236328,9.229999542236328,415300,456,4,0.6543016951274794,81.06509142866172
2017-03-13,9.1899995803833,9.420000076293945,9.1899995803833,9.359999656677246,9.359999656677246,429100,457,0,1.8498376937559735,82.2222316412318
2017-03-14,9.3100004196167,9.329999923706055,9.119999885559082,9.319999694824219,9.319999694824219,420100,458,1,0.10740359566956403,80.2197854021705
2017-03-15,9.350000381469727,9.470000267028809,9.1899995803833,9.399999618530273,9.399999618530273,454800,459,2,0.5347511766912616,82.7957033352988
2017-03-16,9.390000343322754,9.449999809265137,9.34000015258789,9.369999885559082,9.369999885559082,448100,460,3,-0.2129974124856604,84.15304248493402
2017-03-17,9.350000381469727,9.460000038146973,9.329999923706055,9.420000076293945,9.420000076293945,796100,461,4,0.7486598071476891,84.06596919104216
2017-03-20,9.449999809265137,9.489999771118164,9.329999923706055,9.479999542236328,9.479999542236328,376200,462,0,0.3174574981660738,80.53695141246409
2017-03-21,9.5,9.550000190734863,9.270000457763672,9.270000457763672,9.270000457763672,406700,463,1,-2.4210478130139768,62.40607542074698
2017-03-22,9.300000190734863,9.399999618530273,9.100000381469727,9.140000343322754,9.140000343322754,316000,464,2,-1.7204284315123886,61.94034683923936
2017-03-23,9.109999656677246,9.319999694824219,9.109999656677246,9.210000038146973,9.210000038146973,312100,465,3,1.0976990695760414,61.654176851763545
2017-03-24,9.220000267028809,9.34000015258789,9.09000015258789,9.149999618530273,9.149999618530273,356300,466,4,-0.7592261005551326,62.12122087856671
2017-03-27,9.050000190734863,9.149999618530273,8.970000267028809,9.020000457763672,9.020000457763672,303100,467,0,-0.3314887551262635,48.78049536923966
2017-03-28,9.0,9.170000076293945,8.90999984741211,9.15999984741211,9.15999984741211,308800,468,1,1.7777760823567634,55.22387209911408
2017-03-29,9.119999885559082,9.239999771118164,9.069999694824219,9.220000267028809,9.220000267028809,292300,469,2,1.0964954246114766,55.22390396622563
2017-03-30,9.199999809265137,9.300000190734863,9.140000343322754,9.260000228881836,9.260000228881836,278100,470,3,0.6521784876155623,51.21954245254492
2017-03-31,9.229999542236328,9.579999923706055,9.220000267028809,9.550000190734863,9.550000190734863,679800,471,4,3.4669627775626433,56.834563964218624
2017-04-03,9.550000190734863,9.850000381469727,9.520000457763672,9.65999984741211,9.65999984741211,679400,472,0,1.1518288427257328,61.643863355189495
2017-04-04,9.630000114440918,9.699999809265137,9.5,9.539999961853027,9.539999961853027,403000,473,1,-0.9345810126515808,54.66668701175755
2017-04-05,9.550000190734863,9.619999885559082,9.199999809265137,9.239999771118164,9.239999771118164,437100,474,2,-3.2460776274900294,46.32767539683951
2017-04-06,9.25,9.3100004196167,9.079999923706055,9.210000038146973,9.210000038146973,937600,475,3,-0.43243202003272474,43.99998910084713
2017-04-07,9.180000305175781,9.460000038146973,9.119999885559082,9.449999809265137,9.449999809265137,471500,476,4,2.9411709707365397,49.222803816085886
2017-04-10,9.489999771118164,9.640000343322754,9.390000343322754,9.449999809265137,9.449999809265137,450400,477,0,-0.4214959201027879,55.232544277976366
2017-04-11,9.449999809265137,9.770000457763672,9.369999885559082,9.670000076293945,9.670000076293945,908300,478,1,2.3280452007323094,64.64088863551223
2017-04-12,9.619999885559082,9.640000343322754,9.539999961853027,9.609999656677246,9.609999656677246,349300,479,2,-0.10395248441580351,61.11110522423012
2017-04-13,9.579999923706055,9.720000267028809,9.470000267028809,9.5,9.5,315900,480,3,-0.8350722791562015,59.45947757162359
2017-04-17,9.550000190734863,9.569999694824219,9.350000381469727,9.4399995803833,9.4399995803833,405900,481,0,-1.1518388288440207,61.797729933323154
2017-04-18,9.390000343322754,9.550000190734863,9.300000190734863,9.520000457763672,9.520000457763672,365500,482,1,1.3844527123298978,60.46512659463104
2017-04-19,9.579999923706055,9.779999732971191,9.539999961853027,9.710000038146973,9.710000038146973,460200,483,2,1.3569949423405392,63.24323432649472
2017-04-20,9.739999771118164,9.8100004196167,9.619999885559082,9.649999618530273,9.649999618530273,896400,484,3,-0.9240262289817114,60.42778648720598
2017-04-21,9.649999618530273,9.670000076293945,9.520000457763672,9.609999656677246,9.609999656677246,296900,485,4,-0.4145073931010157,51.85183440925793
2017-04-24,9.75,9.770000457763672,9.600000381469727,9.699999809265137,9.699999809265137,288200,486,0,-0.5128224690755245,51.24999776482769
2017-04-25,9.8100004196167,10.039999961853027,9.789999961853027,9.850000381469727,9.850000381469727,585500,487,1,0.40774679043886763,59.50920353081388
2017-04-26,9.819999694824219,9.90999984741211,9.800000190734863,9.84000015258789,9.84000015258789,396700,488,2,0.2036706556540313,72.3880395190642
2017-04-27,9.859999656677246,9.880000114440918,9.739999771118164,9.8100004196167,9.8100004196167,416900,489,3,-0.5070916714148832,72.3880395190642
2017-04-28,9.789999961853027,9.800000190734863,9.520000457763672,9.640000343322754,9.640000343322754,444400,490,4,-1.5321717989249306,57.48032205596781
2017-05-01,9.649999618530273,9.649999618530273,9.5,9.59000015258789,9.59000015258789,286800,491,0,-0.6217561483336187,55.30303303969373
2017-05-02,9.600000381469727,9.710000038146973,9.569999694824219,9.670000076293945,9.670000076293945,392200,492,1,0.729163458777915,50.0
2017-05-03,9.630000114440918,9.710000038146973,9.5,9.569999694824219,9.569999694824219,1038300,493,2,-0.6230573094877179,48.36066022286235
2017-05-04,9.34000015258789,9.729999542236328,9.25,9.600000381469727,9.600000381469727,998700,494,3,2.783728315141376,54.38596931519684
2017-05-05,9.649999618530273,9.789999961853027,9.390000343322754,9.600000381469727,9.600000381469727,535000,495,4,-0.5181268293994234,57.40742539504532
2017-05-08,9.5600004196167,9.789999961853027,9.5600004196167,9.739999771118164,9.739999771118164,344100,496,0,1.8828383221836997,59.649081713064824
2017-05-09,9.739999771118164,9.789999961853027,9.569999694824219,9.6899995803833,9.6899995803833,317400,497,1,-0.51334899291402,48.999979019205064
2017-05-10,9.670000076293945,9.75,9.600000381469727,9.65999984741211,9.65999984741211,256900,498,2,-0.10341498245022285,50.51547506685543
2017-05-11,9.640000343322754,9.65999984741211,9.520000457763672,9.550000190734863,9.550000190734863,340200,499,3,-0.9336115081181484,47.11541283057624
2017-05-12,9.510000228881836,9.550000190734863,9.380000114440918,9.479999542236328,9.479999542236328,310800,500,4,-0.3154646259039606,39.21568810779123
2017-05-15,9.489999771118164,9.760000228881836,9.479999542236328,9.710000038146973,9.710000038146973,369100,501,0,2.3182325851930585,43.63635575476727
2017-05-16,9.739999771118164,10.020000457763672,9.600000381469727,9.9399995803833,9.9399995803833,578300,502,1,2.0533861803384568,53.78785525253934
2017-05-17,9.800000190734863,9.859999656677246,9.630000114440918,9.680000305175781,9.680000305175781,389700,503,2,-1.2244886043219938,45.806448437297156
2017-05-18,9.640000343322754,9.720000267028809,9.550000190734863,9.600000381469727,9.600000381469727,273200,504,3,-0.4149373488428698,48.63013832849638
2017-05-19,9.600000381469727,9.779999732971191,9.529999732971191,9.550000190734863,9.550000190734863,344200,505,4,-0.5208352994586884,48.63013832849638
2017-05-22,9.550000190734863,9.6899995803833,9.550000190734863,9.649999618530273,9.649999618530273,153500,506,0,1.0471144062638604,49.32430865034423
2017-05-23,9.649999618530273,9.739999771118164,9.529999732971191,9.640000343322754,9.640000343322754,176000,507,1,-0.10361943629840775,52.518011772059225
2017-05-24,9.649999618530273,9.760000228881836,9.550000190734863,9.729999542236328,9.729999542236328,235100,508,2,0.8290147862020314,54.48273911625117
2017-05-25,9.770000457763672,9.859999656677246,9.720000267028809,9.850000381469727,9.850000381469727,231200,509,3,0.8188323434773492,57.961794659659276
2017-05-26,9.819999694824219,9.869999885559082,9.760000228881836,9.8100004196167,9.8100004196167,292000,510,4,-0.10182561627563036,52.3809770955719
2017-05-30,9.789999961853027,9.819999694824219,9.609999656677246,9.75,9.75,372400,511,1,-0.4085797958007009,52.027043136405844
2017-05-31,9.789999961853027,9.850000381469727,9.649999618530273,9.800000190734863,9.800000190734863,650100,512,2,0.10214738427785086,54.66668107775439
2017-06-01,9.850000381469727,10.5,9.829999923706055,10.369999885559082,10.369999885559082,1317400,513,3,5.279182578181452,70.91836933293371
2017-06-02,10.359999656677246,10.460000038146973,10.15999984741211,10.369999885559082,10.369999885559082,599100,514,4,0.09652730900806539,73.54500211170917
2017-06-05,10.380000114440918,10.4399995803833,10.1899995803833,10.420000076293945,10.420000076293945,490100,515,0,0.3853560829674585,70.76025772658295
2017-06-06,10.329999923706055,10.579999923706055,10.270000457763672,10.569999694824219,10.569999694824219,391500,516,1,2.3233279079450497,69.32517814129257
2017-06-07,10.59000015258789,10.649999618530273,10.489999771118164,10.619999885559082,10.619999885559082,367000,517,2,0.2832835933799238,83.09859722480603
2017-06-08,10.609999656677246,10.819999694824219,10.510000228881836,10.8100004196167,10.8100004196167,525500,518,3,1.8850213893605972,89.54249180806086
2017-06-09,10.850000381469727,11.069999694824219,10.75,10.819999694824219,10.819999694824219,653700,519,4,-0.2765040146610942,92.6174668469902
2017-06-12,10.630000114440918,10.949999809265137,10.529999732971191,10.949999809265137,10.949999809265137,459200,520,0,3.0103451681952276,92.76317812069631
2017-06-13,11.100000381469727,11.289999961853027,10.970000267028809,11.180000305175781,11.180000305175781,1006200,521,1,0.7207200086191579,94.25285403362962
2017-06-14,11.270000457763672,11.470000267028809,11.149999618530273,11.270000457763672,11.270000457763672,1029300,522,2,0.0,94.25285718357226
2017-06-15,11.210000038146973,11.3100004196167,11.079999923706055,11.100000381469727,11.100000381469727,472500,523,3,-0.9812636601509661,84.91618325881535
2017-06-16,11.010000228881836,11.079999923706055,10.90999984741211,11.0,11.0,984200,524,4,-0.09082859831013312,82.16212760977943
2017-06-19,11.09000015258789,11.09000015258789,10.859999656677246,10.970000267028809,10.970000267028809,356300,525,0,-1.0820548594048462,83.5164789099192
2017-06-20,10.9399995803833,10.949999809265137,10.8100004196167,10.8100004196167,10.8100004196167,264100,526,1,-1.188292191525353,76.16580490099577
2017-06-21,10.819999694824219,11.0,10.789999961853027,10.920000076293945,10.920000076293945,375500,527,2,0.9242179694104902,68.70748608252072
2017-06-22,10.859999656677246,10.989999771118164,10.8100004196167,10.930000305175781,10.930000305175781,577000,528,3,0.6445732109714664,68.91892675590393
2017-06-23,10.9399995803833,11.170000076293945,10.890000343322754,11.130000114440918,11.130000114440918,579000,529,4,1.7367508349662941,71.77914074535201
2017-06-26,11.180000305175781,11.369999885559082,11.029999732971191,11.25,11.25,447700,530,0,0.6261153212295811,71.25000447034729
2017-06-27,11.279999732971191,11.34000015258789,11.109999656677246,11.180000305175781,11.180000305175781,712100,531,1,-0.8865197709456818,67.28396478939985
2017-06-28,11.239999771118164,11.600000381469727,11.149999618530273,11.529999732971191,11.529999732971191,952900,532,2,2.5800708875297174,70.2247136831999
2017-06-29,11.529999732971191,11.550000190734863,11.279999732971191,11.430000305175781,11.430000305175781,456900,533,3,-0.8672977459787123,66.31018606349537
2017-06-30,11.430000305175781,11.449999809265137,11.180000305175781,11.300000190734863,11.300000190734863,356000,534,4,-1.1373588011371338,59.35830431509826
2017-07-03,11.329999923706055,11.329999923706055,11.100000381469727,11.239999771118164,11.239999771118164,182100,535,0,-0.7943526318970329,51.7646913627342
2017-07-05,11.319999694824219,11.350000381469727,11.039999961853027,11.319999694824219,11.319999694824219,425400,536,2,0.0,51.47926857070626
2017-07-06,11.220000267028809,11.329999923706055,11.130000114440918,11.180000305175781,11.180000305175781,394700,537,3,-0.35650589038372926,52.40963924638954
2017-07-07,11.170000076293945,11.329999923706055,11.09000015258789,11.329999923706055,11.329999923706055,268600,538,4,1.4324068605127138,59.64913650503998
2017-07-10,11.329999923706055,11.390000343322754,11.09000015258789,11.359999656677246,11.359999656677246,523700,539,0,0.26478140488264135,61.40350975036
2017-07-11,11.390000343322754,11.430000305175781,10.829999923706055,11.25,11.25,1277900,540,1,-1.2291513529657405,63.25302346904833
2017-07-12,11.34000015258789,11.510000228881836,11.319999694824219,11.489999771118164,11.489999771118164,261000,541,2,1.3227479410222287,65.92180497275365
2017-07-13,11.460000038146973,11.550000190734863,11.25,11.4399995803833,11.4399995803833,329100,542,3,-0.17452406367448603,63.934428792463976
2017-07-14,11.390000343322754,11.550000190734863,11.279999732971191,11.479999542236328,11.479999542236328,354800,543,4,0.790159755933062,60.47904225812181
2017-07-17,11.489999771118164,11.5600004196167,11.4399995803833,11.550000190734863,11.550000190734863,316900,544,0,0.5221968739069993,59.25927670188398
2017-07-18,11.5600004196167,11.619999885559082,11.449999809265137,11.510000228881836,11.510000228881836,362900,545,1,-0.43252758581232564,60.37736754408799
2017-07-19,11.569999694824219,11.6899995803833,11.539999961853027,11.630000114440918,11.630000114440918,405000,546,2,0.5185861814978265,53.676488119029884
2017-07-20,11.630000114440918,11.710000038146973,11.550000190734863,11.600000381469727,11.600000381469727,465100,547,3,-0.25795126978495064,56.589155310047886
2017-07-21,11.670000076293945,11.800000190734863,11.5600004196167,11.6899995803833,11.6899995803833,474100,548,4,0.17137535525797443,65.59999938964751
2017-07-24,11.6899995803833,11.760000228881836,11.5,11.529999732971191,11.529999732971191,269500,549,0,-1.3686899328944513,60.74075905550748
2017-07-25,11.5600004196167,11.819999694824219,11.479999542236328,11.680000305175781,11.680000305175781,363200,550,1,1.0380612560830782,62.67609417478858
2017-07-26,11.739999771118164,11.850000381469727,11.609999656677246,11.850000381469727,11.850000381469727,315000,551,2,0.9369728492003571,73.10346914104788
2017-07-27,11.869999885559082,11.989999771118164,11.6899995803833,11.739999771118164,11.739999771118164,513300,552,3,-1.0951989527740014,64.53900325466759
2017-07-28,11.699999809265137,11.819999694824219,11.529999732971191,11.640000343322754,11.640000343322754,220700,553,4,-0.5128159565854884,59.45948558275962
2017-07-31,11.619999885559082,11.640000343322754,11.399999618530273,11.609999656677246,11.609999656677246,331200,554,0,-0.08606049036423702,62.857125340682984
2017-08-01,11.640000343322754,11.640000343322754,11.40999984741211,11.510000228881836,11.510000228881836,380900,555,1,-1.1168394382006341,50.79366881470415
2017-08-02,11.539999961853027,11.569999694824219,11.300000190734863,11.350000381469727,11.350000381469727,388700,556,2,-1.6464435096305796,46.71535742950641
2017-08-03,10.779999732971191,11.40999984741211,9.5,11.020000457763672,11.020000457763672,1361500,557,3,2.2263518621287615,36.14460461578412
2017-08-04,11.100000381469727,11.640000343322754,10.970000267028809,11.279999732971191,11.279999732971191,898000,558,4,1.6216157235629858,42.702684311889904
2017-08-07,11.260000228881836,11.5,10.779999732971191,11.369999885559082,11.369999885559082,432700,559,0,0.9769063449492466,46.31577784994476
2017-08-08,11.390000343322754,11.489999771118164,11.210000038146973,11.25,11.25,245400,560,1,-1.2291513529657405,39.99998996131593
2017-08-09,11.15999984741211,11.1899995803833,10.970000267028809,10.970000267028809,10.970000267028809,382200,561,2,-1.702505223845141,35.34882544954682
2017-08-10,10.920000076293945,11.020000457763672,10.829999923706055,10.930000305175781,10.930000305175781,437300,562,3,0.0915771869227866,31.90477423116799
2017-08-11,10.920000076293945,11.050000190734863,10.869999885559082,11.029999732971191,11.029999732971191,313300,563,4,1.007322856306958,37.74509208103992
2017-08-14,11.0600004196167,11.3100004196167,11.020000457763672,11.3100004196167,11.3100004196167,428900,564,0,2.2603977442585244,41.474653567776166
2017-08-15,11.319999694824219,11.319999694824219,11.149999618530273,11.260000228881836,11.260000228881836,628300,565,1,-0.5300306321546655,35.609747020348166
2017-08-16,11.289999961853027,11.369999885559082,11.1899995803833,11.329999923706055,11.329999923706055,448300,566,2,0.35429550033818646,39.800990303828556
2017-08-17,11.270000457763672,11.350000381469727,10.90999984741211,10.90999984741211,10.90999984741211,414900,567,3,-3.1943264927160264,34.334746381868555
2017-08-18,10.829999923706055,11.0,10.829999923706055,10.920000076293945,10.920000076293945,642900,568,4,0.8310263455393763,35.06493452877105
2017-08-21,10.890000343322754,11.0,10.800000190734863,10.90999984741211,10.90999984741211,579900,569,0,0.18365016950268043,36.486473715095286
2017-08-22,10.880000114440918,11.020000457763672,10.789999961853027,10.989999771118164,10.989999771118164,398900,570,1,1.0110262455902408,41.58876838720257
2017-08-23,10.880000114440918,11.130000114440918,10.510000228881836,11.079999923706055,11.079999923706055,250100,571,2,1.8382335217044687,51.57893363128133
2017-08-24,11.0600004196167,11.1899995803833,11.039999961853027,11.100000381469727,11.100000381469727,229600,572,3,0.36166329417204324,44.5783354024992
2017-08-25,11.140000343322754,11.199999809265137,10.989999771118164,11.100000381469727,11.100000381469727,325800,573,4,-0.35906607379059263,41.401293230433744
2017-08-28,11.149999618530273,11.220000267028809,11.029999732971191,11.119999885559082,11.119999885559082,353000,574,0,-0.26905591029200426,45.578228203193575
2017-08-29,11.069999694824219,11.130000114440918,10.979999542236328,11.050000190734863,11.050000190734863,247100,575,1,-0.18066399856095927,53.17459957039251
2017-08-30,11.069999694824219,11.109999656677246,10.989999771118164,11.029999732971191,11.029999732971191,299600,576,2,-0.36133661206629863,54.03223263486985
2017-08-31,11.109999656677246,11.170000076293945,10.989999771118164,11.0600004196167,11.0600004196167,478000,577,3,-0.45003815126579694,51.28207845221365
2017-09-01,11.100000381469727,11.279999732971191,11.0,11.270000457763672,11.270000457763672,450000,578,4,1.5315321662307646,48.18182212261636
2017-09-05,11.270000457763672,11.510000228881836,11.199999809265137,11.420000076293945,11.420000076293945,581600,579,1,1.3309637305909838,56.66665607029211
2017-09-06,11.449999809265137,11.5,11.170000076293945,11.260000228881836,11.260000228881836,755700,580,2,-1.6593850091556894,47.286835459508055
2017-09-07,11.289999961853027,11.319999694824219,10.779999732971191,10.920000076293945,10.920000076293945,717700,581,3,-3.2772354898959133,50.41323225970186
2017-09-08,10.960000038146973,10.960000038146973,10.65999984741211,10.789999961853027,10.789999961853027,522900,582,4,-1.5510955812249039,45.112780876619716
2017-09-11,10.949999809265137,11.09000015258789,10.779999732971191,10.829999923706055,10.829999923706055,894300,583,0,-1.0958893849253415,47.05882765429883
2017-09-12,10.869999885559082,10.899999618530273,10.75,10.890000343322754,10.890000343322754,369700,584,1,0.18399685348886585,46.26868114779591
2017-09-13,10.869999885559082,10.920000076293945,10.510000228881836,10.569999694824219,10.569999694824219,624700,585,2,-2.759891388162905,33.75797106907389
2017-09-14,10.539999961853027,10.59000015258789,10.300000190734863,10.380000114440918,10.380000114440918,518900,586,3,-1.5180251232560726,29.310345772566308
2017-09-15,10.40999984741211,10.449999809265137,10.270000457763672,10.300000190734863,10.300000190734863,1017900,587,4,-1.056672990293961,28.02198061317044
2017-09-18,10.34000015258789,10.420000076293945,10.25,10.300000190734863,10.300000190734863,814600,588,0,-0.3868468207228859,27.222245181033756
2017-09-19,10.289999961853027,10.359999656677246,10.109999656677246,10.119999885559082,10.119999885559082,1141600,589,1,-1.6520901547538158,25.654464639686196
2017-09-20,10.140000343322754,10.140000343322754,9.989999771118164,10.039999961853027,10.039999961853027,759400,590,2,-0.9861970225235495,24.873117825662632
2017-09-21,10.050000190734863,10.130000114440918,9.949999809265137,10.079999923706055,10.079999923706055,700700,591,3,0.2985048000182955,25.252518927781338
2017-09-22,10.039999961853027,10.119999885559082,10.020000457763672,10.109999656677246,10.109999656677246,654100,592,4,0.6972081184281054,17.77775893976859
2017-09-25,10.100000381469727,10.119999885559082,10.0,10.100000381469727,10.100000381469727,493700,593,0,0.0,10.240969392796643
2017-09-26,10.039999961853027,10.15999984741211,10.010000228881836,10.020000457763672,10.020000457763672,815400,594,1,-0.1991982486588051,10.759499019164025
2017-09-27,10.020000457763672,10.579999923706055,10.020000457763672,10.550000190734863,10.550000190734863,1059000,595,2,5.289418251079403,39.54802290327639
2017-09-28,10.479999542236328,10.579999923706055,10.399999618530273,10.550000190734863,10.550000190734863,411700,596,3,0.6679451484365106,42.6829310842118
2017-09-29,10.510000228881836,10.579999923706055,10.420000076293945,10.470000267028809,10.470000267028809,630100,597,4,-0.3805895431201467,39.28572036782324
2017-10-02,10.5,10.850000381469727,9.960000038146973,10.829999923706055,10.829999923706055,504200,598,0,3.142856416248141,48.484836808386945
2017-10-03,10.869999885559082,11.3100004196167,10.84000015258789,11.289999961853027,11.289999961853027,1364200,599,1,3.8638461887374964,66.98115456781193
2017-10-04,11.289999961853027,11.670000076293945,10.920000076293945,11.59000015258789,11.59000015258789,1700200,600,2,2.6572204760718643,77.13006286984304
2017-10-05,11.609999656677246,11.800000190734863,11.579999923706055,11.65999984741211,11.65999984741211,1030200,601,3,0.43066487694602973,80.63064553059343
2017-10-06,11.649999618530273,11.739999771118164,11.380000114440918,11.710000038146973,11.710000038146973,515900,602,4,0.5150250779516252,81.05728519417578
2017-10-09,11.760000228881836,11.760000228881836,11.640000343322754,11.739999771118164,11.739999771118164,403900,603,0,-0.17007191644904385,88.20758090832167
2017-10-10,11.789999961853027,11.789999961853027,11.609999656677246,11.75,11.75,430200,604,1,-0.3392702458222985,91.70735292817803
2017-10-11,11.739999771118164,11.75,11.5,11.520000457763672,11.520000457763672,438800,605,2,-1.8739294518192229,82.14289971764401
2017-10-12,11.520000457763672,11.699999809265137,11.399999618530273,11.699999809265137,11.699999809265137,442800,606,3,1.5624943085844833,83.26363655952251
2017-10-13,11.699999809265137,11.699999809265137,11.479999542236328,11.489999771118164,11.489999771118164,417800,607,4,-1.7948721501745313,76.83398323152208
2017-10-16,11.550000190734863,11.59000015258789,11.270000457763672,11.350000381469727,11.350000381469727,264800,608,0,-1.7316000516222618,75.09435985725821
2017-10-17,11.350000381469727,11.399999618530273,11.260000228881836,11.3100004196167,11.3100004196167,269200,609,1,-0.352422559547505,67.592614668408
2017-10-18,11.3100004196167,11.390000343322754,11.239999771118164,11.3100004196167,11.3100004196167,211400,610,2,0.0,67.592614668408
2017-10-19,11.260000228881836,11.300000190734863,11.109999656677246,11.210000038146973,11.210000038146973,301500,611,3,-0.4440514184592348,66.97248428842282
2017-10-20,11.289999961853027,11.350000381469727,11.149999618530273,11.170000076293945,11.170000076293945,354400,612,4,-1.0628865010145372,59.13979542133463
2017-10-23,11.170000076293945,11.329999923706055,11.09000015258789,11.149999618530273,11.149999618530273,224600,613,0,-0.17905512647325983,45.07040740051727
2017-10-24,11.149999618530273,11.220000267028809,11.050000190734863,11.09000015258789,11.09000015258789,262600,614,1,-0.5381118205840085,28.81353055560494
2017-10-25,11.09000015258789,11.09000015258789,10.920000076293945,10.960000038146973,10.960000038146973,247700,615,2,-1.1722282475404855,21.774174321063995
2017-10-26,11.010000228881836,11.319999694824219,10.960000038146973,11.239999771118164,11.239999771118164,369300,616,3,2.0890057897817726,34.01357852089491
2017-10-27,11.239999771118164,11.350000381469727,11.149999618530273,11.239999771118164,11.239999771118164,406600,617,4,0.0,32.63887233202733
2017-10-30,11.199999809265137,11.260000228881836,10.989999771118164,11.119999885559082,11.119999885559082,501600,618,0,-0.7142850452539706,29.677393156056354
2017-10-31,11.199999809265137,11.329999923706055,11.119999885559082,11.3100004196167,11.3100004196167,452800,619,1,0.9821483234362605,43.04635301503332
2017-11-01,11.420000076293945,11.609999656677246,11.25,11.359999656677246,11.359999656677246,681800,620,2,-0.5253977164260348,37.68114640015369
2017-11-02,11.25,11.25,9.630000114440918,10.010000228881836,10.010000228881836,3252800,621,3,-11.022220187717014,20.634912825791602
2017-11-03,10.109999656677246,10.460000038146973,9.539999961853027,9.739999771118164,9.739999771118164,1424600,622,4,-3.6597418212048316,19.62262562051818
2017-11-06,9.640000343322754,9.710000038146973,9.5,9.59000015258789,9.59000015258789,725300,623,0,-0.5186741592752786,18.84056669001326
2017-11-07,9.649999618530273,9.779999732971191,9.369999885559082,9.760000228881836,9.760000228881836,874400,624,1,1.1399027430046171,23.54947894543777
2017-11-08,9.699999809265137,9.90999984741211,9.59000015258789,9.859999656677246,9.859999656677246,717900,625,2,1.64948299544585,26.96243823083877
2017-11-09,9.770000457763672,9.90999984741211,9.680000305175781,9.8100004196167,9.8100004196167,682300,626,3,0.4094161717386857,26.87073583168089
2017-11-10,9.760000228881836,10.270000457763672,9.760000228881836,10.010000228881836,10.010000228881836,1310900,627,4,2.561475349766895,31.730761589140812
2017-11-13,10.039999961853027,10.039999961853027,9.770000457763672,9.850000381469727,9.850000381469727,602100,628,0,-1.8924261066255332,30.745329657636574
2017-11-14,9.770000457763672,10.029999732971191,9.619999885559082,9.899999618530273,9.899999618530273,827700,629,1,1.3305952372120844,33.120993766182494
2017-11-15,9.859999656677246,10.0,9.739999771118164,9.9399995803833,9.9399995803833,660900,630,2,0.8113582808481956,27.58617854710515
2017-11-16,9.989999771118164,10.25,9.960000038146973,10.100000381469727,10.100000381469727,787000,631,3,1.1011072359539131,31.37254413084672
2017-11-17,10.050000190734863,10.149999618530273,9.960000038146973,10.039999961853027,10.039999961853027,483800,632,4,-0.0995047631049295,31.999989827467488
2017-11-20,10.079999923706055,10.109999656677246,9.920000076293945,10.09000015258789,10.09000015258789,323000,633,0,0.09920862061036928,28.67130721841994
2017-11-21,10.09000015258789,10.239999771118164,10.069999694824219,10.180000305175781,10.180000305175781,346100,634,1,0.8919737485316714,29.655174228156483
2017-11-22,10.1899995803833,10.579999923706055,10.140000343322754,10.25,10.25,525900,635,2,0.5888167035080771,57.4074052270806
2017-11-24,10.25,10.3100004196167,10.0600004196167,10.239999771118164,10.239999771118164,267400,636,4,-0.0975632086032796,68.38237047197106
2017-11-27,10.25,10.40999984741211,10.220000267028809,10.319999694824219,10.319999694824219,433400,637,0,0.6829238519435954,78.29457765502394
2017-11-28,10.34000015258789,10.460000038146973,10.300000190734863,10.399999618530273,10.399999618530273,701700,638,1,0.5802656195064593,76.66666666666667
2017-11-29,10.380000114440918,10.670000076293945,10.380000114440918,10.5,10.5,682200,639,2,1.1560682489023755,76.66668521033688
2017-11-30,10.579999923706055,10.829999923706055,10.5,10.760000228881836,10.760000228881836,802400,640,3,1.7013261481454656,83.6879173590947
2017-12-01,10.75,10.779999732971191,10.350000381469727,10.739999771118164,10.739999771118164,1167000,641,4,-0.0930253849473095,79.67474316728048
2017-12-04,10.850000381469727,10.960000038146973,10.609999656677246,10.630000114440918,10.630000114440918,863400,642,0,-2.027652159391058,83.05080088352173
2017-12-05,10.600000381469727,10.720000267028809,10.380000114440918,10.529999732971191,10.529999732971191,877000,643,1,-0.6603834526355823,75.60971071160247
2017-12-06,10.470000267028809,10.510000228881836,10.15999984741211,10.420000076293945,10.420000076293945,1084100,644,2,-0.47755672836341523,68.46152773977352
2017-12-07,10.420000076293945,10.420000076293945,9.930000305175781,10.119999885559082,10.119999885559082,1035400,645,3,-2.8790805042063217,50.69442650788006
2017-12-08,10.140000343322754,10.199999809265137,10.039999961853027,10.100000381469727,10.100000381469727,403500,646,4,-0.39447692799504663,52.14287125333871
2017-12-11,10.069999694824219,10.25,10.029999732971191,10.0600004196167,10.0600004196167,332900,647,0,-0.0992976714056848,48.92087318124405
2017-12-12,10.100000381469727,10.119999885559082,9.960000038146973,9.979999542236328,9.979999542236328,319300,648,1,-1.1881270762480578,42.75360115435967
2017-12-13,9.960000038146973,10.050000190734863,9.869999885559082,9.90999984741211,9.90999984741211,410500,649,2,-0.5020099452144766,37.68116342648006
2017-12-14,9.970000267028809,10.029999732971191,9.65999984741211,9.760000228881836,9.760000228881836,974100,650,3,-2.106319283074154,34.21054612896182
2017-12-15,9.760000228881836,10.119999885559082,9.729999542236328,10.0,10.0,1250400,651,4,2.459013990675496,40.47620128882249
2017-12-18,10.050000190734863,10.210000038146973,10.020000457763672,10.119999885559082,10.119999885559082,331100,652,0,0.6965143631415316,41.860474142400186
2017-12-19,10.09000015258789,10.180000305175781,9.880000114440918,10.119999885559082,10.119999885559082,578800,653,1,0.29732143228458074,38.27160057762056
2017-12-20,10.199999809265137,10.220000267028809,9.970000267028809,10.050000190734863,10.050000190734863,518500,654,2,-1.470584522894025,25.17481258290468
2017-12-21,10.029999732971191,10.1899995803833,9.829999923706055,9.899999618530273,9.899999618530273,1119700,655,3,-1.2961128404976319,23.07690896931001
2017-12-22,9.930000305175781,10.020000457763672,9.75,9.970000267028809,9.970000267028809,504700,656,4,0.4028193416286019,28.289485241894397
2017-12-26,9.960000038146973,10.149999618530273,9.960000038146973,10.109999656677246,10.109999656677246,174700,657,1,1.506020260600116,36.53845448465501
2017-12-27,10.140000343322754,10.199999809265137,10.029999732971191,10.100000381469727,10.100000381469727,308100,658,2,-0.39447692799504663,39.041099469599985
2017-12-28,10.100000381469727,10.210000038146973,10.069999694824219,10.170000076293945,10.170000076293945,217000,659,3,0.6930662592116832,52.03253041100309
2017-12-29,10.1899995803833,10.199999809265137,10.0600004196167,10.180000305175781,10.180000305175781,371900,660,4,-0.09812831814801637,53.278687243113616
2018-01-02,10.229999542236328,10.430000305175781,10.170000076293945,10.270000457763672,10.270000457763672,687300,661,1,0.3910158095530081,58.26772126566898
2018-01-03,10.260000228881836,10.619999885559082,10.229999542236328,10.609999656677246,10.609999656677246,2350300,662,2,3.4113003897423333,70.58826829327583
2018-01-04,10.729999542236328,11.050000190734863,10.550000190734863,10.989999771118164,10.989999771118164,1148600,663,3,2.4231150044172978,79.34785200204418
2018-01-05,10.930000305175781,11.039999961853027,10.789999961853027,10.90999984741211,10.90999984741211,580000,664,4,-0.1829867996819834,82.48589153535225
2018-01-08,10.880000114440918,11.0,10.800000190734863,10.90999984741211,10.90999984741211,852300,665,0,0.27573283690844885,79.73858083175426
2018-01-09,10.899999618530273,10.979999542236328,10.699999809265137,10.739999771118164,10.739999771118164,501800,666,1,-1.4678885597399938,69.620262333039
2018-01-10,10.6899995803833,10.800000190734863,10.260000228881836,10.350000381469727,10.350000381469727,804300,667,2,-3.180535194196732,55.83758089900097
2018-01-11,10.350000381469727,10.539999961853027,10.260000228881836,10.539999961853027,10.539999961853027,651000,668,3,1.8357446703429092,61.72249240482185
2018-01-12,10.510000228881836,10.8100004196167,10.510000228881836,10.779999732971191,10.779999732971191,458700,669,4,2.568977147568341,70.18351252661432
2018-01-16,10.880000114440918,11.220000267028809,10.84000015258789,10.880000114440918,10.880000114440918,834200,670,1,0.0,70.58825813968542
2018-01-17,10.90999984741211,11.319999694824219,10.880000114440918,11.289999961853027,11.289999961853027,771800,671,2,3.4830441774117427,73.79035142162982
2018-01-18,11.270000457763672,11.680000305175781,11.25,11.510000228881836,11.510000228881836,776500,672,3,2.1295453537699904,76.20818898218437
2018-01-19,11.489999771118164,11.760000228881836,11.4399995803833,11.65999984741211,11.65999984741211,557500,673,4,1.479548126025776,76.89531680251082
2018-01-22,11.630000114440918,11.949999809265137,11.510000228881836,11.90999984741211,11.90999984741211,589600,674,0,2.407564318279909,78.73754994911621
2018-01-23,11.859999656677246,11.859999656677246,11.59000015258789,11.649999618530273,11.649999618530273,436300,675,1,-1.7706580457507948,71.69811094416804
2018-01-24,11.680000305175781,11.770000457763672,11.40999984741211,11.520000457763672,11.520000457763672,297300,676,2,-1.369861671503625,65.31988726728488
2018-01-25,11.550000190734863,11.59000015258789,11.40999984741211,11.520000457763672,11.520000457763672,270900,677,3,-0.25973794351324964,60.2316804194697
2018-01-26,11.520000457763672,11.5600004196167,11.369999885559082,11.520000457763672,11.520000457763672,355400,678,4,0.0,62.15141470650368
2018-01-29,11.510000228881836,11.609999656677246,11.420000076293945,11.539999961853027,11.539999961853027,302400,679,0,0.26064059404546924,62.45060584757407
2018-01-30,11.449999809265137,11.5600004196167,11.420000076293945,11.430000305175781,11.430000305175781,195000,680,1,-0.17466816089527493,63.967636815728305
2018-01-31,11.489999771118164,11.550000190734863,11.279999732971191,11.489999771118164,11.489999771118164,457900,681,2,0.0,76.63553109472136
2018-02-01,11.470000267028809,11.569999694824219,11.420000076293945,11.550000190734863,11.550000190734863,556600,682,3,0.6974709838152293,75.12440478336866
2018-02-02,11.59000015258789,11.640000343322754,11.350000381469727,11.390000343322754,11.390000343322754,464200,683,4,-1.7256238708545646,65.80313773934527
2018-02-05,11.300000190734863,11.369999885559082,10.960000038146973,10.970000267028809,10.970000267028809,663100,684,0,-2.920353257840025,52.00000508626732
2018-02-06,10.800000190734863,11.09000015258789,10.739999771118164,11.050000190734863,11.050000190734863,842200,685,1,2.3148147739337155,43.75
2018-02-07,11.039999961853027,11.149999618530273,10.9399995803833,11.020000457763672,11.020000457763672,453500,686,2,-0.18115492897156082,35.838137543177254
2018-02-08,11.050000190734863,11.170000076293945,10.710000038146973,10.720000267028809,10.720000267028809,410400,687,3,-2.9864245973746817,24.999987318148598
2018-02-09,10.829999923706055,10.880000114440918,10.359999656677246,10.529999732971191,10.529999732971191,479900,688,4,-2.7700848831788583,12.087882721033822
2018-02-12,10.5600004196167,10.699999809265137,10.380000114440918,10.520000457763672,10.520000457763672,395800,689,0,-0.3787875024959475,14.012714865556035
2018-02-13,10.430000305175781,10.579999923706055,10.390000343322754,10.470000267028809,10.470000267028809,293800,690,1,0.38350873137729113,14.765066306019605
2018-02-14,10.390000343322754,10.619999885559082,10.390000343322754,10.600000381469727,10.600000381469727,228500,691,2,2.0211745063312803,21.604917195112463
2018-02-15,10.670000076293945,10.880000114440918,10.5,10.84000015258789,10.84000015258789,330200,692,3,1.5932528123560497,31.720409157330735
2018-02-16,10.789999961853027,10.989999771118164,10.770000457763672,10.859999656677246,10.859999656677246,254300,693,4,0.6487460154930069,31.720409157330735
2018-02-20,10.789999961853027,10.970000267028809,10.789999961853027,10.920000076293945,10.920000076293945,277400,694,1,1.2048203419881442,35.911591730324005
2018-02-21,10.930000305175781,11.029999732971191,10.859999656677246,10.920000076293945,10.920000076293945,280800,695,2,-0.0914933998409917,33.71429443359375
2018-02-22,10.979999542236328,11.020000457763672,10.75,10.770000457763672,10.770000457763672,285000,696,3,-1.9125600476107563,28.80434585428783
2018-02-23,10.829999923706055,10.829999923706055,10.640000343322754,10.800000190734863,10.800000190734863,246600,697,4,-0.27700584656076277,32.74852431368875
2018-02-26,10.829999923706055,10.930000305175781,10.760000228881836,10.84000015258789,10.84000015258789,181800,698,0,0.09233821747260951,45.1127738678694
2018-02-27,10.850000381469727,10.90999984741211,10.569999694824219,10.579999923706055,10.579999923706055,257900,699,1,-2.4884833942014795,34.4370697805727
2018-02-28,10.630000114440918,10.720000267028809,10.399999618530273,10.399999618530273,10.399999618530273,333100,700,2,-2.1636923182925205,31.325274210116305
2018-03-01,9.59000015258789,10.010000228881836,9.25,9.59000015258789,9.59000015258789,2039400,701,3,0.0,23.963120476362718
2018-03-02,9.529999732971191,10.40999984741211,9.5,9.989999771118164,9.989999771118164,1213600,702,4,4.82686307488025,38.65545444017873
2018-03-05,9.949999809265137,10.010000228881836,9.550000190734863,10.0,10.0,629600,703,0,0.5025144893802347,39.07561678307108
2018-03-06,10.029999732971191,10.229999542236328,9.8100004196167,10.1899995803833,10.1899995803833,654500,704,1,1.5952128780836183,44.44442762478192
2018-03-07,10.109999656677246,10.380000114440918,10.09000015258789,10.369999885559082,10.369999885559082,609500,705,2,2.571713528299835,45.52527998889729
2018-03-08,10.40999984741211,10.510000228881836,10.130000114440918,10.239999771118164,10.239999771118164,770500,706,3,-1.6330459057231073,37.80486575672147
2018-03-09,10.260000228881836,10.359999656677246,10.119999885559082,10.300000190734863,10.300000190734863,604400,707,4,0.3898631672583086,38.800010681152344
2018-03-12,10.300000190734863,10.300000190734863,9.739999771118164,10.069999694824219,10.069999694824219,801600,708,0,-2.2330144820534747,34.082390314955404
2018-03-13,10.140000343322754,10.140000343322754,9.859999656677246,9.960000038146973,9.960000038146973,638400,709,1,-1.7751508785136538,32.733810605065244
2018-03-14,9.989999771118164,10.140000343322754,9.680000305175781,10.0600004196167,10.0600004196167,776700,710,2,0.7007072082314991,36.996338659818846
2018-03-15,10.029999732971191,10.09000015258789,9.850000381469727,9.880000114440918,9.880000114440918,636400,711,3,-1.4955096961487002,34.02778237689989
2018-03-16,9.880000114440918,10.100000381469727,9.609999656677246,10.09000015258789,10.09000015258789,2663600,712,4,2.125506434357516,37.70492264609816
2018-03-19,10.0600004196167,10.119999885559082,9.899999618530273,9.989999771118164,9.989999771118164,388300,713,0,-0.6958314669851862,39.79238948437592
2018-03-20,10.050000190734863,10.100000381469727,9.84000015258789,9.949999809265137,9.949999809265137,474400,714,1,-0.9950286524563201,41.81818812346437
2018-03-21,9.970000267028809,10.039999961853027,9.899999618530273,9.960000038146973,9.960000038146973,513000,715,2,-0.10030319572715829,59.48716820110284
2018-03-22,9.869999885559082,10.050000190734863,9.729999542236328,9.779999732971191,9.779999732971191,585700,716,3,-0.9118556598928684,43.93064316698814
2018-03-23,9.800000190734863,10.130000114440918,9.5,9.59000015258789,9.59000015258789,818300,717,4,-2.1428574904060804,39.26702956187942
2018-03-26,9.720000267028809,9.770000457763672,9.550000190734863,9.630000114440918,9.630000114440918,555400,718,0,-0.925927470323018,34.09094357289314
2018-03-27,9.680000305175781,9.699999809265137,9.479999542236328,9.529999732971191,9.529999732971191,573800,719,1,-1.5495926392108283,25.00002838312679
2018-03-28,9.569999694824219,9.569999694824219,9.270000457763672,9.289999961853027,9.289999961853027,793900,720,2,-2.9258071253923323,23.463720189051088
2018-03-29,9.319999694824219,9.470000267028809,9.210000038146973,9.369999885559082,9.369999885559082,711500,721,3,0.5364827507733816,24.309403327003608
2018-04-02,9.319999694824219,9.449999809265137,9.020000457763672,9.09000015258789,9.09000015258789,892000,722,0,-2.4678063279772067,23.655934928669282
2018-04-03,9.170000076293945,9.350000381469727,8.710000038146973,9.010000228881836,9.010000228881836,919800,723,1,-1.7448183869238632,24.043733502875355
2018-04-04,8.930000305175781,9.130000114440918,8.75,9.109999656677246,9.109999656677246,504400,724,2,2.015670160695726,24.04369391951822
2018-04-05,9.170000076293945,9.289999961853027,9.069999694824219,9.220000267028809,9.220000267028809,395500,725,3,0.5452583458981808,31.2500067732542
2018-04-06,9.100000381469727,9.229999542236328,8.630000114440918,8.850000381469727,8.850000381469727,1511000,726,4,-2.7472526320886037,17.708340576953077
2018-04-09,8.890000343322754,9.020000457763672,8.84000015258789,8.890000343322754,8.890000343322754,547200,727,0,0.0,20.430117450653754
2018-04-10,8.989999771118164,9.149999618530273,8.859999656677246,9.0600004196167,9.0600004196167,491000,728,1,0.7786501699746928,27.638203718275946
2018-04-11,9.020000457763672,9.199999809265137,9.010000228881836,9.149999618530273,9.149999618530273,263700,729,2,1.441232307862128,30.434760574619062
2018-04-12,9.149999618530273,9.210000038146973,9.09000015258789,9.1899995803833,9.1899995803833,466900,730,3,0.43715807126396555,34.71500926497839
2018-04-13,9.25,9.300000190734863,9.170000076293945,9.25,9.25,370600,731,4,0.0,40.55554731392217
2018-04-16,9.279999732971191,9.3100004196167,9.15999984741211,9.239999771118164,9.239999771118164,337000,732,0,-0.43103408409496113,38.98303806239188
2018-04-17,9.270000457763672,9.34000015258789,9.220000267028809,9.329999923706055,9.329999923706055,424700,733,1,0.6472433978375047,44.3181848969354
2018-04-18,9.380000114440918,9.520000457763672,9.319999694824219,9.399999618530273,9.399999618530273,346500,734,2,0.2132143267095099,53.45911044333882
2018-04-19,9.420000076293945,9.65999984741211,9.25,9.449999809265137,9.449999809265137,387000,735,3,0.3184685002995735,52.56410099658999
2018-04-20,9.40999984741211,9.460000038146973,9.270000457763672,9.289999961853027,9.289999961853027,340900,736,4,-1.2752379118484702,56.94443984531928
2018-04-23,9.300000190734863,9.300000190734863,9.170000076293945,9.239999771118164,9.239999771118164,283300,737,0,-0.645165789098312,58.15601301867037
2018-04-24,9.3100004196167,9.319999694824219,9.039999961853027,9.0600004196167,9.0600004196167,387500,738,1,-2.685284519141762,48.32217299526747
2018-04-25,9.079999923706055,9.220000267028809,8.920000076293945,9.010000228881836,9.010000228881836,479900,739,2,-0.7709217556430059,42.6573379936684
2018-04-26,9.0600004196167,9.289999961853027,8.989999771118164,9.260000228881836,9.260000228881836,376300,740,3,2.207503311281278,65.64885551755417
2018-04-27,9.239999771118164,9.289999961853027,9.0,9.0600004196167,9.0600004196167,339700,741,4,-1.9480449779240905,55.78231822115653
2018-04-30,9.079999923706055,9.180000305175781,8.949999809265137,9.020000457763672,9.020000457763672,376300,742,0,-0.660787075402236,48.50746321768484
2018-05-01,9.0,9.050000190734863,8.739999771118164,8.970000267028809,8.970000267028809,577100,743,1,-0.33333036634657365,43.076949034918414
2018-05-02,8.949999809265137,9.109999656677246,8.949999809265137,9.039999961853027,9.039999961853027,483900,744,2,1.00558831850166,44.360916273126605
2018-05-03,8.510000228881836,9.25,8.5,9.25,9.25,724400,745,3,8.69564925047477,50.0
2018-05-04,9.180000305175781,9.430000305175781,9.119999885559082,9.300000190734863,9.300000190734863,473900,746,4,1.3071882523949974,51.97369865764022
2018-05-07,9.279999732971191,9.670000076293945,9.279999732971191,9.390000343322754,9.390000343322754,623000,747,0,1.1853514387585307,51.97369865764022
2018-05-08,9.380000114440918,9.470000267028809,9.279999732971191,9.460000038146973,9.460000038146973,420000,748,1,0.8528776410449135,51.97369865764022
2018-05-09,9.5,9.630000114440918,9.279999732971191,9.399999618530273,9.399999618530273,701400,749,2,-1.052635594418172,48.366006553551316
2018-05-10,9.390000343322754,9.699999809265137,9.390000343322754,9.609999656677246,9.609999656677246,509600,750,3,2.3429105996884747,60.12657311000453
2018-05-11,9.619999885559082,9.699999809265137,9.510000228881836,9.609999656677246,9.609999656677246,411800,751,4,-0.10395248441580351,62.09150163838783
2018-05-14,9.609999656677246,9.649999618530273,9.40999984741211,9.40999984741211,9.40999984741211,342800,752,0,-2.0811635422502084,61.290302733107204
2018-05-15,9.390000343322754,9.699999809265137,9.210000038146973,9.34000015258789,9.34000015258789,396000,753,1,-0.5324833749385194,60.50955375322548
2018-05-16,9.34000015258789,9.430000305175781,9.3100004196167,9.430000305175781,9.430000305175781,363600,754,2,0.9635990483678247,56.02837215216586
2018-05-17,9.430000305175781,9.569999694824219,9.399999618530273,9.470000267028809,9.470000267028809,302100,755,3,0.4241777365698862,66.39999389648438
2018-05-18,9.5,9.630000114440918,9.449999809265137,9.529999732971191,9.529999732971191,399000,756,4,0.31578666285465573,70.07871946269817
2018-05-21,9.569999694824219,9.6899995803833,9.479999542236328,9.670000076293945,9.670000076293945,273000,757,0,1.0449360988361356,75.73529360203582
2018-05-22,9.65999984741211,9.65999984741211,9.550000190734863,9.569999694824219,9.569999694824219,391700,758,1,-0.931678612934983,69.06473388719614
2018-05-23,9.539999961853027,9.59000015258789,9.279999732971191,9.350000381469727,9.350000381469727,701000,759,2,-1.9916098652310255,53.57144316848841
2018-05-24,9.359999656677246,9.550000190734863,9.300000190734863,9.520000457763672,9.520000457763672,346100,760,3,1.709410330718164,57.2368532501796
2018-05-25,9.539999961853027,9.680000305175781,9.479999542236328,9.520000457763672,9.520000457763672,361900,761,4,-0.20963840848350346,54.545460608231075
2018-05-29,9.449999809265137,9.529999732971191,9.34000015258789,9.479999542236328,9.479999542236328,249800,762,1,0.3174574981660738,50.71426771125751
2018-05-30,9.489999771118164,9.649999618530273,9.380000114440918,9.649999618530273,9.649999618530273,304300,763,2,1.6859836804111739,58.27814444058484
2018-05-31,9.649999618530273,9.699999809265137,9.420000076293945,9.65999984741211,9.65999984741211,707800,764,3,0.10362931893419525,51.908403615225296
2018-06-01,9.699999809265137,9.869999885559082,9.569999694824219,9.829999923706055,9.829999923706055,577100,765,4,1.3402073917233137,57.43243896325326
2018-06-04,9.850000381469727,9.989999771118164,9.850000381469727,9.930000305175781,9.930000305175781,546700,766,0,0.8121819351048387,68.84058171324003
2018-06-05,9.949999809265137,10.130000114440918,9.899999618530273,9.979999542236328,9.979999542236328,377700,767,1,0.3015048597614811,73.5293787656094
2018-06-06,9.979999542236328,10.079999923706055,9.899999618530273,9.920000076293945,9.920000076293945,477400,768,2,-0.6011970811066636,68.42104508370106
2018-06-07,9.930000305175781,9.970000267028809,9.800000190734863,9.850000381469727,9.850000381469727,346000,769,3,-0.8056386832572038,63.97059596946278
2018-06-08,9.829999923706055,9.960000038146973,9.59000015258789,9.699999809265137,9.699999809265137,547400,770,4,-1.3224833718198603,55.86206851192684
2018-06-11,9.6899995803833,9.829999923706055,9.529999732971191,9.699999809265137,9.699999809265137,1351800,771,0,0.10320154091729705,51.14502760922661
2018-06-12,9.739999771118164,10.100000381469727,9.729999542236328,9.949999809265137,9.949999809265137,697600,772,1,2.1560579371847854,63.01370220932367
2018-06-13,9.949999809265137,10.079999923706055,9.850000381469727,9.90999984741211,9.90999984741211,422900,773,2,-0.4020096745708579,71.87496740372737
2018-06-14,9.930000305175781,10.180000305175781,9.850000381469727,10.140000343322754,10.140000343322754,995700,774,3,2.1148039445428424,73.13430498906479
2018-06-15,10.140000343322754,10.329999923706055,10.140000343322754,10.319999694824219,10.319999694824219,629900,775,4,1.7751414734418214,76.3157564517303
2018-06-18,10.270000457763672,10.350000381469727,10.220000267028809,10.3100004196167,10.3100004196167,400200,776,0,0.38948354498649085,77.85240054097059
2018-06-19,10.289999961853027,10.359999656677246,10.15999984741211,10.289999961853027,10.289999961853027,398100,777,1,0.0,73.88062410192649
2018-06-20,10.350000381469727,10.4399995803833,10.119999885559082,10.170000076293945,10.170000076293945,645600,778,2,-1.7391333192416814,67.58622866891953
2018-06-21,10.239999771118164,10.239999771118164,9.960000038146973,10.09000015258789,10.09000015258789,457400,779,3,-1.464840057451433,59.55884106020636
2018-06-22,10.130000114440918,10.239999771118164,10.039999961853027,10.1899995803833,10.1899995803833,1244700,780,4,0.5922948199857281,59.558812701560456
2018-06-25,10.149999618530273,10.220000267028809,9.800000190734863,9.800000190734863,9.800000190734863,444100,781,0,-3.4482703541824367,44.70589489261894
2018-06-26,9.829999923706055,9.960000038146973,9.720000267028809,9.899999618530273,9.899999618530273,490000,782,1,0.7121026995677626,49.42527349659089
2018-06-27,9.930000305175781,10.079999923706055,9.760000228881836,9.779999732971191,9.779999732971191,644200,783,2,-1.51057973408526,48.04467249776099
2018-06-28,9.770000457763672,9.819999694824219,9.630000114440918,9.8100004196167,9.8100004196167,439800,784,3,0.4094161717386857,53.293435058705285
2018-06-29,9.869999885559082,10.180000305175781,9.819999694824219,10.100000381469727,10.100000381469727,878300,785,4,2.3302988710988792,60.2041059611027
2018-07-02,10.069999694824219,10.220000267028809,9.890000343322754,10.180000305175781,10.180000305175781,341500,786,0,1.092359619515193,56.42460184054015
2018-07-03,10.229999542236328,10.399999618530273,10.180000305175781,10.319999694824219,10.319999694824219,253500,787,1,0.8797669268342467,60.84657125874077
2018-07-05,10.369999885559082,10.609999656677246,10.270000457763672,10.609999656677246,10.609999656677246,328600,788,3,2.314366188686079,62.05128330529364
2018-07-06,10.59000015258789,10.800000190734863,10.470000267028809,10.640000343322754,10.640000343322754,305300,789,4,0.47214532591526304,58.88891537986739
2018-07-09,10.670000076293945,10.670000076293945,10.479999542236328,10.569999694824219,10.569999694824219,319100,790,0,-0.9372106912342248,56.9892291182459
2018-07-10,10.59000015258789,10.720000267028809,10.529999732971191,10.6899995803833,10.6899995803833,289700,791,1,0.9442816464074744,60.20407666766575
2018-07-11,10.6899995803833,10.699999809265137,10.420000076293945,10.5,10.5,483900,792,2,-1.7773581650270542,58.12808182624513
2018-07-12,10.520000457763672,10.609999656677246,10.380000114440918,10.479999542236328,10.479999542236328,358600,793,3,-0.3802368230680364,59.8984651163241
2018-07-13,10.489999771118164,10.579999923706055,10.350000381469727,10.399999618530273,10.399999618530273,289800,794,4,-0.8579614351916898,55.38461688942707
2018-07-16,10.380000114440918,10.390000343322754,10.15999984741211,10.270000457763672,10.270000457763672,307400,795,0,-1.0597269312570767,63.90533679665796
2018-07-17,10.229999542236328,10.319999694824219,10.109999656677246,10.199999809265137,10.199999809265137,420800,796,1,-0.29325253483475366,59.0361459626562
2018-07-18,10.229999542236328,10.229999542236328,9.899999618530273,10.0,10.0,849100,797,2,-2.2482849709497543,56.321844120353646
2018-07-19,9.989999771118164,10.140000343322754,9.90999984741211,10.109999656677246,10.109999656677246,593700,798,3,1.2012000831672864,58.24173866384966
2018-07-20,10.100000381469727,10.170000076293945,10.029999732971191,10.119999885559082,10.119999885559082,372300,799,4,0.19801488449493476,50.6493345644402
2018-07-23,10.130000114440918,10.350000381469727,9.90999984741211,9.989999771118164,9.989999771118164,710300,800,0,-1.3820369372274266,44.025141011830364
2018-07-24,10.050000190734863,10.050000190734863,9.770000457763672,9.829999923706055,9.829999923706055,591700,801,1,-2.189057341826006,34.782621572697195
2018-07-25,9.819999694824219,9.819999694824219,9.489999771118164,9.579999923706055,9.579999923706055,767900,802,2,-2.4439895985400084,17.197474282694458
2018-07-26,9.59000015258789,9.8100004196167,9.529999732971191,9.75,9.75,451400,803,3,1.66840297045181,23.976598728991974
2018-07-27,9.75,9.789999961853027,9.520000457763672,9.609999656677246,9.609999656677246,355100,804,4,-1.4359009571564552,23.03370274824333
2018-07-30,9.59000015258789,9.670000076293945,9.420000076293945,9.520000457763672,9.520000457763672,319200,805,0,-0.7299238134561348,16.571435422317194
2018-07-31,9.510000228881836,9.630000114440918,9.470000267028809,9.5600004196167,9.5600004196167,472100,806,1,0.5257643483857377,20.625002607704133
2018-08-01,9.5600004196167,9.5600004196167,9.34000015258789,9.479999542236328,9.479999542236328,747200,807,2,-0.8368292245700459,19.87951530360168
2018-08-02,9.510000228881836,10.420000076293945,9.489999771118164,10.350000381469727,10.350000381469727,1345500,808,3,8.832808962893758,48.979607724681706
2018-08-03,10.3100004196167,10.479999542236328,10.100000381469727,10.420000076293945,10.420000076293945,706300,809,4,1.06692194180662,53.138065630314536
2018-08-06,10.399999618530273,10.529999732971191,10.300000190734863,10.399999618530273,10.399999618530273,674600,810,0,0.0,54.27349817762706
2018-08-07,10.399999618530273,10.40999984741211,10.270000457763672,10.300000190734863,10.300000190734863,631100,811,1,-0.9615329948400753,56.696430662152046
2018-08-08,10.319999694824219,10.319999694824219,10.210000038146973,10.239999771118164,10.239999771118164,1219500,812,2,-0.7751930820906638,52.968037126211094
2018-08-09,10.25,10.989999771118164,10.239999771118164,10.670000076293945,10.670000076293945,2956500,813,3,4.097561719940934,60.53639580748945
2018-08-10,10.25,11.050000190734863,10.25,10.930000305175781,10.930000305175781,1912000,814,4,6.634149318788118,67.1532839093662
2018-08-13,10.979999542236328,11.130000114440918,10.75,10.75,10.75,674600,815,0,-2.094713586750141,66.66665514886984
2018-08-14,10.6899995803833,10.949999809265137,10.6899995803833,10.899999618530273,10.899999618530273,506400,816,1,1.9644531935467446,74.81200797070429
2018-08-15,10.880000114440918,10.930000305175781,10.720000267028809,10.869999885559082,10.869999885559082,609900,817,2,-0.09191386743243601,72.22220750503422
2018-08-16,10.880000114440918,10.989999771118164,10.859999656677246,10.970000267028809,10.970000267028809,433900,818,3,0.827207276114228,77.41935111729802
2018-08-17,10.949999809265137,11.0600004196167,10.880000114440918,10.949999809265137,10.949999809265137,505000,819,4,0.0,79.66800299635428
2018-08-20,11.0,11.029999732971191,10.8100004196167,10.829999923706055,10.829999923706055,475600,820,0,-1.5454552390358645,75.5019711163378
2018-08-21,10.880000114440918,10.949999809265137,10.770000457763672,10.930000305175781,10.930000305175781,362600,821,1,0.4595605717733209,78.88445276618509
2018-08-22,10.880000114440918,10.970000267028809,10.770000457763672,10.970000267028809,10.970000267028809,387700,822,2,0.827207276114228,68.45236371975847
2018-08-23,10.949999809265137,11.15999984741211,10.869999885559082,10.9399995803833,10.9399995803833,752100,823,3,-0.09132629274910542,65.85362166047264
2018-08-24,10.979999542236328,11.109999656677246,10.920000076293945,11.0,11.0,426400,824,4,0.1821535391393958,67.85713069294566
2018-08-27,11.039999961853027,11.180000305175781,10.930000305175781,11.100000381469727,11.100000381469727,598000,825,0,0.5434820636233795,73.80948461379953
2018-08-28,11.109999656677246,11.109999656677246,10.920000076293945,10.9399995803833,10.9399995803833,576100,826,1,-1.5301537493007333,69.66287680106126
2018-08-29,10.930000305175781,10.949999809265137,10.75,10.859999656677246,10.859999656677246,580000,827,2,-0.6404450735960854,56.643327262287194
2018-08-30,10.869999885559082,10.880000114440918,10.729999542236328,10.789999961853027,10.789999961853027,259600,828,3,-0.7359698670497239,44.35483684897445
2018-08-31,10.739999771118164,10.8100004196167,10.710000038146973,10.789999961853027,10.789999961853027,294800,829,4,0.4655511340821761,51.88678651147601
2018-09-04,10.789999961853027,10.819999694824219,10.649999618530273,10.75,10.75,324200,830,1,-0.3707132714962258,42.105305425889675
2018-09-05,10.770000457763672,10.869999885559082,10.579999923706055,10.859999656677246,10.859999656677246,493600,831,2,0.8356471224538975,49.51455321859642
2018-09-06,10.899999618530273,10.970000267028809,10.619999885559082,10.729999542236328,10.729999542236328,584600,832,3,-1.5596337820502404,38.679235946605154
2018-09-07,10.710000038146973,10.920000076293945,10.609999656677246,10.819999694824219,10.819999694824219,774300,833,4,1.027074288379537,44.24779283867826
2018-09-10,10.890000343322754,10.899999618530273,10.770000457763672,10.890000343322754,10.890000343322754,251400,834,0,0.0,52.77779004207636
2018-09-11,10.899999618530273,11.0,10.800000190734863,10.90999984741211,10.90999984741211,359200,835,1,0.09174522231023552,48.999979019205064
2018-09-12,10.920000076293945,10.979999542236328,10.75,10.960000038146973,10.960000038146973,454300,836,2,0.3663000144099149,49.50494021135645
2018-09-13,11.0,11.079999923706055,10.880000114440918,11.0600004196167,11.0600004196167,349400,837,3,0.545458360151807,55.555584989898136
2018-09-14,11.020000457763672,11.09000015258789,10.989999771118164,11.069999694824219,11.069999694824219,320700,838,4,0.45371356609447133,53.398041172777894
2018-09-17,11.069999694824219,11.079999923706055,10.880000114440918,10.960000038146973,10.960000038146973,389500,839,0,-0.9936735294462262,43.26921401644538
2018-09-18,10.960000038146973,11.149999618530273,10.899999618530273,11.069999694824219,11.069999694824219,1350100,840,1,1.0036464990363703,56.565670188201594
2018-09-19,11.09000015258789,11.25,10.899999618530273,10.930000305175781,10.930000305175781,537100,841,2,-1.442739812539795,53.33336966384288
2018-09-20,10.949999809265137,11.020000457763672,10.84000015258789,11.010000228881836,11.010000228881836,374200,842,3,0.547949047139995,60.37738565114005
2018-09-21,11.050000190734863,11.079999923706055,10.880000114440918,10.989999771118164,10.989999771118164,536700,843,4,-0.5429902134029607,59.25925925925927
2018-09-24,10.899999618530273,10.960000038146973,10.699999809265137,10.850000381469727,10.850000381469727,435600,844,0,-0.4587086129392737,54.23731005287243
2018-09-25,10.869999885559082,11.010000228881836,10.710000038146973,10.970000267028809,10.970000267028809,407400,845,1,0.9199667205386008,54.62187971828909
2018-09-26,10.989999771118164,11.130000114440918,10.649999618530273,10.6899995803833,10.6899995803833,570700,846,2,-2.729756114492987,48.50746321768484
2018-09-27,10.699999809265137,10.739999771118164,10.529999732971191,10.739999771118164,10.739999771118164,445500,847,3,0.37383142585096785,46.92307805168624
2018-09-28,10.699999809265137,10.859999656677246,10.600000381469727,10.859999656677246,10.859999656677246,477400,848,4,1.4953257034038936,48.88886220167621
2018-10-01,10.890000343322754,10.90999984741211,10.8100004196167,10.880000114440918,10.880000114440918,599800,849,0,-0.09182946342116693,48.88889830789848
2018-10-02,10.850000381469727,10.949999809265137,10.710000038146973,10.720000267028809,10.720000267028809,458300,850,1,-1.1981576946572314,41.780824602199985
2018-10-03,10.789999961853027,10.800000190734863,10.529999732971191,10.720000267028809,10.720000267028809,565400,851,2,-0.6487460154930069,37.4999824692054
2018-10-04,10.680000305175781,10.710000038146973,10.5,10.520000457763672,10.520000457763672,405800,852,3,-1.49812586929019,32.25808039416917
2018-10-05,10.5600004196167,10.600000381469727,9.819999694824219,10.100000381469727,10.100000381469727,635900,853,4,-4.356060794206574,26.88172539199354
2018-10-08,10.09000015258789,10.09000015258789,9.59000015258789,9.75,9.75,504800,854,0,-3.36967440481839,18.571441546586982
2018-10-09,9.75,9.84000015258789,9.600000381469727,9.770000457763672,9.770000457763672,785800,855,1,0.20513290014021468,20.70709600603415
2018-10-10,9.779999732971191,9.850000381469727,9.649999618530273,9.670000076293945,9.670000076293945,723400,856,2,-1.124740896529941,16.500028133365504
2018-10-11,9.649999618530273,9.739999771118164,9.5,9.569999694824219,9.569999694824219,945600,857,3,-0.8290147862020203,15.865412830576233
2018-10-12,9.630000114440918,9.869999885559082,9.5600004196167,9.65999984741211,9.65999984741211,677200,858,4,0.311523703163874,20.689679471881206
2018-10-15,9.649999618530273,9.770000457763672,9.40999984741211,9.420000076293945,9.420000076293945,417400,859,0,-2.3834150396718656,13.953525508097115
2018-10-16,9.470000267028809,9.729999542236328,9.319999694824219,9.710000038146973,9.710000038146973,365700,860,1,2.534316413419324,27.314843840372703
2018-10-17,9.699999809265137,9.899999618530273,9.550000190734863,9.880000114440918,9.880000114440918,463600,861,2,1.8556732857236913,31.140371974543612
2018-10-18,9.880000114440918,9.890000343322754,9.569999694824219,9.670000076293945,9.670000076293945,646600,862,3,-2.125506434357527,24.894542612912744
2018-10-19,9.65999984741211,9.8100004196167,9.420000076293945,9.470000267028809,9.470000267028809,452800,863,4,-1.9668693932143433,22.352956576048953
2018-10-22,9.460000038146973,9.649999618530273,9.319999694824219,9.460000038146973,9.460000038146973,349500,864,0,0.0,23.75001192092138
2018-10-23,9.369999885559082,9.399999618530273,9.119999885559082,9.329999923706055,9.329999923706055,410100,865,1,-0.4268939417456652,22.529655294076406
2018-10-24,9.3100004196167,9.369999885559082,8.9399995803833,8.949999809265137,8.949999809265137,425800,866,2,-3.866816263434536,21.0332191622945
2018-10-25,8.989999771118164,9.149999618530273,8.760000228881836,8.800000190734863,8.800000190734863,671800,867,3,-2.1134547855463315,23.36066807190231
2018-10-26,8.729999542236328,8.850000381469727,8.449999809265137,8.539999961853027,8.539999961853027,619800,868,4,-2.1763985148460785,24.255332964038388
2018-10-29,8.630000114440918,8.869999885559082,8.449999809265137,8.529999732971191,8.529999732971191,670800,869,0,-1.158752956473219,23.504270543418855
2018-10-30,8.529999732971191,8.850000381469727,8.430000305175781,8.680000305175781,8.680000305175781,596100,870,1,1.758506177025887,29.28871895672077
2018-10-31,9.180000305175781,9.9399995803833,8.75,9.529999732971191,9.529999732971191,1366800,871,2,3.812629805666523,49.363058001918894
2018-11-01,9.520000457763672,9.899999618530273,9.430000305175781,9.739999771118164,9.739999771118164,1261400,872,3,2.310917045965888,51.22699260873203
2018-11-02,9.84000015258789,10.109999656677246,9.800000190734863,10.069999694824219,10.069999694824219,1240400,873,4,2.3373936856681654,59.70148573901211
2018-11-05,10.0600004196167,10.289999961853027,9.979999542236328,10.279999732971191,10.279999732971191,1170700,874,0,2.186871810914637,58.71559044389305
2018-11-06,10.300000190734863,10.369999885559082,10.170000076293945,10.350000381469727,10.350000381469727,422200,875,1,0.48543873600934706,57.41325101451961
2018-11-07,10.319999694824219,10.34000015258789,10.050000190734863,10.34000015258789,10.34000015258789,513000,876,2,0.1938028910378975,61.279457927888124
2018-11-08,10.25,10.470000267028809,10.180000305175781,10.300000190734863,10.300000190734863,502900,877,3,0.4878067388767171,64.7686746987952
2018-11-09,10.239999771118164,10.239999771118164,9.75,10.039999961853027,10.039999961853027,570600,878,4,-1.953123181010552,59.47711868315712
2018-11-12,10.0,10.0,9.510000228881836,9.5600004196167,9.5600004196167,527700,879,0,-4.399995803833012,53.37244049674954
2018-11-13,9.619999885559082,9.720000267028809,9.199999809265137,9.390000343322754,9.390000343322754,683900,880,1,-2.3908476608361373,56.87500670552094
2018-11-14,9.489999771118164,9.569999694824219,9.229999542236328,9.350000381469727,9.350000381469727,586100,881,2,-1.475230695732066,58.89967627552352
2018-11-15,9.3100004196167,9.579999923706055,9.25,9.569999694824219,9.569999694824219,798500,882,3,2.792688114811326,66.88524046818215
2018-11-16,9.430000305175781,9.5,9.270000457763672,9.319999694824219,9.319999694824219,737200,883,4,-1.1664963604633982,62.006078586822774
2018-11-19,9.319999694824219,9.40999984741211,9.020000457763672,9.029999732971191,9.029999732971191,499600,884,0,-3.111587675416727,55.102033439776015
2018-11-20,8.9399995803833,9.149999618530273,8.739999771118164,9.109999656677246,9.109999656677246,496100,885,1,1.9015669381793998,42.10526127092527
2018-11-21,9.100000381469727,9.300000190734863,9.09000015258789,9.25,9.25,248400,886,2,1.648347387278326,40.54054551640541
2018-11-23,9.1899995803833,9.550000190734863,9.069999694824219,9.449999809265137,9.449999809265137,164800,887,4,2.829164752486224,37.39837650518686
2018-11-26,9.5600004196167,9.680000305175781,9.420000076293945,9.65999984741211,9.65999984741211,570500,888,0,1.0460190732859864,37.39837650518686
2018-11-27,9.619999885559082,9.819999694824219,9.539999961853027,9.550000190734863,9.550000190734863,418800,889,1,-0.7276475640015101,33.999990081783324
2018-11-28,9.630000114440918,9.829999923706055,9.359999656677246,9.779999732971191,9.779999732971191,358300,890,2,1.5576284189793288,39.705868431432705
2018-11-29,9.710000038146973,9.760000228881836,9.529999732971191,9.569999694824219,9.569999694824219,210400,891,3,-1.4418160944669856,37.37022679971476
2018-11-30,9.5600004196167,9.680000305175781,9.430000305175781,9.479999542236328,9.479999542236328,1441100,892,4,-0.8368292245700459,39.705868431432705
2018-12-03,9.579999923706055,9.890000343322754,9.489999771118164,9.880000114440918,9.880000114440918,430100,893,0,3.131526024259168,56.06060168193509
2018-12-04,9.829999923706055,9.930000305175781,9.460000038146973,9.510000228881836,9.510000228881836,646600,894,1,-3.2553377142201856,52.11267463746094
2018-12-06,9.40999984741211,9.5,9.180000305175781,9.260000228881836,9.260000228881836,463400,895,3,-1.5940448561380771,48.524587293427835
2018-12-07,9.25,9.430000305175781,8.979999542236328,9.079999923706055,9.079999923706055,414200,896,4,-1.8378386626372478,41.8604695372367
2018-12-10,9.069999694824219,9.1899995803833,8.859999656677246,9.09000015258789,9.09000015258789,280500,897,0,0.22051222091092892,45.848384400231915
2018-12-11,9.220000267028809,9.279999732971191,8.960000038146973,9.050000190734863,9.050000190734863,483400,898,1,-1.843818561501287,50.396834407352074
2018-12-12,9.130000114440918,9.789999961853027,9.020000457763672,9.050000190734863,9.050000190734863,362000,899,2,-0.8762313549100509,48.770503016189785
2018-12-13,9.069999694824219,9.329999923706055,8.760000228881836,8.779999732971191,8.779999732971191,401200,900,3,-3.1973536009986314,40.85602824062719
2018-12-14,8.739999771118164,8.779999732971191,8.539999961853027,8.579999923706055,8.579999923706055,659200,901,4,-1.8306619176448713,33.07393645858883
2018-12-17,8.59000015258789,8.640000343322754,8.029999732971191,8.079999923706055,8.079999923706055,456300,902,0,-5.937138763940409,22.377629606312652
2018-12-18,8.130000114440918,8.369999885559082,8.029999732971191,8.329999923706055,8.329999923706055,379300,903,1,2.4600222195555244,29.66666867997847
2018-12-19,8.279999732971191,8.550000190734863,8.239999771118164,8.359999656677246,8.359999656677246,587700,904,2,0.9661826846140142,24.64286614437124
2018-12-20,8.3100004196167,8.40999984741211,7.940000057220459,8.109999656677246,8.109999656677246,594600,905,3,-2.406747928283237,24.295783988821867
2018-12-21,8.130000114440918,8.3100004196167,7.710000038146973,7.880000114440918,7.880000114440918,955600,906,4,-3.0750307070222194,23.15437648431542
2018-12-24,7.769999980926514,7.889999866485596,7.619999885559082,7.670000076293945,7.670000076293945,219000,907,0,-1.2870000627804856,10.39426400781808
2018-12-26,7.679999828338623,8.170000076293945,7.619999885559082,8.15999984741211,8.15999984741211,458400,908,2,6.25000038805108,26.804115940585106
2018-12-27,8.050000190734863,8.619999885559082,7.880000114440918,8.170000076293945,8.170000076293945,328700,909,3,1.490681772867486,29.58801270708483
2018-12-28,8.180000305175781,8.420000076293945,7.980000019073486,8.220000267028809,8.220000267028809,285800,910,4,0.488997070424535,33.070872645804215
2018-12-31,8.289999961853027,8.319999694824219,8.09000015258789,8.260000228881836,8.260000228881836,465500,911,0,-0.3618785658532797,33.85213964465423
2019-01-02,8.15999984741211,8.529999732971191,8.109999656677246,8.510000228881836,8.510000228881836,270800,912,2,4.2892204413548685,40.28776953737528
2019-01-03,8.460000038146973,8.720000267028809,8.279999732971191,8.289999961853027,8.289999961853027,687700,913,3,-2.0094571575342557,37.33332951863608
2019-01-04,8.420000076293945,8.739999771118164,8.420000076293945,8.529999732971191,8.529999732971191,328200,914,4,1.3064092123578952,45.791244818207794
2019-01-07,8.529999732971191,8.8100004196167,8.489999771118164,8.65999984741211,8.65999984741211,359800,915,0,1.5240342146603636,51.37930921085084
2019-01-08,8.729999542236328,8.880000114440918,8.670000076293945,8.729999542236328,8.729999542236328,319600,916,1,0.0,63.15789067259927
2019-01-09,8.739999771118164,8.819999694824219,8.59000015258789,8.739999771118164,8.739999771118164,379500,917,2,0.0,59.192823577913074
2019-01-10,8.710000038146973,8.869999885559082,8.600000381469727,8.800000190734863,8.800000190734863,197000,918,3,1.0332968104904694,59.73452410390492
2019-01-11,8.739999771118164,8.850000381469727,8.579999923706055,8.75,8.75,555800,919,4,0.11441909775424808,65.5339857513679
2019-01-14,8.699999809265137,8.779999732971191,8.489999771118164,8.609999656677246,8.609999656677246,270800,920,0,-1.034484535184066,68.52789568261738
2019-01-15,8.619999885559082,8.670000076293945,8.4399995803833,8.5,8.5,394900,921,1,-1.3921100597706015,72.19250136931251
2019-01-16,8.489999771118164,8.609999656677246,8.470000267028809,8.5,8.5,319200,922,2,0.11778832922770821,62.31883657351994
2019-01-17,8.479999542236328,8.59000015258789,8.4399995803833,8.460000038146973,8.460000038146973,234600,923,3,-0.23584322133207714,60.283680747896675
2019-01-18,8.489999771118164,8.510000228881836,8.390000343322754,8.5,8.5,451600,924,4,0.11778832922770821,59.99998637608676
2019-01-22,8.449999809265137,8.489999771118164,8.0,8.130000114440918,8.130000114440918,304200,925,1,-3.786978722453338,46.242772335955664
2019-01-23,8.140000343322754,8.279999732971191,8.010000228881836,8.069999694824219,8.069999694824219,507700,926,2,-0.8599587904926431,35.71427686759044
2019-01-24,8.069999694824219,8.100000381469727,7.909999847412109,8.100000381469727,8.100000381469727,275000,927,3,0.3717557345726874,42.96298546389852
2019-01-25,8.100000381469727,8.319999694824219,8.100000381469727,8.229999542236328,8.229999542236328,312100,928,4,1.6049278351146556,37.90322518621634
2019-01-28,8.149999618530273,8.300000190734863,8.069999694824219,8.239999771118164,8.239999771118164,226000,929,0,1.1042964024594815,31.250010643678593
2019-01-29,8.25,8.25,8.039999961853027,8.0600004196167,8.0600004196167,312000,930,1,-2.303025216767285,22.76427428902832
2019-01-30,8.09000015258789,8.109999656677246,7.860000133514404,8.0600004196167,8.0600004196167,705800,931,2,-0.37082487522073215,22.13118021861024
2019-01-31,8.069999694824219,8.229999542236328,8.069999694824219,8.140000343322754,8.140000343322754,309500,932,3,0.867418229810224,23.387098014665057
2019-02-01,8.180000305175781,8.319999694824219,8.149999618530273,8.25,8.25,325900,933,4,0.8557419585904835,30.76921948313756
2019-02-04,8.279999732971191,8.329999923706055,8.199999809265137,8.319999694824219,8.319999694824219,192900,934,0,0.4830913423070182,38.21137013693383
2019-02-05,8.319999694824219,8.4399995803833,8.25,8.350000381469727,8.350000381469727,181900,935,1,0.3605851892539258,43.47827529186589
2019-02-06,8.350000381469727,8.460000038146973,8.279999732971191,8.449999809265137,8.449999809265137,188300,936,2,1.1975978829573242,47.999990844719576
2019-02-07,8.390000343322754,8.460000038146973,8.279999732971191,8.399999618530273,8.399999618530273,137400,937,3,0.11918086767990221,47.61902959798063
2019-02-08,8.369999885559082,8.550000190734863,8.25,8.520000457763672,8.520000457763672,252200,938,4,1.792121556218751,50.74628565246974
2019-02-11,8.520000457763672,8.569999694824219,8.420000076293945,8.470000267028809,8.470000267028809,177600,939,0,-0.5868566672352915,66.66666666666666
2019-02-12,8.520000457763672,8.720000267028809,8.470000267028809,8.710000038146973,8.710000038146973,352900,940,1,2.2300419034621877,76.66668521033688
2019-02-13,8.710000038146973,8.890000343322754,8.6899995803833,8.84000015258789,8.84000015258789,302900,941,2,1.4925386207986113,78.46154636180371
2019-02-14,8.800000190734863,8.9399995803833,8.729999542236328,8.850000381469727,8.850000381469727,484000,942,3,0.5681839733084004,76.27121520706042
2019-02-15,8.90999984741211,9.220000267028809,8.84000015258789,9.170000076293945,9.170000076293945,336400,943,4,2.9180722035293094,81.20806872600613
2019-02-19,9.149999618530273,9.3100004196167,9.050000190734863,9.25,9.25,399300,944,1,1.0929003894951883,92.80572972876548
2019-02-20,9.260000228881836,9.350000381469727,9.109999656677246,9.319999694824219,9.319999694824219,327600,945,2,0.6479423807706386,93.1506589824034
2019-02-21,9.289999961853027,9.3100004196167,9.140000343322754,9.25,9.25,451400,946,3,-0.43057009706433114,88.27585526510505
2019-02-22,9.289999961853027,9.289999961853027,9.100000381469727,9.1899995803833,9.1899995803833,529200,947,4,-1.076430375461268,83.57139986389711
2019-02-25,9.239999771118164,9.270000457763672,8.890000343322754,8.890000343322754,8.890000343322754,497800,948,0,-3.7878726890169134,67.48468124169557
2019-02-26,8.930000305175781,9.039999961853027,8.6899995803833,9.0,9.0,630200,949,1,0.7838711358570505,69.00584697478729
2019-02-27,9.0,9.109999656677246,8.899999618530273,9.050000190734863,9.050000190734863,789200,950,2,0.5555576748318192,68.07230230789206
2019-02-28,8.0,8.0,6.889999866485596,7.050000190734863,7.050000190734863,5202100,951,3,-11.874997615814209,31.301945205197185
2019-03-01,7.210000038146973,7.429999828338623,7.0,7.25,7.25,1889800,952,4,0.5547844887849429,32.79131530603911
2019-03-04,7.300000190734863,7.53000020980835,7.090000152587891,7.53000020980835,7.53000020980835,1081200,953,0,3.1506851104661893,38.010199209739454
2019-03-05,7.53000020980835,7.679999828338623,7.46999979019165,7.480000019073486,7.480000019073486,603600,954,1,-0.664013138668107,33.51205995621534
2019-03-06,7.5,7.539999961853027,7.260000228881836,7.28000020980835,7.28000020980835,562300,955,2,-2.9333305358886674,29.473678266570886
2019-03-07,7.28000020980835,7.380000114440918,7.079999923706055,7.150000095367432,7.150000095367432,923200,956,3,-1.785715806240895,28.316315390423327
2019-03-08,7.110000133514404,7.170000076293945,6.940000057220459,6.989999771118164,6.989999771118164,625000,957,4,-1.6877687783801054,21.010628651577818
2019-03-11,6.980000019073486,7.079999923706055,6.800000190734863,7.010000228881836,7.010000228881836,971100,958,0,0.4298024316099047,19.729731262296283
2019-03-12,7.019999980926514,7.099999904632568,6.880000114440918,6.960000038146973,6.960000038146973,361700,959,1,-0.8547000419168338,17.934789932517177
2019-03-13,6.960000038146973,7.070000171661377,6.920000076293945,6.920000076293945,6.920000076293945,381900,960,2,-0.5747120924395444,18.082197829646617
2019-03-14,6.920000076293945,7.010000228881836,6.800000190734863,6.800000190734863,6.800000190734863,439300,961,3,-1.7341023733535632,17.789765969353383
2019-03-15,6.800000190734863,6.820000171661377,6.699999809265137,6.739999771118164,6.739999771118164,1033700,962,4,-0.8823590872607756,19.02017556395937
2019-03-18,6.75,6.909999847412109,6.739999771118164,6.809999942779541,6.809999942779541,511400,963,0,0.8888880411783928,18.075817069788485
2019-03-19,6.829999923706055,6.900000095367432,6.75,6.800000190734863,6.800000190734863,506300,964,1,-0.4392347482620962,16.81417198876747
2019-03-20,6.820000171661377,7.090000152587891,6.820000171661377,6.960000038146973,6.960000038146973,600900,965,2,2.0527839143952953,47.09677141489478
2019-03-21,6.920000076293945,7.119999885559082,6.860000133514404,6.909999847412109,6.909999847412109,322200,966,3,-0.14451197646795366,37.857150642230835
2019-03-22,6.900000095367432,7.010000228881836,6.519999980926514,6.630000114440918,6.630000114440918,551500,967,4,-3.9130431477499283,17.857163536289832
2019-03-25,6.639999866485596,6.659999847412109,6.5,6.590000152587891,6.590000152587891,326000,968,0,-0.7530077545644387,17.9856352033229
2019-03-26,6.650000095367432,6.679999828338623,6.510000228881836,6.610000133514404,6.610000133514404,363000,969,1,-0.6015031771336776,22.31406912793254
2019-03-27,6.610000133514404,6.730000019073486,6.539999961853027,6.679999828338623,6.679999828338623,377000,970,2,1.0589968745885914,29.56521594907548
2019-03-28,6.679999828338623,6.869999885559082,6.619999885559082,6.75,6.75,316900,971,3,1.04790678832678,38.67926056081426
2019-03-29,6.789999961853027,6.820000171661377,6.679999828338623,6.78000020980835,6.78000020980835,329300,972,4,-0.14727175406270554,39.25233728157408
2019-04-01,6.849999904632568,6.849999904632568,6.630000114440918,6.650000095367432,6.650000095367432,320800,973,0,-2.919705285395402,36.52174273600846
2019-04-02,6.659999847412109,6.730000019073486,6.420000076293945,6.579999923706055,6.579999923706055,481500,974,1,-1.2012000831672753,35.59321759932757
2019-04-03,6.619999885559082,6.71999979019165,6.539999961853027,6.599999904632568,6.599999904632568,278000,975,2,-0.3021145207289466,40.74073092928022
2019-04-04,6.610000133514404,6.71999979019165,6.570000171661377,6.679999828338623,6.679999828338623,227900,976,3,1.0589968745885914,47.27272963720926
2019-04-05,6.710000038146973,6.78000020980835,6.670000076293945,6.71999979019165,6.71999979019165,534600,977,4,0.14902760041473062,45.79438419360129
2019-04-08,6.539999961853027,6.599999904632568,6.190000057220459,6.550000190734863,6.550000190734863,2888000,978,0,0.1529086993909079,39.83739459181174
2019-04-09,6.570000171661377,6.610000133514404,6.380000114440918,6.460000038146973,6.460000038146973,1052600,979,1,-1.6742790051798129,28.4482730271271
2019-04-10,6.480000019073486,6.599999904632568,6.460000038146973,6.559999942779541,6.559999942779541,629100,980,2,1.2345667202249944,35.53718877989938
2019-04-11,6.630000114440918,6.800000190734863,6.53000020980835,6.699999809265137,6.699999809265137,880300,981,3,1.0558023169826347,53.27101470976206
2019-04-12,6.75,7.21999979019165,6.739999771118164,7.050000190734863,7.050000190734863,1174900,982,4,4.4444472701461235,66.66666666666666
2019-04-15,7.050000190734863,7.139999866485596,6.980000019073486,7.03000020980835,7.03000020980835,560900,983,0,-0.2836876650414544,65.21739280667019
2019-04-16,7.059999942779541,7.170000076293945,6.980000019073486,7.139999866485596,7.139999866485596,481900,984,1,1.1331434044538957,66.19718357155043
2019-04-17,7.179999828338623,7.429999828338623,7.139999866485596,7.300000190734863,7.300000190734863,847600,985,2,1.6713142794601898,68.21192408500963
2019-04-18,7.289999961853027,7.420000076293945,7.230000019073486,7.329999923706055,7.329999923706055,881100,986,3,0.5486963245862508,68.21191404677236
2019-04-22,7.309999942779541,7.340000152587891,7.190000057220459,7.309999942779541,7.309999942779541,407000,987,0,0.0,73.57142954456589
2019-04-23,7.320000171661377,7.610000133514404,7.269999980926514,7.519999980926514,7.519999980926514,1877500,988,1,2.7322377674172005,80.51949258316708
2019-04-24,7.5,7.739999771118164,7.46999979019165,7.690000057220459,7.690000057220459,937100,989,2,2.533334096272788,82.24853323160805
2019-04-25,7.730000019073486,7.730000019073486,7.550000190734863,7.619999885559082,7.619999885559082,474700,990,3,-1.4230288905948685,77.9761950377709
2019-04-26,7.639999866485596,7.71999979019165,7.570000171661377,7.639999866485596,7.639999866485596,1638000,991,4,0.0,77.71084821869708
2019-04-29,7.679999828338623,7.800000190734863,7.550000190734863,7.559999942779541,7.559999942779541,479600,992,0,-1.5624985448084439,82.16559368193872
2019-04-30,7.599999904632568,7.599999904632568,7.150000095367432,7.239999771118164,7.239999771118164,1368400,993,1,-4.7368439214711895,71.66665695331818
2019-05-01,7.25,7.849999904632568,7.150000095367432,7.590000152587891,7.590000152587891,1696100,994,2,4.689657277074355,75.12194815595501
2019-05-02,7.639999866485596,7.880000114440918,7.630000114440918,7.75,7.75,1265900,995,3,1.43979234864835,75.36231550208633
2019-05-03,7.769999980926514,7.900000095367432,7.670000076293945,7.75,7.75,1092000,996,4,-0.2574000125560971,70.34882850554267
2019-05-06,7.650000095367432,7.909999847412109,7.639999866485596,7.789999961853027,7.789999961853027,990900,997,0,1.8300635913766072,71.83907022248287
2019-05-07,7.739999771118164,7.789999961853027,7.5,7.619999885559082,7.619999885559082,740100,998,1,-1.5503861641813277,63.3333289181761
2019-05-08,7.579999923706055,7.760000228881836,7.570000171661377,7.679999828338623,7.679999828338623,583100,999,2,1.319259968853359,61.17645804857512
2019-05-09,7.599999904632568,7.599999904632568,7.440000057220459,7.489999771118164,7.489999771118164,751000,1000,3,-1.4473701959832108,54.30106975561335
2019-05-10,7.480000019073486,7.510000228881836,7.309999942779541,7.420000076293945,7.420000076293945,770000,1001,4,-0.802138270408359,52.87958415812417
2019-05-13,7.309999942779541,7.340000152587891,7.099999904632568,7.170000076293945,7.170000076293945,530700,1002,0,-1.9151828670516013,41.025644787669336
2019-05-14,7.21999979019165,7.389999866485596,7.210000038146973,7.239999771118164,7.239999771118164,553500,1003,1,0.27700805412327334,37.83782947838394
2019-05-15,7.170000076293945,7.360000133514404,7.139999866485596,7.289999961853027,7.289999961853027,485000,1004,2,1.673638553447665,40.983608266011565
2019-05-16,7.289999961853027,7.329999923706055,7.150000095367432,7.179999828338623,7.179999828338623,503700,1005,3,-1.5089181631002813,38.02083281593192
2019-05-17,7.110000133514404,7.239999771118164,7.110000133514404,7.170000076293945,7.170000076293945,336300,1006,4,0.843881035904892,39.45946252459256
2019-05-20,7.150000095367432,7.170000076293945,7.079999923706055,7.119999885559082,7.119999885559082,302900,1007,0,-0.41958334836648126,46.2025350837483
2019-05-21,7.130000114440918,7.239999771118164,7.110000133514404,7.139999866485596,7.139999866485596,220400,1008,1,0.14024897453261964,31.99998168944613
2019-05-22,7.110000133514404,7.170000076293945,7.079999923706055,7.079999923706055,7.079999923706055,222000,1009,2,-0.4219438712376067,20.86955223732069
2019-05-23,7.050000190734863,7.059999942779541,6.789999961853027,6.829999923706055,6.829999923706055,507000,1010,3,-3.120571079103429,17.142845465209277
2019-05-24,6.900000095367432,6.940000057220459,6.829999923706055,6.889999866485596,6.889999866485596,308800,1011,4,-0.14493085135679484,18.309846857994827
2019-05-28,6.920000076293945,6.940000057220459,6.820000171661377,6.829999923706055,6.829999923706055,236300,1012,1,-1.3005802253703291,19.847317407693765
2019-05-29,6.829999923706055,7.010000228881836,6.710000038146973,6.960000038146973,6.960000038146973,681200,1013,2,1.9033691931635843,23.91304422942231
2019-05-30,6.96999979019165,7.039999961853027,6.929999828338623,7.03000020980835,7.03000020980835,285700,1014,3,0.8608381839714463,31.74604556217787
2019-05-31,6.989999771118164,6.989999771118164,6.659999847412109,6.679999828338623,6.679999828338623,617000,1015,4,-4.434906336627121,25.974024767658065
2019-06-03,6.650000095367432,6.699999809265137,6.53000020980835,6.679999828338623,6.679999828338623,646400,1016,0,0.4511237976085214,31.007748786006275
2019-06-04,6.739999771118164,6.829999923706055,6.619999885559082,6.829999923706055,6.829999923706055,371200,1017,1,1.3353138819611532,35.036511085586994
2019-06-05,6.849999904632568,6.929999828338623,6.690000057220459,6.809999942779541,6.809999942779541,416900,1018,2,-0.5839410570790848,32.08955994000395
2019-06-06,6.800000190734863,6.880000114440918,6.650000095367432,6.659999847412109,6.659999847412109,513900,1019,3,-2.0588285205272117,31.159429053399165
2019-06-07,6.690000057220459,6.860000133514404,6.670000076293945,6.829999923706055,6.829999923706055,619500,1020,4,2.0926736216466013,38.96104056952901
2019-06-10,6.849999904632568,6.980000019073486,6.789999961853027,6.900000095367432,6.900000095367432,552300,1021,0,0.7299298019120881,42.948728725356936
2019-06-11,6.940000057220459,6.980000019073486,6.820000171661377,6.860000133514404,6.860000133514404,368500,1022,1,-1.152736643320651,41.13925387701592
2019-06-12,6.840000152587891,7.010000228881836,6.840000152587891,6.949999809265137,6.949999809265137,458700,1023,2,1.6081820792888113,45.96273089571901
2019-06-13,6.96999979019165,7.210000038146973,6.920000076293945,7.210000038146973,7.210000038146973,653700,1024,3,3.443332212047645,61.72839251801678
2019-06-14,7.210000038146973,7.300000190734863,7.03000020980835,7.079999923706055,7.079999923706055,585100,1025,4,-1.8030528953274283,55.621300105609485
2019-06-17,7.070000171661377,7.139999866485596,7.039999961853027,7.110000133514404,7.110000133514404,217100,1026,0,0.565770309502378,58.43373476671622
2019-06-18,7.119999885559082,7.329999923706055,7.119999885559082,7.289999961853027,7.289999961853027,473800,1027,1,2.3876415593593325,59.64911497959361
2019-06-19,7.28000020980835,7.340000152587891,7.179999828338623,7.329999923706055,7.329999923706055,1025100,1028,2,0.6868092370428736,58.92855875752189
2019-06-20,7.380000114440918,7.460000038146973,7.179999828338623,7.210000038146973,7.210000038146973,536500,1029,3,-2.303524033303128,68.27586569768991
2019-06-21,7.159999847412109,7.239999771118164,7.110000133514404,7.210000038146973,7.210000038146973,746000,1030,4,0.6983267011232641,68.27586569768991
2019-06-24,7.150000095367432,7.329999923706055,7.130000114440918,7.199999809265137,7.199999809265137,404600,1031,0,0.6992966885427165,64.12212851303295
2019-06-25,7.190000057220459,7.269999980926514,7.130000114440918,7.130000114440918,7.130000114440918,581500,1032,1,-0.8344915480116954,61.764711038463574
2019-06-26,7.179999828338623,7.28000020980835,7.019999980926514,7.079999923706055,7.079999923706055,797800,1033,2,-1.3927563652283204,66.66666666666666
2019-06-27,7.119999885559082,7.21999979019165,6.989999771118164,7.190000057220459,7.190000057220459,507500,1034,3,0.9831484941924318,65.00000198682102
2019-06-28,7.179999828338623,7.300000190734863,7.170000076293945,7.25,7.25,1348600,1035,4,0.9749327762529347,64.70587763878265
2019-07-01,7.320000171661377,7.400000095367432,7.210000038146973,7.239999771118164,7.239999771118164,349100,1036,0,-1.0929016211355558,66.37929014587513
2019-07-02,7.21999979019165,7.389999866485596,7.119999885559082,7.380000114440918,7.380000114440918,730300,1037,1,2.216071037379086,67.76859308720674
2019-07-03,7.389999866485596,7.480000019073486,7.320000171661377,7.460000038146973,7.460000038146973,218000,1038,2,0.947228321056337,62.1359142397369
2019-07-05,7.400000095367432,8.4399995803833,7.380000114440918,7.849999904632568,7.849999904632568,3896700,1039,4,6.081078425213082,79.84495035165804
2019-07-08,7.840000152587891,8.0,7.809999942779541,7.849999904632568,7.849999904632568,894500,1040,0,0.12754785523030332,79.3650649482367
2019-07-09,7.820000171661377,7.960000038146973,7.710000038146973,7.940000057220459,7.940000057220459,1029600,1041,1,1.5345253570958395,77.77776872104592
2019-07-10,8.0,8.130000114440918,7.949999809265137,8.100000381469727,8.100000381469727,748000,1042,2,1.250004768371582,79.84495780178966
2019-07-11,8.140000343322754,8.1899995803833,8.020000457763672,8.050000190734863,8.050000190734863,636700,1043,3,-1.1056529335618293,84.42620131575656
2019-07-12,8.039999961853027,8.210000038146973,8.010000228881836,8.029999732971191,8.029999732971191,561800,1044,4,-0.1243809568318821,83.06445906743083
2019-07-15,8.09000015258789,8.1899995803833,7.980000019073486,8.020000457763672,8.020000457763672,900400,1045,0,-0.8652619716184695,83.06452295162029
2019-07-16,8.0,8.050000190734863,7.880000114440918,7.900000095367432,7.900000095367432,923800,1046,1,-1.2499988079071045,79.84492828783486
2019-07-17,7.880000114440918,7.960000038146973,7.840000152587891,7.929999828338623,7.929999828338623,551700,1047,2,0.6345141265426513,83.46453854775032
2019-07-18,7.909999847412109,7.980000019073486,7.75,7.860000133514404,7.860000133514404,931500,1048,3,-0.6321076468043585,77.23576447820467
2019-07-19,7.789999961853027,7.869999885559082,7.760000228881836,7.820000171661377,7.820000171661377,575500,1049,4,0.38511180943847645,73.55371607708996
2019-07-22,7.809999942779541,7.940000057220459,7.610000133514404,7.730000019073486,7.730000019073486,1201000,1050,0,-1.0243268155208596,68.99225121399373
2019-07-23,7.760000228881836,7.820000171661377,7.659999847412109,7.809999942779541,7.809999942779541,1198800,1051,1,0.644326191017508,67.47966754758777
2019-07-24,7.809999942779541,8.010000228881836,7.78000020980835,8.0,8.0,761600,1052,2,2.4327792395967496,70.14925001352225
2019-07-25,8.029999732971191,8.050000190734863,7.900000095367432,8.010000228881836,8.010000228881836,402900,1053,3,-0.2490598350487816,58.333345750961
2019-07-26,8.029999732971191,8.149999618530273,7.960000038146973,8.100000381469727,8.100000381469727,1069000,1054,4,0.8717391136529251,61.90477704243984
2019-07-29,8.100000381469727,8.15999984741211,7.949999809265137,7.980000019073486,7.980000019073486,408700,1055,0,-1.4814858857385205,51.851848581366454
2019-07-30,7.96999979019165,7.980000019073486,7.760000228881836,7.789999961853027,7.789999961853027,1356400,1056,1,-2.2584671653334443,36.0360248127019
2019-07-31,7.5,7.599999904632568,5.650000095367432,5.860000133514404,5.860000133514404,6632600,1057,2,-21.866664886474606,13.377928501543337
2019-08-01,6.269999980926514,6.269999980926514,5.670000076293945,5.840000152587891,5.840000152587891,3129900,1058,3,-6.858051509516628,13.377930635019567
2019-08-02,5.840000152587891,5.869999885559082,5.46999979019165,5.5,5.5,1307300,1059,4,-5.821920268910019,12.048193290213092
2019-08-05,5.449999809265137,5.449999809265137,5.010000228881836,5.199999809265137,5.199999809265137,1209700,1060,0,-4.587156123840474,11.42857259633574
2019-08-06,5.400000095367432,5.5,5.090000152587891,5.28000020980835,5.28000020980835,2162600,1061,1,-2.222220063700142,12.676073742909907
2019-08-07,5.210000038146973,5.389999866485596,5.110000133514404,5.269999980926514,5.269999980926514,1214100,1062,2,1.1516303712135967,12.893998467563605
2019-08-08,5.28000020980835,5.449999809265137,5.210000038146973,5.420000076293945,5.420000076293945,801900,1063,3,2.6515125174716214,16.666682119714935
2019-08-09,5.349999904632568,5.360000133514404,5.159999847412109,5.159999847412109,5.159999847412109,755800,1064,4,-3.5514030020063703,15.91513415876291
2019-08-12,5.110000133514404,5.519999980926514,5.070000171661377,5.25,5.25,2554000,1065,0,2.73972334300725,16.13758586060038
2019-08-13,5.260000228881836,5.380000114440918,5.159999847412109,5.190000057220459,5.190000057220459,930900,1066,1,-1.3308016847036863,11.506871219679539
2019-08-14,5.119999885559082,5.139999866485596,4.989999771118164,5.079999923706055,5.079999923706055,1415300,1067,2,-0.7812492724042275,10.933349134649077
2019-08-15,5.119999885559082,5.119999885559082,4.949999809265137,5.0,5.0,760700,1068,3,-2.3437478172126713,8.556163232250697
2019-08-16,5.019999980926514,5.130000114440918,4.989999771118164,5.070000171661377,5.070000171661377,782800,1069,4,0.9960197395386228,10.56912365636002
2019-08-19,5.150000095367432,5.210000038146973,4.889999866485596,4.900000095367432,4.900000095367432,880600,1070,0,-4.854368842145885,10.626720981904754
2019-08-20,4.909999847412109,4.96999979019165,4.789999961853027,4.889999866485596,4.889999866485596,560700,1071,1,-0.4073315997566662,22.28573686246942
2019-08-21,4.909999847412109,4.960000038146973,4.769999980926514,4.829999923706055,4.829999923706055,872500,1072,2,-1.6293263990266649,21.787732564427557
2019-08-22,5.309999942779541,5.440000057220459,4.769999980926514,4.829999923706055,4.829999923706055,1845700,1073,3,-9.039548479208237,26.89657644479844
2019-08-23,4.829999923706055,4.889999866485596,4.619999885559082,4.71999979019165,4.71999979019165,1052800,1074,4,-2.277435512462722,30.952405280775352
2019-08-26,4.800000190734863,4.820000171661377,4.710000038146973,4.75,4.75,774200,1075,0,-1.041670598917377,28.099191466438
2019-08-27,4.760000228881836,4.800000190734863,4.440000057220459,4.480000019073486,4.480000019073486,1405200,1076,1,-5.882357066065181,23.129275311922612
2019-08-28,4.449999809265137,4.679999828338623,4.420000076293945,4.579999923706055,4.579999923706055,1436800,1077,2,2.9213510115270402,20.42255129185837
2019-08-29,4.630000114440918,4.690000057220459,4.579999923706055,4.630000114440918,4.630000114440918,595200,1078,3,0.0,28.09920253976661
2019-08-30,4.630000114440918,4.679999828338623,4.5,4.610000133514404,4.610000133514404,549000,1079,4,-0.43196502013324034,21.929850612045158
2019-09-03,4.579999923706055,4.579999923706055,4.5,4.53000020980835,4.53000020980835,608100,1080,1,-1.0916968281791228,21.551750361121677
2019-09-04,4.579999923706055,4.579999923706055,4.480000019073486,4.480000019073486,4.480000019073486,473200,1081,2,-2.1834040676500743,22.727298342471983
2019-09-05,4.53000020980835,4.630000114440918,4.380000114440918,4.570000171661377,4.570000171661377,1364000,1082,3,0.8830013245125112,30.630657334414167
2019-09-06,4.559999942779541,4.820000171661377,4.550000190734863,4.71999979019165,4.71999979019165,666500,1083,4,3.5087686276281227,35.29410821874555
2019-09-09,4.730000019073486,5.070000171661377,4.730000019073486,4.889999866485596,4.889999866485596,906500,1084,0,3.382660608180088,49.57982250445983
2019-09-10,4.889999866485596,5.190000057220459,4.889999866485596,5.070000171661377,5.070000171661377,727000,1085,1,3.68098793640963,56.61765530859764
2019-09-11,5.079999923706055,5.340000152587891,5.039999961853027,5.28000020980835,5.28000020980835,845600,1086,2,3.9370135650786953,64.90066476121365
2019-09-12,5.409999847412109,5.820000171661377,5.380000114440918,5.550000190734863,5.550000190734863,1041400,1087,3,2.587806788751079,70.22471880012816
2019-09-13,5.559999942779541,5.650000095367432,5.440000057220459,5.579999923706055,5.579999923706055,697500,1088,4,0.3597118908694741,75.29411731706777
2019-09-16,5.539999961853027,5.670000076293945,5.5,5.579999923706055,5.579999923706055,512000,1089,0,0.7220209770479435,74.85029598166204
2019-09-17,5.53000020980835,5.539999961853027,5.369999885559082,5.460000038146973,5.460000038146973,447400,1090,1,-1.2658258409686929,82.23684313719954
2019-09-18,5.460000038146973,5.510000228881836,5.360000133514404,5.389999866485596,5.389999866485596,541300,1091,2,-1.2820544170753068,77.18120161023721
2019-09-19,5.429999828338623,5.440000057220459,5.269999980926514,5.269999980926514,5.269999980926514,569900,1092,3,-2.9465902849036274,70.51281698591833
2019-09-20,5.260000228881836,5.360000133514404,5.170000076293945,5.179999828338623,5.179999828338623,901800,1093,4,-1.520920096237699,67.48465198788423
2019-09-23,5.159999847412109,5.289999961853027,5.150000095367432,5.25,5.25,448400,1094,0,1.7441890552192252,72.2222107755166
2019-09-24,5.260000228881836,5.329999923706055,4.909999847412109,4.909999847412109,4.909999847412109,882200,1095,1,-6.65399935817359,61.256538097909385
2019-09-25,4.929999828338623,5.050000190734863,4.869999885559082,5.050000190734863,5.050000190734863,907800,1096,2,2.4340845146982426,62.244895228442644
2019-09-26,5.019999980926514,5.079999923706055,4.889999866485596,4.940000057220459,4.940000057220459,508800,1097,3,-1.5936239842632371,55.729170547175315
2019-09-27,4.949999809265137,5.0,4.840000152587891,4.860000133514404,4.860000133514404,489200,1098,4,-1.8181753377500387,49.180335557703785
2019-09-30,4.840000152587891,4.900000095367432,4.730000019073486,4.760000228881836,4.760000228881836,920600,1099,0,-1.6528909335525421,41.1428611911062
2019-10-01,4.78000020980835,4.869999885559082,4.659999847412109,4.710000038146973,4.710000038146973,559400,1100,1,-1.4644386734071646,32.07547339564603
2019-10-02,4.670000076293945,4.710000038146973,4.610000133514404,4.670000076293945,4.670000076293945,591600,1101,2,0.0,17.64706913574706
2019-10-03,4.650000095367432,4.809999942779541,4.579999923706055,4.639999866485596,4.639999866485596,806500,1102,3,-0.21505868122021488,15.441201993317975
2019-10-04,4.619999885559082,4.699999809265137,4.610000133514404,4.630000114440918,4.630000114440918,483200,1103,4,0.21645517596426966,15.328495353450975
2019-10-07,4.610000133514404,4.659999847412109,4.519999980926514,4.539999961853027,4.539999961853027,487700,1104,0,-1.5184418575713288,15.671667284656607
2019-10-08,4.510000228881836,4.590000152587891,4.400000095367432,4.429999828338623,4.429999828338623,740500,1105,1,-1.7738447113792577,15.217416843810383
2019-10-09,4.46999979019165,4.510000228881836,4.369999885559082,4.380000114440918,4.380000114440918,457900,1106,2,-2.013415659397011,16.030562692941473
2019-10-10,4.369999885559082,4.429999828338623,4.329999923706055,4.340000152587891,4.340000152587891,581500,1107,3,-0.6864927633139617,16.6666982034981
2019-10-11,4.420000076293945,4.519999980926514,4.400000095367432,4.409999847412109,4.409999847412109,972400,1108,4,-0.22624951830817475,16.666666666666657
2019-10-14,4.400000095367432,4.400000095367432,4.300000190734863,4.349999904632568,4.349999904632568,713400,1109,0,-1.1363679466167786,21.428574904060866
2019-10-15,4.369999885559082,4.579999923706055,4.340000152587891,4.480000019073486,4.480000019073486,1615000,1110,1,2.517165592564563,20.61854149737715
2019-10-16,4.46999979019165,4.78000020980835,4.46999979019165,4.599999904632568,4.599999904632568,750000,1111,2,2.9082801016271143,32.65304533653041
2019-10-17,4.599999904632568,4.71999979019165,4.599999904632568,4.619999885559082,4.619999885559082,364600,1112,3,0.4347822030685622,36.95650258451035
2019-10-18,4.590000152587891,4.679999828338623,4.53000020980835,4.610000133514404,4.610000133514404,317800,1113,4,0.4357294174649917,40.96384365475818
2019-10-21,4.630000114440918,4.730000019073486,4.599999904632568,4.639999866485596,4.639999866485596,274200,1114,0,0.21597736063738715,45.678996356606355
2019-10-22,4.630000114440918,4.710000038146973,4.579999923706055,4.639999866485596,4.639999866485596,548000,1115,1,0.21597736063738715,48.05193196701769
2019-10-23,4.599999904632568,4.639999866485596,4.53000020980835,4.559999942779541,4.559999942779541,972000,1116,2,-0.8695644061371466,45.12194838287989
2019-10-24,4.570000171661377,4.599999904632568,4.449999809265137,4.489999771118164,4.489999771118164,563800,1117,3,-1.7505557448180498,42.045427452408354
2019-10-25,4.489999771118164,4.550000190734863,4.440000057220459,4.480000019073486,4.480000019073486,519600,1118,4,-0.22271163818317063,46.24999776482235
2019-10-28,4.46999979019165,4.809999942779541,4.46999979019165,4.800000190734863,4.800000190734863,1581500,1119,0,7.38255964278387,68.31687141575009
2019-10-29,4.809999942779541,4.840000152587891,4.639999866485596,4.699999809265137,4.699999809265137,732300,1120,1,-2.28690508987488,65.09433283250412
2019-10-30,4.389999866485596,4.449999809265137,3.5799999237060547,3.890000104904175,3.890000104904175,4841900,1121,2,-11.389516555536815,37.70491141182555
2019-10-31,3.950000047683716,4.119999885559082,3.799999952316284,4.010000228881836,4.010000228881836,1591400,1122,3,1.5189919107293282,39.36171022245219
2019-11-01,4.019999980926514,4.289999961853027,4.010000228881836,4.199999809265137,4.199999809265137,1347100,1123,4,4.477607691359675,46.26865299859511
2019-11-04,4.210000038146973,4.420000076293945,4.170000076293945,4.369999885559082,4.369999885559082,774600,1124,0,3.800471400530747,47.3170689157882
2019-11-05,4.380000114440918,4.590000152587891,4.369999885559082,4.519999980926514,4.519999980926514,1543000,1125,1,3.1963439001751137,48.076924399511704
2019-11-06,4.559999942779541,4.690000057220459,4.46999979019165,4.599999904632568,4.599999904632568,965500,1126,2,0.8771921569070251,49.53271059273995
2019-11-07,4.670000076293945,4.71999979019165,4.53000020980835,4.539999961853027,4.539999961853027,531800,1127,3,-2.783728315141365,48.40182225858862
2019-11-08,4.510000228881836,4.639999866485596,4.5,4.610000133514404,4.610000133514404,348900,1128,4,2.217292673117255,49.327360253035884
2019-11-11,4.53000020980835,4.599999904632568,4.510000228881836,4.539999961853027,4.539999961853027,345400,1129,0,0.22074506802507443,47.826089210005286
2019-11-12,4.519999980926514,4.579999923706055,4.420000076293945,4.440000057220459,4.440000057220459,372100,1130,1,-1.7699098239742916,47.413795761205726
2019-11-13,4.409999847412109,4.440000057220459,4.170000076293945,4.210000038146973,4.210000038146973,429400,1131,2,-4.535143224154559,44.3548441367392
2019-11-14,4.21999979019165,4.289999961853027,4.119999885559082,4.159999847412109,4.159999847412109,363800,1132,3,-1.4217996626207485,43.650791398161985
2019-11-15,4.170000076293945,4.199999809265137,4.050000190734863,4.059999942779541,4.059999942779541,451800,1133,4,-2.637892841771028,33.91303942199049
2019-11-18,4.090000152587891,4.110000133514404,3.890000104904175,3.990000009536743,3.990000009536743,802400,1134,0,-2.4449911814275582,34.361236117499004
2019-11-19,4.019999980926514,4.039999961853027,3.8499999046325684,3.930000066757202,3.930000066757202,818100,1135,1,-2.2388038456798376,51.31578823536055
2019-11-20,3.950000047683716,4.130000114440918,3.9100000858306885,4.0,4.0,816200,1136,2,1.2658215623466695,49.65985611193413
2019-11-21,4.03000020980835,4.099999904632568,3.950000047683716,4.010000228881836,4.010000228881836,550400,1137,3,-0.49627741650823953,42.63567768332627
2019-11-22,4.050000190734863,4.28000020980835,4.039999961853027,4.179999828338623,4.179999828338623,476300,1138,4,3.20986744398577,42.63565647910825
2019-11-25,4.159999847412109,4.199999809265137,4.070000171661377,4.079999923706055,4.079999923706055,503100,1139,0,-1.923075159625831,32.25805893400725
2019-11-26,4.099999904632568,4.110000133514404,3.950000047683716,3.950000047683716,3.950000047683716,529500,1140,1,-3.658533181412238,24.806201693659418
2019-11-27,3.9100000858306885,4.0,3.9000000953674316,3.990000009536743,3.990000009536743,1922300,1141,2,2.046033809461112,28.346454179976035
2019-11-29,3.990000009536743,4.119999885559082,3.9600000381469727,4.010000228881836,4.010000228881836,355100,1142,4,0.5012586290047416,25.40983574520476
2019-12-02,4.050000190734863,4.119999885559082,3.990000009536743,4.059999942779541,4.059999942779541,358500,1143,0,0.24690744626516548,29.99998807906441
2019-12-03,4.010000228881836,4.130000114440918,3.9700000286102295,4.090000152587891,4.090000152587891,434400,1144,1,1.9950104523650314,34.51327358941607
2019-12-04,4.090000152587891,4.210000038146973,4.090000152587891,4.150000095367432,4.150000095367432,330200,1145,2,1.466991211273605,46.875001552205
2019-12-05,4.170000076293945,4.199999809265137,4.019999980926514,4.079999923706055,4.079999923706055,227600,1146,3,-2.1582770009893504,45.9183693329337
2019-12-06,4.110000133514404,4.170000076293945,4.050000190734863,4.070000171661377,4.070000171661377,1572000,1147,4,-0.9732350499663811,50.56181099662249
2019-12-09,4.050000190734863,4.119999885559082,3.9800000190734863,3.9800000190734863,3.9800000190734863,352000,1148,0,-1.7283992188819042,49.45054973845995
2019-12-10,3.9800000190734863,4.0,3.880000114440918,3.9200000762939453,3.9200000762939453,474400,1149,1,-1.5075362435176154,49.45054973845995
2019-12-11,3.9600000381469727,4.010000228881836,3.859999895095825,3.990000009536743,3.990000009536743,1337600,1150,2,0.7575750277974302,49.45054973845995
2019-12-12,4.010000228881836,4.239999771118164,4.010000228881836,4.099999904632568,4.099999904632568,525700,1151,3,2.2443808133105314,54.45543268990172
2019-12-13,4.059999942779541,4.070000171661377,3.799999952316284,3.809999942779541,3.809999942779541,1040300,1152,4,-6.157635554764218,33.62831839735402
2019-12-16,3.819999933242798,3.930000066757202,3.75,3.859999895095825,3.859999895095825,660700,1153,0,1.0471194385354599,39.814810522297996
2019-12-17,3.890000104904175,3.9800000190734863,3.809999942779541,3.9200000762939453,3.9200000762939453,546900,1154,1,0.771207469941948,48.514852887473275
2019-12-18,3.9700000286102295,4.119999885559082,3.930000066757202,3.990000009536743,3.990000009536743,761700,1155,2,0.5037778534604964,50.0
2019-12-19,4.0,4.21999979019165,3.9800000190734863,4.21999979019165,4.21999979019165,645000,1156,3,5.49999475479126,58.3999856567328
2019-12-20,4.21999979019165,4.429999828338623,4.199999809265137,4.409999847412109,4.409999847412109,1296100,1157,4,4.502371248028658,62.589925836377596
2019-12-23,4.420000076293945,4.46999979019165,4.260000228881836,4.269999980926514,4.269999980926514,530300,1158,0,-3.3936672574269022,55.99999618530153
2019-12-24,4.289999961853027,4.369999885559082,4.150000095367432,4.170000076293945,4.170000076293945,242700,1159,1,-2.797200154455226,50.649350247227765
2019-12-26,4.170000076293945,4.25,4.079999923706055,4.110000133514404,4.110000133514404,373700,1160,3,-1.4388475223450214,50.98039949000215
2019-12-27,4.110000133514404,4.110000133514404,4.0,4.019999980926514,4.019999980926514,553300,1161,4,-2.189784663362837,48.447198714375666
2019-12-30,4.039999961853027,4.179999828338623,3.9600000381469727,4.059999942779541,4.059999942779541,686800,1162,0,0.49504903750889895,52.56410099658999
2019-12-31,4.03000020980835,4.260000228881836,4.03000020980835,4.210000038146973,4.210000038146973,804500,1163,1,4.4664967485742,58.78787966361298
2020-01-02,4.260000228881836,4.289999961853027,4.050000190734863,4.090000152587891,4.090000152587891,356300,1164,3,-3.990611905168062,52.94118142045618
2020-01-03,4.070000171661377,4.090000152587891,3.940000057220459,3.9700000286102295,3.9700000286102295,548900,1165,4,-2.4570058681429363,46.198833589249915
2020-01-06,3.940000057220459,4.019999980926514,3.9100000858306885,3.990000009536743,3.990000009536743,348900,1166,0,1.269034304318195,56.250003104408975
2020-01-07,3.990000009536743,4.050000190734863,3.859999895095825,3.9600000381469727,3.9600000381469727,346600,1167,1,-0.7518789804026538,53.52113219959129
2020-01-08,3.940000057220459,4.139999866485596,3.809999942779541,4.119999885559082,4.119999885559082,1475300,1168,2,4.568523495545507,56.57894324067422
2020-01-09,4.119999885559082,4.190000057220459,4.03000020980835,4.179999828338623,4.179999828338623,925500,1169,3,1.4563093312173425,56.291386755006826
2020-01-10,4.179999828338623,4.25,4.119999885559082,4.130000114440918,4.130000114440918,323600,1170,4,-1.1961654533746202,46.61655213607003
2020-01-13,4.239999771118164,4.239999771118164,4.090000152587891,4.179999828338623,4.179999828338623,304900,1171,0,-1.4150930664724504,40.33612637236041
2020-01-14,4.139999866485596,4.199999809265137,4.079999923706055,4.090000152587891,4.090000152587891,351900,1172,1,-1.2077225968644578,42.10526315789474
2020-01-15,4.090000152587891,4.159999847412109,4.050000190734863,4.090000152587891,4.090000152587891,324800,1173,2,0.0,46.15384615384615
2020-01-16,4.119999885559082,4.309999942779541,4.119999885559082,4.260000228881836,4.260000228881836,480400,1174,3,3.398066679891576,56.521748144376446
2020-01-17,4.289999961853027,4.289999961853027,4.079999923706055,4.099999904632568,4.099999904632568,436100,1175,4,-4.428905802096795,53.278687243113616
2020-01-21,4.090000152587891,4.099999904632568,4.019999980926514,4.059999942779541,4.059999942779541,481200,1176,1,-0.7335014349416968,50.0
2020-01-22,4.099999904632568,4.139999866485596,4.0,4.010000228881836,4.010000228881836,376800,1177,2,-2.195114093759909,41.07142857142858
2020-01-23,3.990000009536743,4.019999980926514,3.9100000858306885,4.010000228881836,4.010000228881836,869600,1178,3,0.5012586290047416,46.0
2020-01-24,4.019999980926514,4.039999961853027,3.8499999046325684,3.880000114440918,3.880000114440918,469200,1179,4,-3.4825837599464116,45.54455445544555
2020-01-27,3.7799999713897705,3.940000057220459,3.759999990463257,3.9100000858306885,3.9100000858306885,546300,1180,0,3.439156492721396,46.078431372549026
2020-01-28,3.930000066757202,4.139999866485596,3.9000000953674316,4.099999904632568,4.099999904632568,528700,1181,1,4.325695546759611,55.932203389830505
2020-01-29,4.119999885559082,4.130000114440918,4.03000020980835,4.110000133514404,4.110000133514404,428400,1182,2,-0.2427124350106835,49.514574792888176
2020-01-30,4.059999942779541,4.119999885559082,3.8499999046325684,3.869999885559082,3.869999885559082,656500,1183,3,-4.679804430991741,37.1900803648239
2020-01-31,3.890000104904175,3.890000104904175,3.549999952316284,3.5899999141693115,3.5899999141693115,1075500,1184,4,-7.712086957443754,31.249990686773074
2020-02-03,3.640000104904175,3.700000047683716,3.5299999713897705,3.640000104904175,3.640000104904175,656300,1185,0,0.0,31.25001345243443
2020-02-04,3.6600000858306885,3.880000114440918,3.5899999141693115,3.7200000286102295,3.7200000286102295,900500,1186,1,1.6393426604503158,37.06293764589586
2020-02-05,3.7799999713897705,3.880000114440918,3.759999990463257,3.859999895095825,3.859999895095825,682800,1187,2,2.1164001140624666,42.67515294851572
2020-02-06,3.859999895095825,3.990000009536743,3.8499999046325684,3.9700000286102295,3.9700000286102295,384800,1188,3,2.8497444690130935,40.3973473336048
2020-02-07,3.940000057220459,4.0,3.809999942779541,3.819999933242798,3.819999933242798,337000,1189,4,-3.0456883815965563,40.666669103833975
2020-02-10,3.799999952316284,3.890000104904175,3.75,3.799999952316284,3.799999952316284,333400,1190,0,0.0,41.21621806661575
2020-02-11,3.8299999237060547,3.950000047683716,3.7799999713897705,3.8399999141693115,3.8399999141693115,959100,1191,1,0.2610963619440687,44.21767835852595
2020-02-12,3.930000066757202,4.119999885559082,3.9100000858306885,3.9600000381469727,3.9600000381469727,947500,1192,2,0.763358037663453,48.42766758045425
2020-02-13,3.9200000762939453,4.059999942779541,3.890000104904175,4.039999961853027,4.039999961853027,496900,1193,3,3.06122151080499,55.194798760843014
2020-02-14,4.039999961853027,4.099999904632568,3.930000066757202,3.950000047683716,3.950000047683716,575000,1194,4,-2.2277206687900897,51.249998509884236
2020-02-18,3.930000066757202,4.0,3.859999895095825,3.930000066757202,3.930000066757202,487700,1195,1,0.0,44.055951984183686
2020-02-19,3.9700000286102295,4.059999942779541,3.9200000762939453,3.9800000190734863,3.9800000190734863,560000,1196,2,0.2518889267302482,45.578228203193575
2020-02-20,3.950000047683716,4.130000114440918,3.950000047683716,4.110000133514404,4.110000133514404,524500,1197,3,4.050635035422667,58.82353766154172
2020-02-21,4.090000152587891,4.099999904632568,3.869999885559082,3.9100000858306885,3.9100000858306885,630900,1198,4,-4.400979463125687,62.500004656612106
2020-02-24,3.740000009536743,3.9100000858306885,3.7100000381469727,3.7799999713897705,3.7799999713897705,702100,1199,0,1.0695176938778195,55.14705340961325
2020-02-25,3.8499999046325684,3.859999895095825,3.4700000286102295,3.509999990463257,3.509999990463257,757000,1200,1,-8.831166820555026,43.225806054662144
2020-02-26,3.509999990463257,3.619999885559082,3.2699999809265137,3.299999952316284,3.299999952316284,1888500,1201,2,-5.982907085970002,32.716055015222
2020-02-27,3.25,3.609999895095825,3.180000066757202,3.440000057220459,3.440000057220459,2627400,1202,3,5.846155606783343,33.93939805534286
2020-02-28,3.369999885559082,3.549999952316284,3.259999990463257,3.309999942779541,3.309999942779541,1956200,1203,4,-1.78041379279118,34.35583190001867
2020-03-02,3.359999895095825,3.380000114440918,3.119999885559082,3.180000066757202,3.180000066757202,813000,1204,0,-5.357137915431087,32.183913873355905
2020-03-03,3.180000066757202,3.2799999713897705,3.069999933242798,3.1600000858306885,3.1600000858306885,724000,1205,1,-0.6289302046118661,30.232566198571604
2020-03-04,3.200000047683716,3.2799999713897705,3.140000104904175,3.180000066757202,3.180000066757202,433100,1206,2,-0.6249993946403354,25.925928651332427
2020-03-05,3.140000104904175,3.2699999809265137,2.869999885559082,2.9000000953674316,2.9000000953674316,716200,1207,3,-7.643312150273552,18.681325303256614
2020-03-06,2.7799999713897705,2.9800000190734863,2.680000066757202,2.690000057220459,2.690000057220459,747900,1208,4,-3.2374070178252223,17.525778390456082
2020-03-09,2.619999885559082,2.619999885559082,2.369999885559082,2.4000000953674316,2.4000000953674316,608700,1209,0,-8.39693892370933,15.384620363770608
2020-03-10,2.509999990463257,2.5399999618530273,2.2899999618530273,2.369999885559082,2.369999885559082,713000,1210,1,-5.57769344366953,13.242015048018999
2020-03-11,2.2799999713897705,2.369999885559082,2.1500000953674316,2.1700000762939453,2.1700000762939453,739200,1211,2,-4.824556862988683,7.079649098524683
2020-03-12,1.9800000190734863,2.119999885559082,1.8799999952316284,1.8899999856948853,1.8899999856948853,761800,1212,3,-4.545456187455765,6.837609711378548
2020-03-13,1.9700000286102295,2.130000114440918,1.8899999856948853,2.0,2.0,899600,1213,4,1.522841165181843,11.637934489567442
2020-03-16,1.5,1.809999942779541,1.4199999570846558,1.440000057220459,1.440000057220459,666300,1214,0,-3.9999961853027344,10.344830893638473
2020-03-17,1.4700000286102295,1.6799999475479126,1.3700000047683716,1.5,1.5,1370800,1215,1,2.0408143405366452,13.414635682848257
2020-03-18,1.409999966621399,1.5099999904632568,1.2799999713897705,1.2899999618530273,1.2899999618530273,1220400,1216,2,-8.510638837525086,7.509879057698143
2020-03-19,1.2599999904632568,1.4700000286102295,1.25,1.309999942779541,1.309999942779541,864100,1217,3,3.9682502138671527,8.677683182080372
2020-03-20,1.309999942779541,1.440000057220459,1.2599999904632568,1.2999999523162842,1.2999999523162842,1328000,1218,4,-0.7633580839735754,9.130431447452708
2020-03-23,1.350000023841858,1.3899999856948853,1.2599999904632568,1.2799999713897705,1.2799999713897705,703000,1219,0,-5.185188978951261,9.130431447452708
2020-03-24,1.3600000143051147,1.3700000047683716,1.2400000095367432,1.3300000429153442,1.3300000429153442,1668700,1220,1,-2.2058802260453536,10.300429404132117
2020-03-25,1.309999942779541,1.559999942779541,1.2999999523162842,1.399999976158142,1.399999976158142,4348600,1221,2,6.870231855708342,14.622638777466008
2020-03-26,1.4299999475479126,2.130000114440918,1.4299999475479126,2.0899999141693115,2.0899999141693115,1674200,1222,3,46.153845512591204,38.4615352873265
2020-03-27,2.009999990463257,2.2699999809265137,1.8700000047683716,2.240000009536743,2.240000009536743,981200,1223,4,11.442787072873406,46.74796578557757
2020-03-30,2.430000066757202,2.430000066757202,1.9900000095367432,2.130000114440918,2.130000114440918,846200,1224,0,-12.345676710891185,45.27559454231654
2020-03-31,2.109999895095825,2.5999999046325684,2.0999999046325684,2.440000057220459,2.440000057220459,1287200,1225,1,15.63981888774677,55.09433953776483
2020-04-01,2.319999933242798,2.319999933242798,2.0,2.049999952316284,2.049999952316284,1103800,1226,2,-11.637930547227171,52.89855025516188
2020-04-02,2.0199999809265137,2.140000104904175,1.8600000143051147,1.940000057220459,1.940000057220459,606500,1227,3,-3.9603923000712693,48.913044417212504
2020-04-03,1.899999976158142,2.0899999141693115,1.809999942779541,1.899999976158142,1.899999976158142,783200,1228,4,0.0,60.26785583615449
2020-04-06,1.9900000095367432,2.2899999618530273,1.9500000476837158,2.0999999046325684,2.0999999046325684,598900,1229,0,5.527632892897949,62.605040669904156
2020-04-07,2.200000047683716,2.3299999237060547,2.0399999618530273,2.0899999141693115,2.0899999141693115,760900,1230,1,-5.000005960464349,68.34862420438729
2020-04-08,2.180000066757202,2.5999999046325684,2.119999885559082,2.5,2.5,1001400,1231,2,14.678895570806327,73.151752687381
2020-04-09,2.809999942779541,2.880000114440918,2.6700000762939453,2.819999933242798,2.819999933242798,1246600,1232,3,0.35587155398177917,76.38888969373559
2020-04-13,3.0,3.0899999141693115,2.5999999046325684,2.680000066757202,2.680000066757202,970400,1233,0,-10.6666644414266,73.33333677715753
2020-04-14,2.8299999237060547,3.0899999141693115,2.619999885559082,2.6600000858306885,2.6600000858306885,1247400,1234,1,-6.007061570967864,72.39057559348873
2020-04-15,2.640000104904175,2.6500000953674316,2.369999885559082,2.4100000858306885,2.4100000858306885,652300,1235,2,-8.712121588413147,66.03174910733995
2020-04-16,2.4700000286102295,2.5999999046325684,2.359999895095825,2.390000104904175,2.390000104904175,636900,1236,3,-3.2388632704213993,56.04839147718877
2020-04-17,2.5199999809265137,2.5999999046325684,2.4100000858306885,2.509999990463257,2.509999990463257,457500,1237,4,-0.39682502138671527,55.510204657571016
2020-04-20,2.5299999713897705,2.5399999618530273,2.359999895095825,2.430000066757202,2.430000066757202,624500,1238,0,-3.952565445193934,56.198347148148805
2020-04-21,2.390000104904175,2.4000000953674316,2.2200000286102295,2.299999952316284,2.299999952316284,699500,1239,1,-3.7656965957120425,46.874997339078085
2020-04-22,2.380000114440918,2.4100000858306885,2.309999942779541,2.359999895095825,2.359999895095825,583500,1240,2,-0.8403453102266312,58.11518340945878
2020-04-23,2.3399999141693115,2.549999952316284,2.309999942779541,2.5199999809265137,2.5199999809265137,928500,1241,3,7.692310827331861,64.79591793291071
2020-04-24,2.5199999809265137,2.640000104904175,2.430000066757202,2.5999999046325684,2.5999999046325684,406900,1242,4,3.174600171093722,67.50000134110475
2020-04-27,2.640000104904175,2.7300000190734863,2.559999942779541,2.6700000762939453,2.6700000762939453,1108800,1243,0,1.1363625074878314,65.24064723380883
2020-04-28,2.7200000286102295,2.7799999713897705,2.569999933242798,2.7699999809265137,2.7699999809265137,1037300,1244,1,1.8382335217044687,67.34694225100006
2020-04-29,2.809999942779541,2.990000009536743,2.7200000286102295,2.7799999713897705,2.7799999713897705,1155600,1245,2,-1.0676146619453597,58.974359758115135
2020-04-30,2.740000009536743,2.75,2.5299999713897705,2.640000104904175,2.640000104904175,1107500,1246,3,-3.6496315432303805,43.47826537653388
2020-05-01,2.549999952316284,2.5799999237060547,2.3499999046325684,2.440000057220459,2.440000057220459,793400,1247,4,-4.313721456971287,41.666665286929344
2020-05-04,2.380000114440918,2.490000009536743,2.319999933242798,2.4800000190734863,2.4800000190734863,459600,1248,0,4.2016764631988,43.8356133065673
2020-05-05,2.5299999713897705,2.5999999046325684,2.4600000381469727,2.5,2.5,578300,1249,1,-1.1857696335581758,53.658533748737405
2020-05-06,2.509999990463257,2.559999942779541,2.380000114440918,2.4200000762939453,2.4200000762939453,441700,1250,2,-3.5856539645922725,51.162789838043516
2020-05-07,2.450000047683716,2.5,2.380000114440918,2.440000057220459,2.440000057220459,367500,1251,3,-0.40816286810733127,47.0588258864915
2020-05-08,2.509999990463257,2.7100000381469727,2.440000057220459,2.680000066757202,2.680000066757202,769400,1252,4,6.772911431866957,59.259259913356914
2020-05-11,2.690000057220459,2.75,2.5,2.7200000286102295,2.7200000286102295,904500,1253,0,1.1152405483875416,66.66667297403772
2020-05-12,2.75,2.75,2.5999999046325684,2.619999885559082,2.619999885559082,687000,1254,1,-4.727276888760656,60.0
2020-05-13,2.5999999046325684,2.609999895095825,2.3499999046325684,2.4800000190734863,2.4800000190734863,751400,1255,2,-4.615380383101986,48.43750116415346
2020-05-14,2.4000000953674316,2.5399999618530273,2.359999895095825,2.5399999618530273,2.5399999618530273,492400,1256,3,5.833327538437549,47.61904942115364
2020-05-15,2.5299999713897705,2.5999999046325684,2.450000047683716,2.5799999237060547,2.5799999237060547,527800,1257,4,1.976282722596956,46.34145585029013
