Date,Open,High,Low,Close,Adj Close,Volume,Count,Week Day,Change,RSI
2015-05-19,27.09000015258789,27.09000015258789,26.920000076293945,26.93000030517578,24.628515243530273,194600,0,1,-0.5906232798482458,23.059999465942383
2015-05-20,26.829999923706055,27.0,26.829999923706055,26.959999084472656,24.655954360961914,100200,1,2,0.4845291134411678,23.059999465942383
2015-05-21,26.940000534057617,26.989999771118164,26.920000076293945,26.940000534057617,24.637664794921875,89900,2,3,0.0,23.059999465942383
2015-05-22,27.010000228881836,27.010000228881836,26.84000015258789,26.84000015258789,24.54620933532715,70900,3,4,-0.6293967969395409,23.059999465942383
2015-05-26,26.81999969482422,26.81999969482422,26.549999237060547,26.610000610351562,24.33587074279785,408300,4,1,-0.7829943581736165,23.059999465942383
2015-05-27,26.610000610351562,26.850000381469727,26.610000610351562,26.84000015258789,24.54620933532715,80400,5,2,0.8643349754259511,23.059999465942383
2015-05-28,26.8799991607666,26.8799991607666,26.75,26.809999465942383,24.51877784729004,254500,6,3,-0.26041553947065976,23.059999465942383
2015-05-29,26.8700008392334,26.8700008392334,26.649999618530273,26.649999618530273,24.37244987487793,98600,7,4,-0.8187614954663358,23.059999465942383
2015-06-01,26.700000762939453,26.790000915527344,26.6299991607666,26.760000228881836,24.473045349121094,161900,8,0,0.22471709448661503,23.059999465942383
2015-06-02,26.739999771118164,26.780000686645508,26.59000015258789,26.68000030517578,24.399883270263672,299000,9,1,-0.22438095159292848,23.059999465942383
2015-06-03,26.68000030517578,26.780000686645508,26.65999984741211,26.670000076293945,24.39073944091797,111000,10,2,-0.03748211681953162,23.059999465942383
2015-06-04,26.649999618530273,26.68000030517578,26.549999237060547,26.549999237060547,24.280988693237305,46100,11,3,-0.3752359583532372,23.059999465942383
2015-06-05,26.549999237060547,26.690000534057617,26.479999542236328,26.5,24.235267639160156,218900,12,4,-0.18832104895413204,23.059999465942383
2015-06-08,26.420000076293945,26.479999542236328,26.360000610351562,26.389999389648438,24.134668350219727,34700,13,0,-0.1135529392841561,23.059999465942383
2015-06-09,26.3799991607666,26.420000076293945,26.299999237060547,26.350000381469727,24.09808921813965,291900,14,1,-0.11371789329505111,28.03026909555399
2015-06-10,26.520000457763672,26.68000030517578,26.459999084472656,26.639999389648438,24.363306045532227,28500,15,2,0.45248465238858504,39.87341466535647
2015-06-11,26.709999084472656,26.75,26.520000457763672,26.65999984741211,24.381595611572266,882200,16,3,-0.1871929568489361,41.13921834917762
2015-06-12,26.549999237060547,26.579999923706055,26.479999542236328,26.530000686645508,24.262704849243164,144400,17,4,-0.07532410918913435,40.372679637437614
2015-06-15,26.3700008392334,26.43000030517578,26.280000686645508,26.420000076293945,24.1621036529541,45300,18,0,0.1896065053822671,43.62414217302087
2015-06-16,26.520000457763672,26.59000015258789,26.299999237060547,26.479999542236328,24.21697998046875,32700,19,1,-0.15083301220545353,36.36361009161055
2015-06-17,26.579999923706055,26.579999923706055,26.34000015258789,26.510000228881836,24.244409561157227,138900,20,2,-0.2633547593120511,38.636389908389454
2015-06-18,26.559999465942383,26.719999313354492,26.559999465942383,26.670000076293945,24.39073944091797,31400,21,3,0.4141589328441553,50.75759327225963
2015-06-19,26.780000686645508,26.780000686645508,26.510000228881836,26.510000228881836,24.315526962280273,208600,22,4,-1.008216769383108,40.87590529519376
2015-06-22,26.420000076293945,26.75,26.420000076293945,26.520000457763672,24.324697494506836,102000,23,0,0.37850257827762857,43.84615610337249
2015-06-23,26.600000381469727,26.600000381469727,26.450000762939453,26.479999542236328,24.28801155090332,52000,24,1,-0.45113096809199504,42.85712237004574
2015-06-24,26.440000534057617,26.479999542236328,26.270000457763672,26.270000457763672,24.09539031982422,145000,25,2,-0.6429654798038587,40.14087533983086
2015-06-25,26.309999465942383,26.3799991607666,26.209999084472656,26.239999771118164,24.06787872314453,88500,26,3,-0.26605737835468934,40.714275009775164
2015-06-26,26.360000610351562,26.360000610351562,26.139999389648438,26.209999084472656,24.040359497070312,44200,27,4,-0.5690497815087348,43.181805045805284
2015-06-29,25.920000076293945,26.09000015258789,25.799999237060547,25.809999465942383,23.673471450805664,72800,28,0,-0.4243850695516249,33.9285471001494
2015-06-30,26.0,26.0,25.780000686645508,25.860000610351562,23.71933364868164,57700,29,1,-0.5384591909555314,22.91675496969441
2015-07-01,26.049999237060547,26.049999237060547,25.829999923706055,25.889999389648438,23.74684715270996,94300,30,2,-0.614202887132842,23.448274047707358
2015-07-02,25.860000610351562,25.989999771118164,25.84000015258789,25.850000381469727,23.71015739440918,66300,31,3,-0.03867064441535062,25.000000000000014
2015-07-06,25.760000228881836,25.899999618530273,25.760000228881836,25.829999923706055,23.69182014465332,66900,32,0,0.2717379433317513,26.77165590842327
2015-07-07,25.829999923706055,25.8799991607666,25.709999084472656,25.84000015258789,23.70098876953125,36200,33,1,0.038715559083901674,23.7705430622608
2015-07-08,25.84000015258789,25.84000015258789,25.709999084472656,25.719999313354492,23.59091567993164,53900,34,2,-0.4643995298946657,19.847324909947034
2015-07-09,25.81999969482422,25.90999984741211,25.799999237060547,25.809999465942383,23.673471450805664,850900,35,3,-0.03873055383436519,15.322602973614025
2015-07-10,25.889999389648438,25.959999084472656,25.889999389648438,25.889999389648438,23.74684715270996,183400,36,4,0.0,23.27586632137131
2015-07-13,25.829999923706055,25.90999984741211,25.790000915527344,25.790000915527344,23.655132293701172,1939700,37,0,-0.1548548520977744,20.800018310546875
2015-07-14,25.75,26.0,25.75,25.950000762939453,23.801883697509766,811100,38,1,0.7767019919978857,30.656963777054443
2015-07-15,25.969999313354492,25.969999313354492,25.90999984741211,25.920000076293945,23.77436637878418,53400,39,2,-0.1925269094436799,35.29410821874555
2015-07-16,25.920000076293945,25.920000076293945,25.81999969482422,25.829999923706055,23.69182014465332,70400,40,3,-0.3472228098880481,33.600006103515625
2015-07-17,26.100000381469727,26.100000381469727,25.799999237060547,25.81999969482422,23.682645797729492,985400,41,4,-1.0727995500118825,34.146360374274664
2015-07-20,25.81999969482422,25.860000610351562,25.799999237060547,25.84000015258789,23.70098876953125,52500,42,0,0.07746110766873038,51.76474548126872
2015-07-21,25.809999465942383,25.829999923706055,25.729999542236328,25.729999542236328,23.6000919342041,34300,43,1,-0.30995709167533914,42.85708297177543
2015-07-22,25.700000762939453,25.739999771118164,25.649999618530273,25.65999984741211,23.535888671875,26800,44,2,-0.15564558108895898,37.89477065656911
2015-07-23,25.670000076293945,25.670000076293945,25.56999969482422,25.59000015258789,23.471683502197266,296800,45,3,-0.31164753980633675,36.73470182151525
2015-07-24,25.59000015258789,25.59000015258789,25.40999984741211,25.40999984741211,23.306581497192383,155300,46,4,-0.7034009538979147,31.578964980115074
2015-07-27,25.299999237060547,25.459999084472656,25.270000457763672,25.43000030517578,23.324932098388672,62700,47,0,0.513838229389374,32.17394333025946
2015-07-28,25.469999313354492,25.510000228881836,25.399999618530273,25.5,23.389131546020508,139800,48,1,0.11778832922770821,40.000034679054025
2015-07-29,25.489999771118164,25.65999984741211,25.489999771118164,25.649999618530273,23.526716232299805,203000,49,2,0.6276965431494475,43.103453945745784
2015-07-30,25.559999465942383,25.649999618530273,25.540000915527344,25.610000610351562,23.49003028869629,48000,50,3,0.1956226347962442,37.50004257478687
2015-07-31,25.649999618530273,25.649999618530273,25.530000686645508,25.549999237060547,23.434995651245117,152400,51,4,-0.3898650407678117,38.888830020203734
2015-08-03,25.59000015258789,25.59000015258789,25.350000381469727,25.479999542236328,23.370786666870117,262200,52,0,-0.4298577948247395,26.262604855831654
2015-08-04,25.450000762939453,25.510000228881836,25.3799991607666,25.450000762939453,23.343273162841797,36300,53,1,0.0,26.262655453766044
2015-08-05,25.479999542236328,25.6200008392334,25.459999084472656,25.479999542236328,23.370786666870117,60600,54,2,0.0,31.182742772059143
2015-08-06,25.43000030517578,25.440000534057617,25.260000228881836,25.34000015258789,23.24237823486328,161500,55,3,-0.35391329731747634,27.35846001036448
2015-08-07,25.25,25.299999237060547,25.15999984741211,25.260000228881836,23.169002532958984,356200,56,4,0.03960486685876674,24.10707747432309
2015-08-10,25.40999984741211,25.559999465942383,25.40999984741211,25.530000686645508,23.416648864746094,45300,57,0,0.472258323313679,42.187525611433394
2015-08-11,25.489999771118164,25.489999771118164,25.25,25.360000610351562,23.26072120666504,56900,58,1,-0.5100006352840358,39.130440791910615
2015-08-12,25.290000915527344,25.3700008392334,25.18000030517578,25.329999923706055,23.23320960998535,235900,59,2,0.15816135520245744,40.29848621796469
2015-08-13,25.399999618530273,25.399999618530273,25.299999237060547,25.299999237060547,23.2056884765625,106200,60,3,-0.39370229516371147,45.37812028171091
2015-08-14,25.229999542236328,25.399999618530273,25.229999542236328,25.3799991607666,23.27906608581543,86000,61,4,0.5945288198644816,47.9999511718005
2015-08-17,25.299999237060547,25.510000228881836,25.299999237060547,25.510000228881836,23.398303985595703,105500,62,0,0.8300434709644922,50.38168828086667
2015-08-18,25.600000381469727,25.600000381469727,25.420000076293945,25.459999084472656,23.352441787719727,50300,63,1,-0.5468800582456579,42.14874469765396
2015-08-19,25.450000762939453,25.450000762939453,25.18000030517578,25.280000686645508,23.187347412109375,83100,64,2,-0.6679767041166462,37.77778405711307
2015-08-20,25.079999923706055,25.09000015258789,24.790000915527344,24.790000915527344,22.737905502319336,79700,65,3,-1.1562958893975073,28.651717900800662
2015-08-21,24.610000610351562,24.760000228881836,24.43000030517578,24.469999313354492,22.444395065307617,874700,66,4,-0.5688796973787213,25.123155486444205
2015-08-24,23.950000762939453,25.170000076293945,23.75,24.280000686645508,22.270122528076172,118400,67,0,1.377870201226461,23.28767600512458
2015-08-25,24.459999084472656,24.600000381469727,24.309999465942383,24.520000457763672,22.49025535583496,214300,68,1,0.24530407006067012,30.000031789123668
2015-08-26,24.56999969482422,24.649999618530273,24.43000030517578,24.43000030517578,22.407705307006836,46000,69,2,-0.5697980927445001,30.638319976494998
2015-08-27,24.40999984741211,24.610000610351562,24.40999984741211,24.600000381469727,22.563634872436523,167900,70,3,0.7783717134179469,36.47542649523477
2015-08-28,24.600000381469727,24.690000534057617,24.450000762939453,24.59000015258789,22.554462432861328,51700,71,4,-0.04065133628765594,28.440376604730403
2015-08-31,24.5,24.8700008392334,24.5,24.829999923706055,22.774595260620117,734400,72,0,1.3469384641063398,38.222216947583554
2015-09-01,24.65999984741211,25.389999389648438,24.65999984741211,25.09000015258789,23.013076782226562,113600,73,1,1.7437157657602675,45.16129776540394
2015-09-02,25.170000076293945,25.170000076293945,24.790000915527344,24.809999465942383,22.756248474121094,44600,74,2,-1.430276556457477,41.025649982847845
2015-09-03,24.649999618530273,24.889999389648438,24.6200008392334,24.829999923706055,22.774595260620117,22200,75,3,0.7302243730684221,39.700396471050475
2015-09-04,24.690000534057617,25.040000915527344,24.690000534057617,24.989999771118164,22.921348571777344,57800,76,4,1.215063712318365,40.370364614313026
2015-09-08,24.989999771118164,24.989999771118164,24.790000915527344,24.889999389648438,22.829627990722656,65500,77,1,-0.4001615941801706,39.6363691850142
2015-09-09,24.860000610351562,24.860000610351562,24.670000076293945,24.780000686645508,22.72873306274414,47400,78,2,-0.32180177691847334,40.67164285327936
2015-09-10,24.739999771118164,24.950000762939453,24.719999313354492,24.8799991607666,22.820453643798828,429600,79,3,0.565882744315438,51.96502803970285
2015-09-11,25.25,25.25,24.6299991607666,24.68000030517578,22.63701820373535,155500,80,4,-2.2574245339572974,54.83874086646516
2015-09-14,24.540000915527344,24.670000076293945,24.239999771118164,24.5,22.47191047668457,35500,81,0,-0.1630029096781116,55.09258155468489
2015-09-15,24.450000762939453,24.549999237060547,24.229999542236328,24.229999542236328,22.22426414489746,48000,82,1,-0.8998004655958791,43.37897037946681
2015-09-16,24.229999542236328,24.25,24.079999923706055,24.110000610351562,22.11419677734375,70200,83,2,-0.495249418703414,42.79279124474404
2015-09-17,24.079999923706055,24.110000610351562,24.059999465942383,24.059999465942383,22.06833267211914,17800,84,3,-0.08305837968040075,37.14282600244867
2015-09-18,23.989999771118164,24.049999237060547,23.989999771118164,23.989999771118164,22.069257736206055,60000,85,4,0.0,36.1110890352957
2015-09-21,24.040000915527344,24.040000915527344,23.989999771118164,24.010000228881836,22.087657928466797,91800,86,0,-0.12479486482103175,28.865972286401373
2015-09-22,23.989999771118164,24.030000686645508,23.989999771118164,24.0,22.078454971313477,44000,87,1,0.04168498948413646,17.751448570390252
2015-09-23,23.989999771118164,24.010000228881836,23.84000015258789,23.84000015258789,21.931264877319336,23700,88,2,-0.6252589410645215,19.108258588244155
2015-09-24,23.8700008392334,23.920000076293945,23.84000015258789,23.8799991607666,21.968063354492188,1170700,89,3,0.04188655710799516,20.125693364810658
2015-09-25,23.969999313354492,24.0,23.93000030517578,23.969999313354492,22.050853729248047,46200,90,4,0.0,16.44727926155329
2015-09-28,23.8700008392334,23.989999771118164,23.65999984741211,23.65999984741211,21.76567840576172,85800,91,0,-0.8797695200585265,14.450792488776372
2015-09-29,23.760000228881836,23.8799991607666,23.670000076293945,23.739999771118164,21.83927345275879,471800,92,1,-0.0841770099789807,19.411682867939433
2015-09-30,23.950000762939453,24.059999465942383,23.860000610351562,24.040000915527344,22.115251541137695,288800,93,2,0.3757835061415138,27.894778581875954
2015-10-01,23.950000762939453,24.110000610351562,23.93000030517578,23.93000030517578,22.014055252075195,48900,94,3,-0.08350921555969615,29.28178367521565
2015-10-02,23.8799991607666,24.139999389648438,23.8799991607666,24.139999389648438,22.207246780395508,87300,95,4,1.0887782161609127,40.217375529963
2015-10-05,24.299999237060547,24.3700008392334,24.239999771118164,24.309999465942383,22.36363410949707,31600,96,0,0.041153206567123846,52.2988486847514
2015-10-06,24.15999984741211,24.309999465942383,24.15999984741211,24.229999542236328,22.2900447845459,77500,97,1,0.28973383802284314,53.5293787656094
2015-10-07,24.329999923706055,24.399999618530273,24.25,24.350000381469727,22.40043067932129,32600,98,2,0.08220492324861883,58.19211413916098
2015-10-08,24.309999465942383,24.469999313354492,24.280000686645508,24.440000534057617,22.483224868774414,28300,99,3,0.534763763764623,62.56984728432054
2015-10-09,24.43000030517578,24.510000228881836,24.43000030517578,24.459999084472656,22.501625061035156,10200,100,4,0.12279483799482183,62.56980740030369
2015-10-12,24.520000457763672,24.520000457763672,24.309999465942383,24.31999969482422,22.372833251953125,11400,101,0,-0.815663781425946,58.33333333333334
2015-10-13,24.280000686645508,24.360000610351562,24.280000686645508,24.329999923706055,22.382030487060547,15500,102,1,0.20592765917031297,63.841812780108384
2015-10-14,24.329999923706055,24.3700008392334,24.25,24.25,22.308441162109375,28800,103,2,-0.32881185350150943,60.22102067418999
2015-10-15,24.34000015258789,24.420000076293945,24.280000686645508,24.40999984741211,22.455629348754883,769900,104,3,0.28759118482082346,61.70214708708167
2015-10-16,24.40999984741211,24.5,24.389999389648438,24.5,22.538423538208008,66000,105,4,0.3687019793137347,75.30121174099583
2015-10-19,24.43000030517578,24.450000762939453,24.290000915527344,24.329999923706055,22.382030487060547,49300,106,0,-0.40933434392360635,66.85714721679688
2015-10-20,24.290000915527344,24.3799991607666,24.260000228881836,24.309999465942383,22.36363410949707,17700,107,1,0.08233243993933659,59.18362845350285
2015-10-21,24.200000762939453,24.3700008392334,24.200000762939453,24.209999084472656,22.271638870239258,45300,108,2,0.04131537693385923,59.58900530400021
2015-10-22,24.329999923706055,24.579999923706055,24.329999923706055,24.549999237060547,22.584423065185547,22900,109,3,0.9042306372559095,62.893075725332224
2015-10-23,24.59000015258789,24.8700008392334,24.59000015258789,24.84000015258789,22.851198196411133,77300,110,4,1.0166734381808817,65.49708711224238
2015-10-26,24.75,24.799999237060547,24.75,24.790000915527344,22.805204391479492,17100,111,0,0.16161986071654422,66.6667045108787
2015-10-27,24.649999618530273,24.75,24.479999542236328,24.700000762939453,22.722408294677734,86000,112,1,0.2028444023649989,60.6060746178077
2015-10-28,24.639999389648438,24.959999084472656,24.639999389648438,24.959999084472656,22.96159553527832,31700,113,2,1.298700092333016,64.28569182867797
2015-10-29,24.889999389648438,25.0,24.889999389648438,24.979999542236328,22.979990005493164,37500,114,3,0.3615916223176807,64.28572925705615
2015-10-30,25.020000457763672,25.030000686645508,24.899999618530273,24.899999618530273,22.906396865844727,29800,115,4,-0.4796196524295526,66.47726841702004
2015-11-02,24.84000015258789,25.15999984741211,24.84000015258789,25.149999618530273,23.136381149291992,38700,116,0,1.247984959895776,70.49999237060547
2015-11-03,25.09000015258789,25.270000457763672,25.06999969482422,25.200000762939453,23.18238067626953,159500,117,1,0.4384241119273824,74.1116795501371
2015-11-04,25.219999313354492,25.229999542236328,25.09000015258789,25.149999618530273,23.136381149291992,58700,118,2,-0.2775562915545038,69.89244003909035
2015-11-05,25.18000030517578,25.190000534057617,25.030000686645508,25.110000610351562,23.09958267211914,162600,119,3,-0.2779971960914951,66.85083280468554
2015-11-06,25.06999969482422,25.1200008392334,24.959999084472656,25.09000015258789,23.08118438720703,9700,120,4,0.07977845236193382,72.89154896078334
2015-11-09,24.979999542236328,25.030000686645508,24.790000915527344,24.889999389648438,22.897192001342773,320200,121,0,-0.3602888480270683,65.7608498472568
2015-11-10,24.829999923706055,24.93000030517578,24.829999923706055,24.920000076293945,22.924800872802734,63100,122,1,0.36246537601460904,70.05649839276458
2015-11-11,24.850000381469727,24.969999313354492,24.850000381469727,24.8799991607666,22.88799476623535,24100,123,2,0.12071943193709966,61.22446331605478
2015-11-12,24.8799991607666,24.8799991607666,24.75,24.790000915527344,22.805204391479492,144200,124,3,-0.36172929370985596,48.031526809502495
2015-11-13,24.729999542236328,24.75,24.670000076293945,24.670000076293945,22.694812774658203,12700,125,4,-0.24261814416902672,45.52236362834088
2015-11-16,24.639999389648438,24.770000457763672,24.639999389648438,24.770000457763672,22.78680419921875,53700,126,0,0.5276017505497554,52.592576894276554
2015-11-17,24.790000915527344,24.93000030517578,24.770000457763672,24.920000076293945,22.924800872802734,99100,127,1,0.5244015972794003,48.38714143103032
2015-11-18,24.920000076293945,25.09000015258789,24.90999984741211,25.09000015258789,23.08118438720703,18500,128,2,0.6821832896207081,53.956847365806674
2015-11-19,24.969999313354492,25.190000534057617,24.969999313354492,25.139999389648438,23.12718391418457,59200,129,3,0.6808173046405575,58.82350466247705
2015-11-20,25.170000076293945,25.219999313354492,25.110000610351562,25.1299991607666,23.117979049682617,27400,130,4,-0.15892298532417248,49.10712461086777
2015-11-23,25.149999618530273,25.200000762939453,25.040000915527344,25.040000915527344,23.035188674926758,58000,131,0,-0.43737059511477216,43.103453945745784
2015-11-24,25.0,25.1299991607666,24.979999542236328,25.100000381469727,23.09038543701172,41100,132,1,0.40000152587891247,47.86327712351813
2015-11-25,25.09000015258789,25.09000015258789,25.020000457763672,25.020000457763672,23.01679229736328,10600,133,2,-0.278994397762089,46.28098261631683
2015-11-27,24.899999618530273,25.100000381469727,24.899999618530273,25.049999237060547,23.044389724731445,41400,134,4,0.6024081157762096,48.360614730391006
2015-11-30,25.100000381469727,25.100000381469727,24.969999313354492,24.989999771118164,22.98919105529785,922200,135,0,-0.43824943697120533,54.62966396987791
2015-12-01,25.040000915527344,25.170000076293945,25.010000228881836,25.170000076293945,23.1547794342041,111700,136,1,0.5191659585203512,60.162636926397795
2015-12-02,25.09000015258789,25.110000610351562,24.899999618530273,24.899999618530273,22.906396865844727,50400,137,2,-0.7572759382307948,50.68494940284118
2015-12-03,24.920000076293945,24.920000076293945,24.780000686645508,24.809999465942383,22.8236026763916,34500,138,3,-0.4414149679566215,50.68488318773442
2015-12-04,24.799999237060547,25.049999237060547,24.770000457763672,25.010000228881836,23.007591247558594,40000,139,4,0.8467782188777973,61.038986774865556
2015-12-07,25.1299991607666,25.520000457763672,24.90999984741211,24.959999084472656,22.96159553527832,28500,140,0,-0.6764826182698469,56.375801983645424
2015-12-08,24.860000610351562,24.940000534057617,24.829999923706055,24.889999389648438,22.897192001342773,29700,141,1,0.1206708711197102,48.93614430939675
2015-12-09,24.809999465942383,25.0,24.75,24.809999465942383,22.8236026763916,43200,142,2,0.0,39.393895607166435
2015-12-10,24.81999969482422,24.969999313354492,24.790000915527344,24.860000610351562,22.869600296020508,25800,143,3,0.16116404520216676,39.39398318064907
2015-12-11,24.739999771118164,24.889999389648438,24.709999084472656,24.829999923706055,22.841999053955078,81800,144,4,0.3637839669382581,38.805999891822026
2015-12-14,24.84000015258789,24.920000076293945,24.690000534057617,24.75,22.76840591430664,132700,145,0,-0.3623194526370166,39.09772495210124
2015-12-15,24.8799991607666,25.049999237060547,24.829999923706055,24.93000030517578,22.93399429321289,113100,146,1,0.20096923671937272,44.13793919909921
2015-12-16,24.979999542236328,25.110000610351562,24.920000076293945,25.110000610351562,23.09958267211914,232500,147,2,0.520420618484918,52.90322501255155
2015-12-17,25.100000381469727,25.1200008392334,24.829999923706055,24.84000015258789,22.851198196411133,86900,148,3,-1.0358574698420497,44.134119286760054
2015-12-18,24.670000076293945,24.670000076293945,24.469999313354492,24.469999313354492,22.64483642578125,38400,149,4,-0.810704346659652,37.61907270428553
2015-12-21,24.5,24.59000015258789,24.479999542236328,24.579999923706055,22.746623992919922,198600,150,0,0.3265303008410436,35.4680224145642
2015-12-22,24.579999923706055,24.649999618530273,24.510000228881836,24.6200008392334,22.783647537231445,140000,151,1,0.16273765521359618,42.22228580026746
2015-12-23,24.700000762939453,24.969999313354492,24.700000762939453,24.969999313354492,23.107542037963867,158300,152,2,1.0931115063775643,53.883481661722385
2015-12-24,24.809999465942383,24.889999389648438,24.68000030517578,24.790000915527344,22.981460571289062,33600,153,3,-0.08060681517745305,44.60786742823377
2015-12-28,24.799999237060547,24.84000015258789,24.719999313354492,24.739999771118164,22.93510627746582,692000,154,0,-0.24193333785559323,44.60786742823377
2015-12-29,24.6299991607666,24.979999542236328,24.6299991607666,24.860000610351562,23.046356201171875,90100,155,1,0.9338264613152347,49.282327216444415
2015-12-30,24.739999771118164,24.950000762939453,24.739999771118164,24.84000015258789,23.027807235717773,156800,156,2,0.40420526432853876,50.738931530094234
2015-12-31,24.639999389648438,24.829999923706055,24.600000381469727,24.68000030517578,22.879487991333008,286900,157,3,0.1623413819731967,45.79439169038965
2016-01-04,24.540000915527344,24.600000381469727,24.389999389648438,24.600000381469727,22.805320739746094,48200,158,0,0.24449659211063235,44.74887475265461
2016-01-05,24.520000457763672,24.579999923706055,24.469999313354492,24.5,22.71261978149414,67000,159,1,-0.08156793389185735,44.343898822623714
2016-01-06,24.360000610351562,24.43000030517578,24.260000228881836,24.299999237060547,22.527206420898438,56400,160,2,-0.2463110500314114,35.87443677704752
2016-01-07,24.079999923706055,24.25,24.030000686645508,24.079999923706055,22.323257446289062,105700,161,3,0.0,27.312783843849644
2016-01-08,24.09000015258789,24.09000015258789,24.049999237060547,24.059999465942383,22.304718017578125,61100,162,4,-0.12453585079070795,30.69307491622311
2016-01-11,24.079999923706055,24.100000381469727,24.059999465942383,24.059999465942383,22.304718017578125,30300,163,0,-0.08305837968040075,37.575773689248116
2016-01-12,24.06999969482422,24.09000015258789,24.049999237060547,24.06999969482422,22.313983917236328,24100,164,1,0.0,33.548391860180374
2016-01-13,24.09000015258789,24.1299991607666,23.719999313354492,23.719999313354492,21.989521026611328,172800,165,2,-1.5359104893722941,25.806418533680073
2016-01-14,23.799999237060547,24.09000015258789,23.729999542236328,24.079999923706055,22.323257446289062,136800,166,3,1.1764735110138203,26.203259827420908
2016-01-15,23.739999771118164,24.280000686645508,23.739999771118164,24.079999923706055,22.323257446289062,234100,167,4,1.4321826279102723,28.994107549356755
2016-01-19,24.1200008392334,24.15999984741211,24.010000228881836,24.059999465942383,22.304718017578125,117700,168,1,-0.24876190382803198,29.518108282011212
2016-01-20,23.81999969482422,24.0,23.700000762939453,23.989999771118164,22.23982810974121,70400,169,2,0.7136863076068201,22.98138264789334
2016-01-21,23.959999084472656,24.100000381469727,23.959999084472656,23.989999771118164,22.23982810974121,12800,170,3,0.12521155171891785,23.2704628853229
2016-01-22,24.010000228881836,24.030000686645508,23.81999969482422,23.81999969482422,22.082225799560547,146800,171,4,-0.7913391597100583,23.12501937148184
2016-01-25,23.81999969482422,23.889999389648438,23.799999237060547,23.829999923706055,22.091495513916016,25200,172,0,0.041982489546410484,24.83662901010021
2016-01-26,23.8700008392334,23.889999389648438,23.790000915527344,23.790000915527344,22.054410934448242,64500,173,1,-0.335148390839457,25.850391330523777
2016-01-27,23.81999969482422,23.8700008392334,23.780000686645508,23.860000610351562,22.119308471679688,17900,174,2,0.16792995818566414,33.582142663967915
2016-01-28,23.84000015258789,23.8700008392334,23.729999542236328,23.799999237060547,22.063682556152344,48900,175,3,-0.16778907412465793,38.135586371211375
2016-01-29,23.770000457763672,23.950000762939453,23.770000457763672,23.950000762939453,22.202743530273438,376400,176,4,0.7572583159836999,45.80158673536987
2016-02-01,23.790000915527344,23.969999313354492,23.790000915527344,23.84000015258789,22.100767135620117,295100,177,0,0.21016912625637652,42.253566530690094
2016-02-02,23.780000686645508,23.81999969482422,23.709999084472656,23.739999771118164,22.00806427001953,30800,178,1,-0.16821242376922063,39.07287946978376
2016-02-03,23.700000762939453,23.860000610351562,23.649999618530273,23.84000015258789,22.100767135620117,12400,179,2,0.5907147052389927,54.761922782903554
2016-02-04,23.799999237060547,23.920000076293945,23.799999237060547,23.8700008392334,22.128578186035156,20600,180,3,0.2941243883060718,38.70977665661724
2016-02-05,23.809999465942383,23.809999465942383,23.6200008392334,23.639999389648438,21.915361404418945,34100,181,4,-0.713986056728444,31.034550796889718
2016-02-08,23.600000381469727,23.600000381469727,23.3799991607666,23.530000686645508,21.813383102416992,80000,182,0,-0.29660887157942906,28.800113525044168
2016-02-09,23.600000381469727,23.6299991607666,23.530000686645508,23.559999465942383,21.841190338134766,43100,183,1,-0.1694954020371564,32.23143492173584
2016-02-10,23.6200008392334,23.75,23.579999923706055,23.579999923706055,21.8597354888916,348300,184,2,-0.16935188021205416,33.333385022857115
2016-02-11,23.5,23.600000381469727,23.479999542236328,23.559999465942383,21.841190338134766,54900,185,3,0.2553168763505642,37.96299403249192
2016-02-12,23.739999771118164,23.809999465942383,23.649999618530273,23.809999465942383,22.07295799255371,12700,186,4,0.2948597114536655,49.24240891712014
2016-02-16,23.709999084472656,23.979999542236328,23.709999084472656,23.979999542236328,22.230552673339844,39000,187,1,1.13876199151981,56.55165609955013
2016-02-17,23.959999084472656,24.209999084472656,23.959999084472656,24.149999618530273,22.388154983520508,26400,188,2,0.7929905731121067,59.35477678554948
2016-02-18,24.15999984741211,24.15999984741211,24.040000915527344,24.049999237060547,22.29544448852539,35500,189,3,-0.45530054241016416,57.86161560423215
2016-02-19,24.049999237060547,24.200000762939453,23.959999084472656,23.979999542236328,22.230552673339844,40800,190,4,-0.2910590313714101,50.99333565751646
2016-02-22,24.059999465942383,24.1299991607666,24.020000457763672,24.040000915527344,22.286174774169922,202900,191,0,-0.08311949650434691,56.84932759562199
2016-02-23,24.1299991607666,24.1299991607666,23.950000762939453,23.969999313354492,22.221284866333008,13100,192,1,-0.6630744010644452,58.04191886722491
2016-02-24,23.959999084472656,24.059999465942383,23.8700008392334,24.040000915527344,22.286174774169922,142300,193,2,0.333897471250455,57.142857142857146
2016-02-25,23.920000076293945,24.15999984741211,23.920000076293945,24.15999984741211,22.397422790527344,141700,194,3,1.0033435215412778,59.73148692189234
2016-02-26,24.229999542236328,24.229999542236328,24.18000030517578,24.18000030517578,22.41596221923828,204200,195,4,-0.20635261248516112,71.09374301509484
2016-02-29,24.209999084472656,24.209999084472656,24.049999237060547,24.049999237060547,22.29544448852539,48300,196,0,-0.6608833269833858,69.99986795329067
2016-03-01,24.170000076293945,24.34000015258789,23.489999771118164,23.489999771118164,21.776302337646484,68300,197,1,-2.813406301321153,48.08744593256553
2016-03-02,24.299999237060547,24.399999618530273,24.290000915527344,24.399999618530273,22.619915008544922,118700,198,2,0.4115242164996147,65.07349589710434
2016-03-03,24.3799991607666,24.3799991607666,24.25,24.360000610351562,22.582834243774414,12600,199,3,-0.08202851149897716,64.59854192437302
2016-03-04,24.360000610351562,24.479999542236328,24.290000915527344,24.43000030517578,22.647724151611328,26500,200,4,0.2873550618651244,62.10937587311379
2016-03-07,24.3700008392334,24.510000228881836,24.329999923706055,24.440000534057617,22.65699577331543,35700,201,0,0.28723714572682635,59.58334028719862
2016-03-08,24.309999465942383,24.389999389648438,24.219999313354492,24.239999771118164,22.47158432006836,145100,202,1,-0.28794609774585034,51.85185185185185
2016-03-09,24.34000015258789,24.3799991607666,24.270000457763672,24.360000610351562,22.582834243774414,61900,203,2,0.08217114888369181,56.326546817925625
2016-03-10,24.399999618530273,24.5,24.139999389648438,24.31999969482422,22.54574966430664,93800,204,3,-0.327868544904808,57.02477970964233
2016-03-11,24.479999542236328,24.700000762939453,24.479999542236328,24.700000762939453,22.898025512695312,157500,205,4,0.8986978137950796,62.04376869058691
2016-03-14,24.6200008392334,24.729999542236328,24.6200008392334,24.709999084472656,22.907297134399414,12100,206,0,0.3655493183243097,63.8059544813048
2016-03-15,24.56999969482422,24.639999389648438,24.520000457763672,24.639999389648438,22.8424072265625,25400,207,1,0.2848990463722556,61.194000108177974
2016-03-16,24.559999465942383,24.799999237060547,24.559999465942383,24.75,22.944379806518555,15500,208,2,0.7736178265031812,61.04868378754867
2016-03-17,24.729999542236328,24.940000534057617,24.709999084472656,24.90999984741211,23.09270477294922,32000,209,3,0.727862145198821,62.98930935007637
2016-03-18,24.920000076293945,24.950000762939453,24.8799991607666,24.920000076293945,23.161468505859375,8100,210,4,0.0,66.17101610610246
2016-03-21,24.739999771118164,24.979999542236328,24.540000915527344,24.979999542236328,23.21722412109375,62800,211,0,0.9700880086439767,84.01825131881368
2016-03-22,24.860000610351562,24.989999771118164,24.829999923706055,24.920000076293945,23.161468505859375,94400,212,1,0.24134941459896808,69.402999945911
2016-03-23,24.8700008392334,24.920000076293945,24.780000686645508,24.799999237060547,23.04993438720703,11100,213,2,-0.281470043468679,65.49288774866015
2016-03-24,24.690000534057617,24.770000457763672,24.65999984741211,24.770000457763672,23.022048950195312,25300,214,3,0.3240175049640026,62.31883657351994
2016-03-28,24.829999923706055,24.860000610351562,24.760000228881836,24.81999969482422,23.06852149963379,50800,215,0,-0.04027478418269226,63.38025142077317
2016-03-29,24.739999771118164,24.969999313354492,24.700000762939453,24.969999313354492,23.207937240600586,34100,216,1,0.929666711253696,76.64233983131786
2016-03-30,25.049999237060547,25.139999389648438,25.049999237060547,25.06999969482422,23.30088233947754,21500,217,2,0.07984214919289911,76.29629211006686
2016-03-31,25.049999237060547,25.100000381469727,24.989999771118164,25.010000228881836,23.245113372802734,80300,218,3,-0.15967668421934533,75.18255593625265
2016-04-01,24.8799991607666,25.18000030517578,24.850000381469727,25.149999618530273,23.3752384185791,61200,219,4,1.0852108797070992,69.91153579331683
2016-04-04,25.0,25.1299991607666,24.989999771118164,25.100000381469727,23.328763961791992,29800,220,0,0.40000152587891247,66.6667753478477
2016-04-05,24.93000030517578,24.959999084472656,24.850000381469727,24.8799991607666,23.124284744262695,43500,221,1,-0.20056616043763187,59.090915658925034
2016-04-06,24.889999389648438,25.100000381469727,24.8799991607666,25.100000381469727,23.328763961791992,492200,222,2,0.8437163397787328,62.23778928709097
2016-04-07,24.989999771118164,25.010000228881836,24.799999237060547,24.84000015258789,23.08710479736328,9300,223,3,-0.6002385750464634,47.712426448588815
2016-04-08,25.020000457763672,25.040000915527344,24.889999389648438,24.889999389648438,23.133581161499023,61500,224,4,-0.5195885920733279,49.044562773118734
2016-04-11,25.0,25.059999465942383,24.8799991607666,24.8799991607666,23.124284744262695,12900,225,0,-0.4800033569335893,46.71051063034167
2016-04-12,24.8799991607666,24.989999771118164,24.8799991607666,24.959999084472656,23.19864273071289,46900,226,1,0.32154311255849777,51.298669933106524
2016-04-13,25.010000228881836,25.059999465942383,25.0,25.059999465942383,23.29158592224121,98500,227,2,0.19991697962005173,58.55264726439516
2016-04-14,25.049999237060547,25.110000610351562,25.020000457763672,25.049999237060547,23.28229331970215,48100,228,3,0.0,59.333292643229164
2016-04-15,25.020000457763672,25.030000686645508,24.969999313354492,25.0,23.235820770263672,110500,229,4,-0.07993787928755047,56.00001017252604
2016-04-18,24.950000762939453,25.139999389648438,24.950000762939453,25.139999389648438,23.365938186645508,17200,230,0,0.7615175186335366,55.70470142308711
2016-04-19,25.18000030517578,25.239999771118164,25.139999389648438,25.190000534057617,23.41241455078125,26900,231,1,0.03971496727814827,54.166694261399385
2016-04-20,25.209999084472656,25.31999969482422,25.200000762939453,25.219999313354492,23.44029426574707,128300,232,2,0.039667708230872734,57.44677685100765
2016-04-21,25.270000457763672,25.270000457763672,25.09000015258789,25.110000610351562,23.338056564331055,66000,233,3,-0.633161236698565,48.5507596918939
2016-04-22,25.010000228881836,25.1299991607666,25.010000228881836,25.09000015258789,23.319469451904297,7300,234,4,0.3198717431984299,49.629621257182585
2016-04-25,25.030000686645508,25.059999465942383,24.979999542236328,25.049999237060547,23.28229331970215,19100,235,0,0.07989832147989873,57.264960051645126
2016-04-26,25.100000381469727,25.15999984741211,25.049999237060547,25.100000381469727,23.328763961791992,51200,236,1,0.0,50.0
2016-04-27,25.06999969482422,25.139999389648438,25.020000457763672,25.139999389648438,23.365938186645508,11800,237,2,0.2792169751747897,69.23075042059548
2016-04-28,25.030000686645508,25.15999984741211,24.889999389648438,24.90999984741211,23.152172088623047,75900,238,3,-0.47942803012955837,51.041691501959015
2016-04-29,25.059999465942383,25.059999465942383,24.709999084472656,24.829999923706055,23.077816009521484,178100,239,4,-0.9177954794009735,47.57284969334242
2016-05-02,24.760000228881836,24.989999771118164,24.760000228881836,24.969999313354492,23.207937240600586,22100,240,0,0.8481384593353125,50.458726833988656
2016-05-03,24.809999465942383,24.809999465942383,24.719999313354492,24.780000686645508,23.03134536743164,13300,241,1,-0.1209140666772468,38.13560965832496
2016-05-04,24.719999313354492,24.770000457763672,24.709999084472656,24.709999084472656,22.966283798217773,6000,242,2,-0.04045400145473721,36.290292809283265
2016-05-05,24.709999084472656,24.729999542236328,24.649999618530273,24.68000030517578,22.938404083251953,69700,243,3,-0.12140340108601766,36.885230523896624
2016-05-06,24.690000534057617,24.690000534057617,24.59000015258789,24.68000030517578,22.938404083251953,103700,244,4,-0.040503153768833844,28.70370697419777
2016-05-09,24.65999984741211,24.739999771118164,24.6299991607666,24.649999618530273,22.910518646240234,25900,245,0,-0.04055242880662835,24.528200034548277
2016-05-10,24.760000228881836,24.950000762939453,24.760000228881836,24.940000534057617,23.1800594329834,492600,246,1,0.726980224199747,39.39398318064907
2016-05-11,24.8700008392334,24.93000030517578,24.739999771118164,24.739999771118164,22.994165420532227,8100,247,2,-0.5227224114530471,36.879419192773184
2016-05-12,24.809999465942383,24.829999923706055,24.6299991607666,24.709999084472656,22.966283798217773,3008500,248,3,-0.40306482717583636,36.619699391529764
2016-05-13,24.760000228881836,24.760000228881836,24.510000228881836,24.559999465942383,22.82686424255371,77100,249,4,-0.8077575165211792,33.98694277084026
2016-05-16,24.56999969482422,24.68000030517578,24.56999969482422,24.65999984741211,22.919816970825195,580400,250,0,0.3663009918833948,36.075931794175354
2016-05-17,24.65999984741211,24.670000076293945,24.530000686645508,24.549999237060547,22.817581176757812,302800,251,1,-0.44606898228795044,32.12122403118339
2016-05-18,24.520000457763672,24.6299991607666,24.440000534057617,24.549999237060547,22.817581176757812,67600,252,2,0.12234412209146672,37.32393987830595
2016-05-19,24.489999771118164,24.530000686645508,24.440000534057617,24.479999542236328,22.752513885498047,793800,253,3,-0.04083392803306829,37.5886544010324
2016-05-20,24.559999465942383,24.65999984741211,24.530000686645508,24.59000015258789,22.854751586914062,81000,254,4,0.12215263557766587,36.23194415074103
2016-05-23,24.6299991607666,24.639999389648438,24.579999923706055,24.610000610351562,22.873342514038086,2600,255,0,-0.08119590376152175,42.975231363622754
2016-05-24,24.6299991607666,24.739999771118164,24.6299991607666,24.709999084472656,22.966283798217773,196400,256,1,0.3248068470643295,50.0
2016-05-25,24.81999969482422,24.93000030517578,24.799999237060547,24.8799991607666,23.124284744262695,273500,257,2,0.24173838307861573,57.24631972346268
2016-05-26,24.84000015258789,24.899999618530273,24.84000015258789,24.8799991607666,23.124284744262695,10800,258,3,0.16102660198471508,57.24631972346268
2016-05-27,24.860000610351562,24.950000762939453,24.850000381469727,24.889999389648438,23.133581161499023,281000,259,4,0.1206708711197102,58.82350466247705
2016-05-31,24.920000076293945,24.920000076293945,24.860000610351562,24.8700008392334,23.11499786376953,27000,260,1,-0.20063899240558847,46.78900527408071
2016-06-01,24.84000015258789,24.920000076293945,24.81999969482422,24.920000076293945,23.161468505859375,81100,261,2,0.3220608825065474,59.57449830570379
2016-06-02,24.860000610351562,24.889999389648438,24.850000381469727,24.8700008392334,23.11499786376953,24000,262,3,0.04022618115975263,58.33344923159453
2016-06-03,24.860000610351562,24.860000610351562,24.81999969482422,24.81999969482422,23.06852149963379,12600,263,4,-0.1609047246390105,65.11631517431196
2016-06-06,24.850000381469727,24.93000030517578,24.850000381469727,24.93000030517578,23.170757293701172,9500,264,0,0.32193127757740303,65.51728673842983
2016-06-07,24.920000076293945,24.969999313354492,24.920000076293945,24.940000534057617,23.1800594329834,108100,265,1,0.08025865851701841,75.32480722118598
2016-06-08,24.979999542236328,25.049999237060547,24.979999542236328,25.030000686645508,23.263702392578125,21000,266,2,0.20016471307229278,77.90710311009188
2016-06-09,25.010000228881836,25.030000686645508,24.940000534057617,24.989999771118164,23.226524353027344,51200,267,3,-0.07996984238558547,80.72290817838997
2016-06-10,24.8799991607666,24.889999389648438,24.75,24.84000015258789,23.08710479736328,54100,268,4,-0.16076772318298627,64.3678337316116
2016-06-13,24.770000457763672,24.8700008392334,24.729999542236328,24.739999771118164,22.994165420532227,20700,269,0,-0.12111702095711774,56.84206933521793
2016-06-14,24.68000030517578,24.729999542236328,24.579999923706055,24.68000030517578,22.938404083251953,20600,270,1,0.0,48.35171514686588
2016-06-15,24.709999084472656,24.75,24.610000610351562,24.610000610351562,22.873342514038086,44300,271,2,-0.4046882955326847,33.333411825098366
2016-06-16,24.559999465942383,24.670000076293945,24.450000762939453,24.670000076293945,22.929107666015625,7600,272,3,0.44788523104042355,37.931072282024864
2016-06-17,24.540000915527344,24.540000915527344,24.399999618530273,24.469999313354492,22.851598739624023,83100,273,4,-0.28525509193668697,30.18866566500823
2016-06-20,24.68000030517578,24.75,24.59000015258789,24.59000015258789,22.963659286499023,98700,274,0,-0.3646683609198176,37.93102314300983
2016-06-21,24.6200008392334,24.700000762939453,24.6200008392334,24.639999389648438,23.010356903076172,6100,275,1,0.0812288778770931,37.93102314300983
2016-06-22,24.68000030517578,24.75,24.6200008392334,24.6299991607666,23.001012802124023,6000,276,2,-0.20259782735372323,39.28566562898074
2016-06-23,24.799999237060547,24.920000076293945,24.780000686645508,24.920000076293945,23.271835327148438,10600,277,3,0.48387436663333006,53.67647780677753
2016-06-24,24.219999313354492,24.43000030517578,24.18000030517578,24.219999313354492,22.61812973022461,107900,278,4,0.0,31.794871293268628
2016-06-27,23.950000762939453,23.950000762939453,23.709999084472656,23.709999084472656,22.141860961914062,65300,279,0,-1.0020946589620938,24.897956959362617
2016-06-28,23.690000534057617,23.690000534057617,23.610000610351562,23.639999389648438,22.07649040222168,5600,280,1,-0.21106434479516434,21.399176308710764
2016-06-29,23.59000015258789,23.6200008392334,23.579999923706055,23.59000015258789,22.029800415039062,14500,281,2,0.0,21.311489506067176
2016-06-30,23.56999969482422,23.610000610351562,23.559999465942383,23.579999923706055,22.020463943481445,279800,282,3,0.04242778536833747,22.60870430554715
2016-07-01,23.56999969482422,23.600000381469727,23.549999237060547,23.59000015258789,22.029800415039062,374400,283,4,0.08485557073665273,23.981920759624984
2016-07-05,23.579999923706055,23.610000610351562,23.56999969482422,23.579999923706055,22.020463943481445,3800,284,1,0.0,24.537048892546608
2016-07-06,23.56999969482422,23.6200008392334,23.56999969482422,23.600000381469727,22.03913688659668,8800,285,2,0.1272833561049902,26.0663738453097
2016-07-07,23.600000381469727,23.65999984741211,23.549999237060547,23.56999969482422,22.01112174987793,105500,286,3,-0.12712155152787563,23.557730662683255
2016-07-08,23.600000381469727,23.739999771118164,23.600000381469727,23.739999771118164,22.169876098632812,14600,287,4,0.5932177431588581,32.19515962158259
2016-07-11,23.739999771118164,23.84000015258789,23.739999771118164,23.799999237060547,22.225908279418945,45300,288,0,0.252735747771049,30.15074750750958
2016-07-12,23.84000015258789,23.950000762939453,23.84000015258789,23.889999389648438,22.309959411621094,6600,289,1,0.20972834203241142,31.527117201256033
2016-07-13,23.899999618530273,23.920000076293945,23.860000610351562,23.860000610351562,22.28194236755371,2700,290,2,-0.16735986952777226,31.219558035004013
2016-07-14,23.969999313354492,24.0,23.93000030517578,23.969999313354492,22.384666442871094,45100,291,3,0.0,24.598895573112685
2016-07-15,23.989999771118164,23.989999771118164,23.90999984741211,23.90999984741211,22.328628540039062,2400,292,4,-0.33347196527432343,37.39837146228792
2016-07-18,23.940000534057617,23.950000762939453,23.920000076293945,23.93000030517578,22.347307205200195,12500,293,0,-0.041772049535293565,64.86499025702885
2016-07-19,23.940000534057617,23.940000534057617,23.850000381469727,23.8799991607666,22.300617218017578,20700,294,1,-0.2506322972117614,66.66666666666666
2016-07-20,23.940000534057617,24.010000228881836,23.940000534057617,23.979999542236328,22.39400291442871,290300,295,2,0.16708023093736646,75.32462063601369
2016-07-21,23.959999084472656,23.979999542236328,23.8799991607666,23.889999389648438,22.309959411621094,13400,296,3,-0.2921523267902848,68.23525451873128
2016-07-22,23.90999984741211,24.0,23.90999984741211,23.989999771118164,22.403345108032227,7300,297,4,0.3345877215248594,71.27656336553504
2016-07-25,24.040000915527344,24.040000915527344,23.889999389648438,23.920000076293945,22.337974548339844,8900,298,0,-0.49917152522190866,67.00000762939453
2016-07-26,23.969999313354492,23.969999313354492,23.8700008392334,23.93000030517578,22.347307205200195,9700,299,1,-0.16687112776188062,66.66666666666666
2016-07-27,24.010000228881836,24.010000228881836,23.829999923706055,23.90999984741211,22.328628540039062,22600,300,2,-0.41649471268824234,67.34695466346959
2016-07-28,23.84000015258789,23.920000076293945,23.84000015258789,23.90999984741211,22.328628540039062,4700,301,3,0.29362287909473483,60.49383878890346
2016-07-29,23.940000534057617,23.950000762939453,23.889999389648438,23.920000076293945,22.337974548339844,16500,302,4,-0.08354409907058713,57.894789677231536
2016-08-01,23.93000030517578,23.979999542236328,23.8700008392334,23.889999389648438,22.309959411621094,7900,303,0,-0.1671580234735348,50.0
2016-08-02,23.8700008392334,23.8700008392334,23.719999313354492,23.780000686645508,22.207231521606445,6200,304,1,-0.37704293851538173,44.87180427685875
2016-08-03,23.760000228881836,23.829999923706055,23.760000228881836,23.81999969482422,22.244586944580078,4000,305,2,0.2525230023754377,39.4366613386345
2016-08-04,23.850000381469727,23.8799991607666,23.829999923706055,23.860000610351562,22.28194236755371,7900,306,3,0.04192968017562304,46.37687969924812
2016-08-05,23.920000076293945,24.06999969482422,23.920000076293945,24.0,22.41267967224121,1000,307,4,0.33444784051375187,54.320961490460924
2016-08-08,23.950000762939453,24.030000686645508,23.950000762939453,23.979999542236328,22.39400291442871,10200,308,0,0.12525585946241424,56.41027522038416
2016-08-09,23.93000030517578,24.040000915527344,23.93000030517578,23.979999542236328,22.39400291442871,85100,309,1,0.208939558808674,50.0
2016-08-10,23.989999771118164,23.989999771118164,23.90999984741211,23.93000030517578,22.347307205200195,10600,310,2,-0.2501019863060505,53.12507450587702
2016-08-11,23.969999313354492,24.09000015258789,23.93000030517578,24.049999237060547,22.459373474121094,170500,311,3,0.33375021275650063,54.54542827335281
2016-08-12,23.979999542236328,24.059999465942383,23.979999542236328,24.059999465942383,22.468711853027344,22700,312,4,0.333611030997516,61.66664547385018
2016-08-15,24.049999237060547,24.149999618530273,24.040000915527344,24.110000610351562,22.51540756225586,4200,313,0,0.2494859675444605,64.06253725293851
2016-08-16,24.170000076293945,24.170000076293945,23.959999084472656,24.0,22.41267967224121,3600,314,1,-0.703351575330291,56.16439787839992
2016-08-17,23.959999084472656,24.020000457763672,23.889999389648438,24.020000457763672,22.43136215209961,8300,315,2,0.2504231034378357,57.3333740234375
2016-08-18,24.030000686645508,24.059999465942383,24.0,24.040000915527344,22.45003890991211,3500,316,3,0.041615599650790536,57.894789677231536
2016-08-19,23.940000534057617,24.030000686645508,23.940000534057617,24.020000457763672,22.43136215209961,4700,317,4,0.3341684290785407,58.666737874348954
2016-08-22,24.049999237060547,24.049999237060547,23.979999542236328,24.020000457763672,22.43136215209961,19600,318,0,-0.12473505300842902,68.74994412075877
2016-08-23,24.09000015258789,24.139999389648438,24.079999923706055,24.09000015258789,22.496728897094727,21600,319,1,0.0,70.14922823778589
2016-08-24,24.049999237060547,24.06999969482422,23.93000030517578,23.959999084472656,22.37532615661621,16300,320,2,-0.3742210205528895,56.578828489685286
2016-08-25,23.920000076293945,23.989999771118164,23.920000076293945,23.93000030517578,22.347307205200195,5400,321,3,0.04180697679740941,44.615420730776904
2016-08-26,23.940000534057617,24.030000686645508,23.829999923706055,23.899999618530273,22.31929588317871,37200,322,4,-0.16708819814117426,43.939415832685505
2016-08-29,24.0,24.040000915527344,24.0,24.010000228881836,22.42201805114746,2900,323,0,0.041667620340990474,51.94809055171748
2016-08-30,23.959999084472656,23.969999313354492,23.920000076293945,23.950000762939453,22.365985870361328,5600,324,1,-0.04172922335244911,51.28207636216029
2016-08-31,23.940000534057617,23.940000534057617,23.850000381469727,23.93000030517578,22.347307205200195,10100,325,2,-0.041772049535293565,41.176602583880765
2016-09-01,23.889999389648438,23.90999984741211,23.799999237060547,23.899999618530273,22.31929588317871,10200,326,3,0.04185947734334228,38.57151420692963
2016-09-02,24.0,24.030000686645508,23.940000534057617,23.989999771118164,22.403345108032227,40000,327,4,-0.04166762034097937,41.89187447644822
2016-09-06,24.0,24.040000915527344,23.950000762939453,24.020000457763672,22.43136215209961,6100,328,1,0.08333524068195874,51.51517778702548
2016-09-07,24.010000228881836,24.049999237060547,23.989999771118164,24.020000457763672,22.43136215209961,3900,329,2,0.041650265666404174,50.0
2016-09-08,24.030000686645508,24.030000686645508,23.959999084472656,23.989999771118164,22.403345108032227,6700,330,3,-0.16646239860315104,46.153778437684316
2016-09-09,23.899999618530273,23.899999618530273,23.84000015258789,23.889999389648438,22.309959411621094,36500,331,4,-0.04184196251653116,41.09585819842606
2016-09-12,23.84000015258789,24.18000030517578,23.84000015258789,24.149999618530273,22.552762985229492,10500,332,0,1.3003333219724578,56.565590399328
2016-09-13,24.0,24.0,23.860000610351562,23.8799991607666,22.300617218017578,15000,333,1,-0.5000034968058231,41.17646115995224
2016-09-14,23.969999313354492,24.079999923706055,23.850000381469727,23.8799991607666,22.300617218017578,14300,334,2,-0.3754699840051612,46.22643037209377
2016-09-15,23.809999465942383,24.030000686645508,23.809999465942383,24.030000686645508,22.440698623657227,3100,335,3,0.9239866679451758,54.23728265630884
2016-09-16,23.93000030517578,23.93000030517578,23.829999923706055,23.850000381469727,22.361007690429688,58400,336,4,-0.3343080764138251,48.12033741284314
2016-09-19,23.780000686645508,24.110000610351562,23.760000228881836,23.790000915527344,22.304752349853516,2000,337,0,0.04205310594229683,41.406307043307095
2016-09-20,23.969999313354492,23.969999313354492,23.969999313354492,23.969999313354492,22.473512649536133,200,338,1,0.0,50.71423219187881
2016-09-21,23.780000686645508,23.780000686645508,23.780000686645508,23.780000686645508,22.295373916625977,200,339,2,0.0,45.2229469599688
2016-09-22,23.5,23.860000610351562,21.43000030517578,23.850000381469727,22.361007690429688,9500,340,3,1.4893633254030814,48.447229251371866
2016-09-23,23.770000457763672,23.780000686645508,23.75,23.75,22.267248153686523,700,341,4,-0.0841415960391334,42.59260349421379
2016-09-26,23.860000610351562,23.979999542236328,23.75,23.75,22.267248153686523,40100,342,0,-0.46102517828033873,41.50942038199751
2016-09-27,23.809999465942383,23.809999465942383,23.719999313354492,23.75,22.267248153686523,17100,343,1,-0.25199272275585605,41.50942038199751
2016-09-28,23.829999923706055,23.850000381469727,23.739999771118164,23.850000381469727,22.361007690429688,5600,344,2,0.08392974329711755,45.78315052658913
2016-09-29,23.770000457763672,23.959999084472656,23.760000228881836,23.81999969482422,22.3328800201416,9900,345,3,0.21034596591358312,47.79875194633512
2016-09-30,23.790000915527344,23.8799991607666,23.790000915527344,23.8799991607666,22.389131546020508,3800,346,4,0.37830282377382396,40.28774905318623
2016-10-03,23.790000915527344,23.809999465942383,23.739999771118164,23.739999771118164,22.257871627807617,1100,347,0,-0.21017714369462315,44.4444612641197
2016-10-04,23.739999771118164,23.739999771118164,23.670000076293945,23.700000762939453,22.220367431640625,1500,348,1,-0.1684878204058493,43.076970478584094
2016-10-05,23.780000686645508,23.799999237060547,23.709999084472656,23.760000228881836,22.27662467956543,56200,349,2,-0.08410621188461587,38.842912674617665
2016-10-06,23.729999542236328,23.81999969482422,23.729999542236328,23.739999771118164,22.257871627807617,4700,350,3,0.04214171544352219,44.761852861035415
2016-10-07,23.700000762939453,23.700000762939453,23.670000076293945,23.670000076293945,22.19223976135254,500,351,4,-0.1265851716444666,44.339559832512506
2016-10-10,23.850000381469727,23.850000381469727,23.75,23.770000457763672,22.286001205444336,12800,352,0,-0.3354294441362371,39.79595212932633
2016-10-11,23.68000030517578,23.739999771118164,23.489999771118164,23.489999771118164,22.02347755432129,31600,353,1,-0.8023671098352447,36.44855148416722
2016-10-12,23.579999923706055,23.579999923706055,23.530000686645508,23.530000686645508,22.060983657836914,2600,354,2,-0.21204087032367092,34.61541283057623
2016-10-13,23.399999618530273,23.56999969482422,23.399999618530273,23.489999771118164,22.02347755432129,1100,355,3,0.3846160429704426,36.73470182151525
2016-10-14,23.520000457763672,23.56999969482422,23.469999313354492,23.5,22.03285789489746,1500,356,4,-0.08503595822452192,37.373758780531986
2016-10-17,23.43000030517578,23.43000030517578,23.399999618530273,23.399999618530273,21.93910026550293,1100,357,0,-0.12804390206891947,33.94496697143357
2016-10-18,23.520000457763672,23.59000015258789,23.520000457763672,23.530000686645508,22.060983657836914,50800,358,1,0.04251797911225541,35.71433437101928
2016-10-19,23.549999237060547,23.6200008392334,23.549999237060547,23.559999465942383,22.0891056060791,3700,359,2,0.04246381828370005,38.39285562233162
2016-10-20,23.5,23.549999237060547,23.469999313354492,23.510000228881836,22.042232513427734,5300,360,3,0.04255416545462243,33.33339061103857
2016-10-21,23.459999084472656,23.510000228881836,23.459999084472656,23.510000228881836,22.042232513427734,600,361,4,0.21313361619981208,38.144368412773325
2016-10-24,23.56999969482422,23.649999618530273,23.56999969482422,23.6200008392334,22.145362854003906,3900,362,0,0.21213892684164293,46.1538602614161
2016-10-25,23.520000457763672,23.610000610351562,23.489999771118164,23.489999771118164,22.02347755432129,4500,363,1,-0.12755393733678844,37.83786570257165
2016-10-26,23.489999771118164,23.489999771118164,23.469999313354492,23.469999313354492,22.004730224609375,300,364,2,-0.08514456346765398,37.83786570257165
2016-10-27,23.510000228881836,23.540000915527344,23.450000762939453,23.479999542236328,22.014102935791016,25800,365,3,-0.1276081937619522,40.9523982525136
2016-10-28,23.489999771118164,23.489999771118164,23.389999389648438,23.389999389648438,21.929723739624023,16200,366,4,-0.4257146975057857,31.73080097274338
2016-10-31,23.440000534057617,23.489999771118164,23.420000076293945,23.420000076293945,21.957849502563477,1500,367,0,-0.08532618305452377,45.569666095270286
2016-11-01,23.399999618530273,23.399999618530273,23.200000762939453,23.260000228881836,21.807842254638672,1700,368,1,-0.5982879997039503,35.164869713940774
2016-11-02,23.239999771118164,23.270000457763672,23.100000381469727,23.25,21.798460006713867,248100,369,2,0.04303024518212961,36.363695475480895
2016-11-03,23.079999923706055,23.1299991607666,23.030000686645508,23.059999465942383,21.62032699584961,1600,370,3,-0.08665709631623386,29.245322062017436
2016-11-04,23.219999313354492,23.3700008392334,23.09000015258789,23.110000610351562,21.667203903198242,9900,371,4,-0.47372397181625336,35.643670932689744
2016-11-07,23.25,23.510000228881836,23.25,23.420000076293945,21.957849502563477,213800,372,0,0.7311831238449251,45.378135097707336
2016-11-08,23.3799991607666,23.56999969482422,23.3799991607666,23.56999969482422,22.09848403930664,3600,373,1,0.8126627069193981,50.3816871693998
2016-11-09,22.90999984741211,23.75,22.90999984741211,23.670000076293945,22.19223976135254,3000,374,2,3.317329698575633,55.88232819192353
2016-11-10,23.56999969482422,23.860000610351562,23.56999969482422,23.75,22.267248153686523,9200,375,3,0.7636839520846816,58.333300219741794
2016-11-11,23.709999084472656,23.780000686645508,23.649999618530273,23.65999984741211,22.1828670501709,18100,376,4,-0.2108782749523197,51.40841192170222
2016-11-14,23.860000610351562,23.860000610351562,23.600000381469727,23.700000762939453,22.220367431640625,7800,377,0,-0.6705777171803318,57.89475193781774
2016-11-15,23.690000534057617,23.8700008392334,23.690000534057617,23.829999923706055,22.342252731323242,59100,378,1,0.5909640628634305,62.50000000000001
2016-11-16,23.75,23.889999389648438,23.75,23.889999389648438,22.39850616455078,1900,379,2,0.5894711143092035,63.758368642711766
2016-11-17,23.799999237060547,23.920000076293945,23.799999237060547,23.850000381469727,22.361007690429688,13500,380,3,0.21008884879003542,65.97225073677936
2016-11-18,23.780000686645508,23.81999969482422,23.780000686645508,23.81999969482422,22.3328800201416,2500,381,4,0.1682044029593932,63.88887049240041
2016-11-21,23.719999313354492,23.8799991607666,23.719999313354492,23.860000610351562,22.370378494262695,14600,382,0,0.5902247093162893,72.7272595912788
2016-11-22,23.889999389648438,23.979999542236328,23.81999969482422,23.8799991607666,22.389131546020508,6500,383,1,-0.04185947734335338,73.68418033480424
2016-11-23,23.93000030517578,23.950000762939453,23.8799991607666,23.920000076293945,22.426637649536133,2600,384,2,-0.0417895058683837,86.44069440403453
2016-11-25,23.989999771118164,23.989999771118164,23.93000030517578,23.93000030517578,22.436006546020508,2300,385,4,-0.2501019863060505,85.96491815127625
2016-11-28,23.940000534057617,23.979999542236328,23.899999618530273,23.899999618530273,22.407882690429688,10600,386,0,-0.16708819814117426,77.90693032416033
2016-11-29,23.989999771118164,24.020000457763672,23.920000076293945,23.920000076293945,22.426637649536133,15700,387,1,-0.291786975790187,73.97258126464801
2016-11-30,23.920000076293945,24.030000686645508,23.8799991607666,23.889999389648438,22.39850616455078,27700,388,2,-0.12542093039221713,66.66657033618375
2016-12-01,23.84000015258789,23.940000534057617,23.770000457763672,23.780000686645508,22.295373916625977,19800,389,3,-0.2516756105635731,52.17396111776072
2016-12-02,23.700000762939453,23.860000610351562,23.700000762939453,23.850000381469727,22.361007690429688,1300,390,4,0.632909762453826,64.17914271805691
2016-12-05,23.920000076293945,23.93000030517578,23.920000076293945,23.93000030517578,22.436006546020508,300,391,0,0.04180697679740941,66.19717174756343
2016-12-06,23.920000076293945,24.040000915527344,23.8700008392334,23.989999771118164,22.492265701293945,15000,392,1,0.29264086371634246,62.50000000000001
2016-12-07,24.100000381469727,24.350000381469727,24.079999923706055,24.350000381469727,22.82978630065918,9200,393,2,1.037344381920513,74.46812396135795
2016-12-08,24.229999542236328,24.399999618530273,24.229999542236328,24.360000610351562,22.83916473388672,1200,394,3,0.5365293874175503,78.02193656296438
2016-12-09,24.280000686645508,24.469999313354492,24.280000686645508,24.459999084472656,22.932918548583984,18500,395,4,0.7413442863951403,82.65304533653041
2016-12-12,24.3700008392334,24.540000915527344,24.3700008392334,24.399999618530273,22.876667022705078,12100,396,0,0.12309716152565375,77.00000190735227
2016-12-13,24.559999465942383,24.690000534057617,24.559999465942383,24.670000076293945,23.12980842590332,2800,397,1,0.44788523104042355,81.60003662109375
2016-12-14,24.579999923706055,24.670000076293945,24.479999542236328,24.489999771118164,22.96105194091797,12300,398,2,-0.36615196447210563,70.5035951479225
2016-12-15,24.6299991607666,24.6299991607666,24.479999542236328,24.5,22.970420837402344,2600,399,3,-0.527808222477244,70.5035951479225
2016-12-16,24.3799991607666,24.3799991607666,24.15999984741211,24.190000534057617,22.936288833618164,5000,400,4,-0.7793217114409834,58.682671661565166
2016-12-19,24.06999969482422,24.31999969482422,23.770000457763672,24.209999084472656,22.95525360107422,1900,401,0,0.5816343640359101,58.6826244719088
2016-12-20,24.139999389648438,24.360000610351562,24.139999389648438,24.260000228881836,23.002662658691406,7900,402,1,0.49710373764491056,60.94679164150805
2016-12-21,24.170000076293945,24.290000915527344,24.170000076293945,24.280000686645508,23.021625518798828,2500,403,2,0.4551121638574296,65.6250149011754
2016-12-22,24.209999084472656,24.329999923706055,24.110000610351562,24.170000076293945,22.917325973510742,58900,404,3,-0.16521689257049665,59.756091887717595
2016-12-23,24.110000610351562,24.280000686645508,24.110000610351562,24.229999542236328,22.97421646118164,27600,405,4,0.49771434610932364,59.25924181664481
2016-12-27,24.360000610351562,24.40999984741211,24.25,24.290000915527344,23.031108856201172,73400,406,1,-0.2873550618651133,59.25928978379861
2016-12-28,24.450000762939453,24.450000762939453,24.079999923706055,24.1200008392334,22.869918823242188,337400,407,2,-1.3496928973771527,41.95805967999232
2016-12-29,24.040000915527344,24.190000534057617,24.040000915527344,24.100000381469727,22.850954055786133,44700,408,3,0.24958179557983406,40.9722176231001
2016-12-30,24.1299991607666,24.190000534057617,23.989999771118164,23.989999771118164,22.74665641784668,7900,409,4,-0.5801881248137963,33.79315697187259
2017-01-03,24.420000076293945,24.420000076293945,24.059999465942383,24.100000381469727,22.850954055786133,15100,410,1,-1.3104000566112273,40.000050862500856
2017-01-04,24.280000686645508,24.329999923706055,24.280000686645508,24.299999237060547,23.04058837890625,3900,411,2,0.08236635028613382,37.062927735607204
2017-01-05,24.299999237060547,24.299999237060547,24.200000762939453,24.239999771118164,22.98369598388672,14000,412,3,-0.2469113902311415,40.458025270158906
2017-01-06,24.270000457763672,24.450000762939453,24.270000457763672,24.440000534057617,23.1733341217041,3500,413,4,0.700453535589296,48.000020345026215
2017-01-09,24.299999237060547,24.309999465942383,24.290000915527344,24.299999237060547,23.04058837890625,5600,414,0,0.0,54.13527796301476
2017-01-10,24.239999771118164,24.3799991607666,24.239999771118164,24.31999969482422,23.059551239013672,2300,415,1,0.3300326916725993,54.135343737182815
2017-01-11,24.34000015258789,24.34000015258789,24.239999771118164,24.329999923706055,23.06903648376465,3200,416,2,-0.04108557444184591,52.71315651734203
2017-01-12,24.25,24.25,24.149999618530273,24.229999542236328,22.97421646118164,1400,417,3,-0.08247611448937153,48.17514691407354
2017-01-13,24.34000015258789,24.360000610351562,24.309999465942383,24.360000610351562,23.09747886657715,4000,418,4,0.08217114888369181,56.834526450986125
2017-01-17,24.31999969482422,24.31999969482422,24.25,24.25,22.99317741394043,3500,419,1,-0.2878276961455595,50.69445732193521
2017-01-18,24.200000762939453,24.25,24.200000762939453,24.239999771118164,22.98369598388672,1600,420,2,0.16528515255240794,48.20140429741905
2017-01-19,24.34000015258789,24.34000015258789,24.209999084472656,24.209999084472656,22.95525360107422,1000,421,3,-0.5341046314718767,53.59991333047487
2017-01-20,24.31999969482422,24.34000015258789,24.209999084472656,24.219999313354492,22.96473503112793,19100,422,4,-0.4111857842292954,54.838645173198785
2017-01-23,24.299999237060547,24.299999237060547,24.139999389648438,24.200000762939453,22.945770263671875,2700,423,0,-0.4115163673280464,59.130450647086825
2017-01-24,24.190000534057617,24.25,24.190000534057617,24.209999084472656,22.95525360107422,7200,424,1,0.0826727985676623,55.23802776733278
2017-01-25,24.43000030517578,24.479999542236328,24.43000030517578,24.479999542236328,23.211257934570312,2400,425,2,0.20466326826018566,58.03570820362259
2017-01-26,24.479999542236328,24.479999542236328,24.399999618530273,24.399999618530273,23.135406494140625,6200,426,3,-0.326797080073582,57.017517442152275
2017-01-27,24.420000076293945,24.479999542236328,24.280000686645508,24.479999542236328,23.211257934570312,2900,427,4,0.24569805796450517,51.9607311486139
2017-01-30,24.270000457763672,24.360000610351562,24.270000457763672,24.299999237060547,23.04058837890625,32000,428,0,0.1236043623034977,50.0
2017-01-31,24.209999084472656,24.260000228881836,24.170000076293945,24.260000228881836,23.002662658691406,2200,429,1,0.2065309636514856,47.22224675088435
2017-02-01,24.219999313354492,24.420000076293945,24.18000030517578,24.229999542236328,22.97421646118164,6700,430,2,0.04128913775947041,45.454529691339076
2017-02-02,24.280000686645508,24.290000915527344,24.270000457763672,24.270000457763672,23.01214599609375,3100,431,3,-0.04118710296139305,51.923119245864356
2017-02-03,24.399999618530273,24.469999313354492,24.399999618530273,24.440000534057617,23.1733341217041,4700,432,4,0.163938180953771,53.70370043321542
2017-02-06,24.459999084472656,24.459999084472656,24.450000762939453,24.450000762939453,23.182817459106445,2400,433,0,-0.04087621384888385,60.20412532454136
2017-02-07,24.549999237060547,24.549999237060547,24.43000030517578,24.479999542236328,23.211257934570312,1400,434,1,-0.2851311486745334,62.000011444113625
2017-02-08,24.440000534057617,24.450000762939453,24.3700008392334,24.440000534057617,23.1733341217041,2400,435,2,0.0,61.38625080023946
2017-02-09,24.5,24.579999923706055,24.5,24.579999923706055,23.306074142456055,2400,436,3,0.3265303008410436,65.78956174312265
2017-02-10,24.649999618530273,24.719999313354492,24.649999618530273,24.65999984741211,23.381929397583008,6300,437,4,0.0405688804729909,69.16667726307492
2017-02-13,24.65999984741211,24.790000915527344,24.65999984741211,24.790000915527344,23.505197525024414,3200,438,0,0.5271738399012182,71.96977140710342
2017-02-14,24.670000076293945,24.850000381469727,24.649999618530273,24.850000381469727,23.562084197998047,3200,439,1,0.7296323657037584,66.6667239444703
2017-02-15,24.81999969482422,25.030000686645508,24.81999969482422,25.030000686645508,23.73275375366211,3600,440,2,0.8460958678620845,76.03312168578219
2017-02-16,25.139999389648438,25.139999389648438,24.950000762939453,25.059999465942383,23.761201858520508,19600,441,3,-0.31821768356523616,75.00004110672457
2017-02-17,24.969999313354492,25.040000915527344,24.959999084472656,25.020000457763672,23.723270416259766,1600,442,4,0.2002448769889975,85.29429364289828
2017-02-21,25.229999542236328,25.25,25.06999969482422,25.209999084472656,23.903423309326172,4700,443,1,-0.07927252527368811,90.59837141250213
2017-02-22,25.18000030517578,25.18000030517578,25.15999984741211,25.15999984741211,23.856014251708984,1100,444,2,-0.07942993455627434,89.07581343163969
2017-02-23,25.200000762939453,25.200000762939453,25.149999618530273,25.190000534057617,23.884458541870117,2000,445,3,-0.03968344674236679,88.98323303542998
2017-02-24,25.190000534057617,25.190000534057617,25.190000534057617,25.190000534057617,23.884458541870117,1600,446,4,0.0,87.128914807149
2017-02-27,25.270000457763672,25.270000457763672,25.200000762939453,25.270000457763672,23.960315704345703,2600,447,0,0.0,87.96315265228847
2017-02-28,25.399999618530273,25.399999618530273,25.170000076293945,25.209999084472656,23.903423309326172,3400,448,1,-0.7480336098863782,82.88295718935044
2017-03-01,25.350000381469727,25.579999923706055,25.209999084472656,25.530000686645508,24.20684051513672,32200,449,2,0.7100603647617998,89.20865579889127
2017-03-02,25.530000686645508,25.530000686645508,25.530000686645508,25.530000686645508,24.20684051513672,0,450,3,0.0,88.00003051757812
2017-03-03,25.209999084472656,25.309999465942383,25.209999084472656,25.309999465942383,23.998241424560547,1100,451,4,0.39666951646706305,73.38125942524367
2017-03-06,25.190000534057617,25.270000457763672,25.190000534057617,25.270000457763672,23.960315704345703,1200,452,0,0.317586034180084,68.46153168988253
2017-03-07,25.239999771118164,25.280000686645508,25.190000534057617,25.200000762939453,23.893945693969727,8800,453,1,-0.15847467726398667,63.35879863195
2017-03-08,25.290000915527344,25.290000915527344,25.1299991607666,25.229999542236328,23.922388076782227,11200,454,2,-0.23725334566586653,58.62065563581415
2017-03-09,25.079999923706055,25.190000534057617,25.079999923706055,25.149999618530273,23.84653663635254,4400,455,3,0.2791056420939464,53.71901738368317
2017-03-10,25.25,25.350000381469727,25.170000076293945,25.280000686645508,23.96980094909668,5100,456,4,0.11881460057627802,60.0
2017-03-13,25.290000915527344,25.290000915527344,25.229999542236328,25.229999542236328,23.922388076782227,2200,457,0,-0.23725334566586653,50.862085975112464
2017-03-14,25.219999313354492,25.270000457763672,25.200000762939453,25.270000457763672,23.960315704345703,14400,458,1,0.1982598959973103,54.78261302232085
2017-03-15,25.329999923706055,25.450000762939453,25.329999923706055,25.3700008392334,24.055131912231445,13000,459,2,0.15791913007432434,57.37703123974023
2017-03-16,25.40999984741211,25.450000762939453,25.40999984741211,25.450000762939453,24.1309871673584,900,460,3,0.15742194320169656,59.99997065628681
2017-03-17,25.18000030517578,25.540000915527344,25.18000030517578,25.260000228881836,23.950830459594727,17300,461,4,0.31771216336964336,49.64538335527001
2017-03-20,25.389999389648438,25.389999389648438,25.209999084472656,25.290000915527344,23.979278564453125,1900,462,0,-0.393849848463812,52.89860681114551
2017-03-21,25.229999542236328,25.350000381469727,24.8799991607666,24.8799991607666,23.590524673461914,10200,463,1,-1.3872389529132056,27.89118029443135
2017-03-22,24.889999389648438,25.059999465942383,24.8799991607666,25.059999465942383,23.761201858520508,3300,464,2,0.683005546254245,35.75758486517978
2017-03-23,24.979999542236328,25.09000015258789,24.979999542236328,25.09000015258789,23.789644241333008,4600,465,3,0.4403547332559876,42.46580174351994
2017-03-24,25.18000030517578,25.18000030517578,25.0,25.040000915527344,23.742238998413086,4300,466,4,-0.5559943921829902,42.17691311602609
2017-03-27,24.969999313354492,24.989999771118164,24.8799991607666,24.989999771118164,23.694826126098633,2100,467,0,0.080097950795599,42.75861887530073
2017-03-28,25.030000686645508,25.09000015258789,25.0,25.059999465942383,23.761201858520508,5000,468,1,0.11985129234486358,44.29532778711535
2017-03-29,25.190000534057617,25.190000534057617,25.079999923706055,25.09000015258789,23.789644241333008,4300,469,2,-0.39698443568718655,47.91669702071183
2017-03-30,25.010000228881836,25.200000762939453,25.010000228881836,25.18000030517578,23.874980926513672,4400,470,3,0.6797284075896526,46.428576294231526
2017-03-31,25.139999389648438,25.200000762939453,25.139999389648438,25.18000030517578,23.874980926513672,3400,471,4,0.15911263523664676,48.14818477744874
2017-04-03,25.139999389648438,25.139999389648438,25.0,25.100000381469727,23.79912757873535,3600,472,0,-0.1591050483286005,43.884911830046256
2017-04-04,25.09000015258789,25.100000381469727,25.09000015258789,25.100000381469727,23.79912757873535,300,473,1,0.03985742854133445,39.53490435199177
2017-04-05,25.350000381469727,25.350000381469727,25.049999237060547,25.209999084472656,23.903423309326172,1000,474,2,-0.5522733526245105,40.909051501166076
2017-04-06,25.219999313354492,25.219999313354492,25.06999969482422,25.06999969482422,23.77068328857422,400,475,3,-0.5947645623084807,42.51967794403218
2017-04-07,25.049999237060547,25.110000610351562,25.049999237060547,25.110000610351562,23.808610916137695,2100,476,4,0.23952644757867514,42.96875232830171
2017-04-10,25.100000381469727,25.15999984741211,25.100000381469727,25.100000381469727,23.79912757873535,4400,477,0,0.0,62.50005418597493
2017-04-11,25.010000228881836,25.059999465942383,24.90999984741211,25.059999465942383,23.761201858520508,3500,478,1,0.19991697962005173,50.0
2017-04-12,24.93000030517578,25.059999465942383,24.93000030517578,25.059999465942383,23.761201858520508,2400,479,2,0.521456715504387,47.88727853967145
2017-04-13,24.93000030517578,25.040000915527344,24.93000030517578,25.0,23.70431137084961,1900,480,3,0.2807849737959556,47.22216335353707
2017-04-17,24.899999618530273,25.030000686645508,24.899999618530273,25.030000686645508,23.73275375366211,4400,481,0,0.5220926510315582,52.85720513784667
2017-04-18,24.899999618530273,24.969999313354492,24.899999618530273,24.969999313354492,23.67586326599121,1600,482,1,0.28112327669325143,43.47827288810261
2017-04-19,25.040000915527344,25.079999923706055,24.940000534057617,24.940000534057617,23.64742088317871,2000,483,2,-0.399362531203884,39.13047083832054
2017-04-20,24.969999313354492,25.100000381469727,24.969999313354492,25.100000381469727,23.79912757873535,400,484,3,0.5206290416103654,44.73684870965394
2017-04-21,25.040000915527344,25.15999984741211,25.010000228881836,25.079999923706055,23.780162811279297,13500,485,4,0.1597404421575188,43.589724779615835
2017-04-24,25.149999618530273,25.149999618530273,25.06999969482422,25.06999969482422,23.77068328857422,1500,486,0,-0.31809115276133504,47.88727853967145
2017-04-25,25.139999389648438,25.149999618530273,25.100000381469727,25.1200008392334,23.818090438842773,3600,487,1,-0.07954873071028823,51.315815891181046
2017-04-26,25.15999984741211,25.25,25.15999984741211,25.170000076293945,23.86549949645996,4600,488,2,0.039746537927198844,47.142938886058154
2017-04-27,25.190000534057617,25.190000534057617,25.1299991607666,25.149999618530273,23.84653663635254,6400,489,3,-0.15879680301420507,56.896500695520054
2017-04-28,25.31999969482422,25.31999969482422,25.200000762939453,25.200000762939453,23.893945693969727,1200,490,4,-0.47392943653666864,57.62708028913918
2017-05-01,25.209999084472656,25.209999084472656,25.09000015258789,25.170000076293945,23.86549949645996,3700,491,0,-0.15866326708178224,55.73763828177275
2017-05-02,25.170000076293945,25.219999313354492,25.1299991607666,25.209999084472656,23.903423309326172,23200,492,1,0.15891540745915922,62.294999953098184
2017-05-03,25.190000534057617,25.25,25.139999389648438,25.139999389648438,23.837053298950195,7500,493,2,-0.19849600376775633,55.88232819192353
2017-05-04,25.09000015258789,25.139999389648438,25.09000015258789,25.1200008392334,23.818090438842773,3200,494,3,0.11957228562398114,59.375046566034364
2017-05-05,25.209999084472656,25.209999084472656,25.209999084472656,25.209999084472656,23.903423309326172,200,495,4,0.0,62.8570494358326
2017-05-08,25.170000076293945,25.219999313354492,25.170000076293945,25.209999084472656,23.903423309326172,1300,496,0,0.15891540745915922,68.75005587957429
2017-05-09,25.1299991607666,25.25,25.1299991607666,25.239999771118164,23.93187141418457,2500,497,1,0.4377262794473147,73.43746274706149
2017-05-10,25.139999389648438,25.31999969482422,25.139999389648438,25.31999969482422,24.00772476196289,1600,498,2,0.7159916847488068,69.64281456807026
2017-05-11,25.09000015258789,25.25,25.09000015258789,25.25,23.94135284423828,500,499,3,0.6377036526068247,63.934462110907866
2017-05-12,25.25,25.25,25.25,25.25,23.94135284423828,100,500,4,0.0,65.00006357844944
2017-05-15,25.09000015258789,25.25,25.09000015258789,25.25,23.94135284423828,1000,501,0,0.6377036526068247,61.81816290223577
2017-05-16,25.219999313354492,25.290000915527344,25.219999313354492,25.290000915527344,23.979278564453125,2200,502,1,0.27756385439623443,61.111209225932924
2017-05-17,25.040000915527344,25.09000015258789,24.979999542236328,25.09000015258789,23.789644241333008,400,503,2,0.19967745699858153,45.833366447056456
2017-05-18,24.829999923706055,25.06999969482422,24.829999923706055,25.059999465942383,23.761201858520508,900,504,3,0.9262969913130803,39.999891008471366
2017-05-19,24.979999542236328,25.200000762939453,24.979999542236328,25.200000762939453,23.893945693969727,400,505,4,0.8807094665119752,51.85189545838798
2017-05-22,25.139999389648438,25.139999389648438,25.139999389648438,25.139999389648438,23.837053298950195,200,506,0,0.0,45.783160216931705
2017-05-23,25.239999771118164,25.290000915527344,25.239999771118164,25.290000915527344,23.979278564453125,1200,507,1,0.1981027926410528,58.241808913779806
2017-05-24,25.25,25.309999465942383,25.25,25.309999465942383,23.998241424560547,400,508,2,0.23762164729657087,60.43944297260136
2017-05-25,25.260000228881836,25.510000228881836,25.260000228881836,25.34000015258789,24.026687622070312,1900,509,3,0.3167059500442271,57.64706674325925
2017-05-26,25.34000015258789,25.34000015258789,24.959999084472656,24.959999084472656,23.6663818359375,700,510,4,-1.4996095731137027,39.8374576276443
2017-05-30,25.520000457763672,25.549999237060547,24.959999084472656,25.450000762939453,24.1309871673584,8900,511,1,-0.2742934700964095,56.21301708366675
2017-05-31,25.31999969482422,25.639999389648438,25.010000228881836,25.639999389648438,24.311138153076172,28500,512,2,1.2638218747278662,58.8888465035254
2017-06-01,25.639999389648438,25.649999618530273,25.360000610351562,25.549999237060547,24.22580337524414,2100,513,3,-0.35101464403398674,58.24170411482611
2017-06-02,25.600000381469727,25.690000534057617,25.510000228881836,25.510000228881836,24.187875747680664,700,514,4,-0.3515630908077494,56.98922966962988
2017-06-05,25.540000915527344,25.65999984741211,25.540000915527344,25.610000610351562,24.28269386291504,9400,515,0,0.27407866998807595,59.18365758149022
2017-06-06,25.469999313354492,25.6200008392334,25.469999313354492,25.579999923706055,24.25425148010254,14000,516,1,0.4318830518927008,57.43584727567943
2017-06-07,25.540000915527344,25.649999618530273,25.540000915527344,25.649999618530273,24.32062339782715,1300,517,2,0.4306918522311243,65.3845549236172
2017-06-08,25.549999237060547,25.639999389648438,25.549999237060547,25.639999389648438,24.311138153076172,300,518,3,0.35225109696810364,66.11106460489913
2017-06-09,25.549999237060547,25.75,25.549999237060547,25.75,24.41543960571289,1000,519,4,0.7827818744094106,65.53666410917336
2017-06-12,25.549999237060547,25.56999969482422,25.510000228881836,25.559999465942383,24.235286712646484,4400,520,0,0.039139840236601664,61.05261361503149
2017-06-13,25.68000030517578,25.68000030517578,25.68000030517578,25.68000030517578,24.34906578063965,300,521,1,0.0,60.427775851165826
2017-06-14,25.56999969482422,25.739999771118164,25.520000457763672,25.520000457763672,24.19736099243164,1000,522,2,-0.19553866897646932,55.2238947601158
2017-06-15,25.56999969482422,25.719999313354492,25.5,25.719999313354492,24.386991500854492,4500,523,3,0.5866234662514902,58.71556823620302
2017-06-16,25.489999771118164,25.489999771118164,25.489999771118164,25.489999771118164,24.232036590576172,616300,524,4,0.0,63.05419968899893
2017-06-19,25.399999618530273,25.799999237060547,25.399999618530273,25.68000030517578,24.412660598754883,5600,525,0,1.102364924609045,56.647387372687206
2017-06-20,25.59000015258789,25.690000534057617,25.59000015258789,25.600000381469727,24.336610794067383,6400,526,1,0.039078658937885535,48.76546335007953
2017-06-21,25.530000686645508,25.59000015258789,25.5,25.5,24.241544723510742,15600,527,2,-0.1175114995637272,48.466282076785355
2017-06-22,25.59000015258789,25.709999084472656,25.5,25.709999084472656,24.441181182861328,196500,528,3,0.46892900027055706,55.55552023430703
2017-06-23,25.690000534057617,25.690000534057617,25.59000015258789,25.600000381469727,24.336610794067383,1800,529,4,-0.3503314547174785,49.72375050186467
2017-06-26,25.600000381469727,25.600000381469727,25.600000381469727,25.600000381469727,24.336610794067383,1500,530,0,0.0,50.56181099662249
2017-06-27,25.530000686645508,25.68000030517578,25.530000686645508,25.68000030517578,24.412660598754883,1500,531,1,0.5875425558007796,50.83800847118995
2017-06-28,25.549999237060547,25.6200008392334,25.540000915527344,25.6200008392334,24.355621337890625,1000,532,2,0.27397888165614503,49.45656061176192
2017-06-29,25.6200008392334,25.6200008392334,25.6200008392334,25.6200008392334,24.355621337890625,0,533,3,0.0,46.242793685234126
2017-06-30,25.31999969482422,25.31999969482422,25.31999969482422,25.31999969482422,24.07042694091797,600,534,4,0.0,43.47826086956522
2017-07-03,25.43000030517578,25.600000381469727,25.43000030517578,25.43000030517578,24.17500114440918,11500,535,0,0.0,43.169391503013195
2017-07-05,25.510000228881836,25.729999542236328,25.489999771118164,25.729999542236328,24.460193634033203,1009400,536,2,0.8624041998455789,55.329933020024285
2017-07-06,25.56999969482422,25.56999969482422,25.3799991607666,25.3799991607666,24.127466201782227,5000,537,3,-0.7430603688903359,41.98112443656713
2017-07-07,25.40999984741211,25.510000228881836,25.40999984741211,25.5,24.241544723510742,688400,538,4,0.35419186591241214,50.24876188415658
2017-07-10,25.489999771118164,25.549999237060547,25.489999771118164,25.549999237060547,24.28907585144043,700,539,0,0.23538433299779005,46.5240336264736
2017-07-11,25.520000457763672,25.520000457763672,25.440000534057617,25.440000534057617,24.18450355529785,1700,540,1,-0.31347931924397,45.78947262750641
2017-07-12,25.610000610351562,25.68000030517578,25.610000610351562,25.649999618530273,24.384143829345703,2900,541,2,0.15618511216490827,53.73134045095117
2017-07-13,25.540000915527344,25.649999618530273,25.540000915527344,25.6299991607666,24.365127563476562,6300,542,3,0.3523815270677799,47.80219722637636
2017-07-14,25.68000030517578,25.829999923706055,25.68000030517578,25.790000915527344,24.51723289489746,5800,543,4,0.428351281325301,55.08022590341476
2017-07-17,25.770000457763672,25.850000381469727,25.770000457763672,25.850000381469727,24.57427215576172,400,544,0,0.310438192801632,56.476682913716694
2017-07-18,25.739999771118164,25.780000686645508,25.729999542236328,25.75,24.479206085205078,800,545,1,0.03885092840232307,51.79486326760971
2017-07-19,25.770000457763672,25.860000610351562,25.770000457763672,25.860000610351562,24.583776473999023,16100,546,2,0.34924389208064177,55.99998855591912
2017-07-20,25.81999969482422,25.90999984741211,25.81999969482422,25.899999618530273,24.62180519104004,800,547,3,0.309837043577077,56.86271209894273
2017-07-21,25.770000457763672,25.84000015258789,25.770000457763672,25.84000015258789,24.564767837524414,300,548,4,0.2716324935226444,64.44446328246362
2017-07-24,25.84000015258789,25.84000015258789,25.84000015258789,25.84000015258789,24.564767837524414,0,549,0,0.0,62.13018285732343
2017-07-25,25.84000015258789,25.84000015258789,25.84000015258789,25.84000015258789,24.564767837524414,0,550,1,0.0,53.956858224930016
2017-07-26,25.84000015258789,25.84000015258789,25.84000015258789,25.84000015258789,24.564767837524414,0,551,2,0.0,72.11545339004033
2017-07-27,25.899999618530273,26.0,25.84000015258789,25.860000610351562,24.583776473999023,2500,552,3,-0.15443632728895373,69.14899661140758
2017-07-28,25.899999618530273,25.899999618530273,25.899999618530273,25.899999618530273,24.62180519104004,100,553,4,0.0,68.81725722794086
2017-07-31,26.030000686645508,26.030000686645508,25.979999542236328,25.979999542236328,24.69785499572754,1000,554,0,-0.19209044598617053,79.99995761445686
2017-08-01,25.940000534057617,25.940000534057617,25.899999618530273,25.899999618530273,24.62180519104004,800,555,1,-0.15420553085504496,66.23375658282595
2017-08-02,25.899999618530273,25.899999618530273,25.899999618530273,25.899999618530273,24.62180519104004,100,556,2,0.0,68.00003051757812
2017-08-03,25.899999618530273,25.899999618530273,25.850000381469727,25.850000381469727,24.57427215576172,3600,557,3,-0.19304725018132185,54.687476716844046
2017-08-04,25.940000534057617,25.940000534057617,25.90999984741211,25.90999984741211,24.63131332397461,200,558,4,-0.11565414814127539,54.687476716844046
2017-08-07,25.979999542236328,25.979999542236328,25.979999542236328,25.979999542236328,24.69785499572754,200,559,0,0.0,68.85252052755663
2017-08-08,26.0,26.09000015258789,25.959999084472656,25.959999084472656,24.67884063720703,2800,560,1,-0.15384967510516656,59.615299969188776
2017-08-09,25.8799991607666,25.93000030517578,25.8799991607666,25.93000030517578,24.65032386779785,1300,561,2,0.19320381001008968,52.94126446883706
2017-08-10,25.739999771118164,25.739999771118164,25.739999771118164,25.739999771118164,24.469697952270508,100,562,3,0.0,42.187439463794504
2017-08-11,25.739999771118164,25.790000915527344,25.739999771118164,25.75,24.479206085205078,500,563,4,0.03885092840232307,43.07688696131884
2017-08-14,25.8799991607666,25.8799991607666,25.8799991607666,25.8799991607666,24.60279083251953,100,564,0,0.0,52.564049268479955
2017-08-15,25.8799991607666,25.889999389648438,25.8799991607666,25.889999389648438,24.612295150756836,200,565,1,0.03864076200201794,53.164520287986555
2017-08-16,26.049999237060547,26.049999237060547,25.889999389648438,25.90999984741211,24.63131332397461,2300,566,2,-0.5374256957722423,53.164520287986555
2017-08-17,25.93000030517578,26.040000915527344,25.93000030517578,26.040000915527344,24.754894256591797,4000,567,3,0.424221400142466,57.95462673368402
2017-08-18,25.979999542236328,25.979999542236328,25.850000381469727,25.850000381469727,24.57427215576172,2100,568,4,-0.5003816899813995,43.43438430193914
2017-08-21,25.709999084472656,25.829999923706055,25.709999084472656,25.809999465942383,24.536243438720703,5800,569,0,0.3889552120992512,45.26315366792886
2017-08-22,25.799999237060547,25.81999969482422,25.780000686645508,25.780000686645508,24.507728576660156,2000,570,1,-0.07751376359078632,43.87760265627615
2017-08-23,25.809999465942383,25.809999465942383,25.809999465942383,25.809999465942383,24.536243438720703,300,571,2,0.0,47.916616996081984
2017-08-24,25.760000228881836,25.760000228881836,25.760000228881836,25.760000228881836,24.488712310791016,400,572,3,0.0,42.105273724935905
2017-08-25,25.920000076293945,25.920000076293945,25.770000457763672,25.770000457763672,24.49821662902832,700,573,4,-0.5787022302807032,38.20229053440087
2017-08-28,25.829999923706055,25.829999923706055,25.729999542236328,25.799999237060547,24.526737213134766,1400,574,0,-0.11614667725172723,41.111096982566785
2017-08-29,25.799999237060547,25.8700008392334,25.780000686645508,25.81999969482422,24.54574966430664,11900,575,1,0.07752115641515012,43.820186191643664
2017-08-30,25.829999923706055,25.829999923706055,25.829999923706055,25.829999923706055,24.555259704589844,200,576,2,0.0,56.338047087394294
2017-08-31,26.0,26.030000686645508,26.0,26.030000686645508,24.745389938354492,800,577,3,0.11538725632886937,65.5556002958511
2017-09-01,26.209999084472656,26.209999084472656,26.100000381469727,26.100000381469727,24.81193733215332,1400,578,4,-0.41968220849002424,63.09530837734615
2017-09-05,26.100000381469727,26.100000381469727,25.860000610351562,25.860000610351562,24.583776473999023,1200,579,1,-0.9195393395034501,48.59818748351123
2017-09-06,25.969999313354492,26.049999237060547,25.940000534057617,26.049999237060547,24.76439666748047,1500,580,2,0.30804746176837927,55.64514640464163
2017-09-07,26.079999923706055,26.079999923706055,25.969999313354492,26.010000228881836,24.726375579833984,4200,581,3,-0.26840373860810285,48.69561756027659
2017-09-08,25.90999984741211,26.059999465942383,25.90999984741211,26.030000686645508,24.745389938354492,1200,582,4,0.46314488591316927,59.18372907746205
2017-09-11,26.079999923706055,26.079999923706055,26.079999923706055,26.079999923706055,24.79292106628418,400,583,0,0.0,63.636468725074266
2017-09-12,26.25,26.270000457763672,26.25,26.270000457763672,24.973541259765625,800,584,1,0.07619222005208481,71.30441561112502
2017-09-13,26.25,26.25,26.190000534057617,26.190000534057617,24.897491455078125,900,585,2,-0.22856939406622478,65.83341810459926
2017-09-14,26.229999542236328,26.280000686645508,26.229999542236328,26.280000686645508,24.983051300048828,200,586,3,0.19062579215323172,70.96779651631401
2017-09-15,26.200000762939453,26.309999465942383,26.200000762939453,26.309999465942383,25.01156997680664,6800,587,4,0.4198423656480488,71.42859305390093
2017-09-18,26.260000228881836,26.260000228881836,26.190000534057617,26.190000534057617,25.069961547851562,300,588,0,-0.26656395359521134,64.44452921571038
2017-09-19,26.219999313354492,26.219999313354492,26.209999084472656,26.209999084472656,25.089107513427734,800,589,1,-0.038139699251416026,64.44447898093492
2017-09-20,26.329999923706055,26.329999923706055,26.229999542236328,26.229999542236328,25.108247756958008,1000,590,2,-0.37979636065130773,64.70592360198533
2017-09-21,26.100000381469727,26.100000381469727,26.09000015258789,26.09000015258789,24.9742374420166,700,591,3,-0.038315052627113655,52.307683278778
2017-09-22,26.049999237060547,26.049999237060547,26.049999237060547,26.049999237060547,24.935943603515625,200,592,4,0.0,48.03144284763825
2017-09-25,26.100000381469727,26.100000381469727,26.0,26.040000915527344,24.926374435424805,11700,593,0,-0.2298830079136005,58.653916692342676
2017-09-26,26.09000015258789,26.09000015258789,26.079999923706055,26.079999923706055,24.96466636657715,36300,594,1,-0.0383297386866599,51.68544382603999
2017-09-27,26.1200008392334,26.149999618530273,26.06999969482422,26.149999618530273,25.03166961669922,7400,595,2,0.11484984047862579,57.60870917315929
2017-09-28,26.149999618530273,26.149999618530273,26.149999618530273,26.149999618530273,25.03166961669922,0,596,3,0.0,56.66665253806246
2017-09-29,26.25,26.25,26.25,26.25,25.127395629882812,500,597,4,0.0,58.94741914305391
2017-10-02,26.350000381469727,26.350000381469727,26.25,26.350000381469727,25.22311782836914,8200,598,0,0.0,54.65118600086497
2017-10-03,26.360000610351562,26.3700008392334,26.360000610351562,26.3700008392334,25.242265701293945,2300,599,1,0.03793713448514424,61.25008344698017
2017-10-04,26.459999084472656,26.459999084472656,26.440000534057617,26.440000534057617,25.30927085876465,1300,600,2,-0.07558031408539945,60.25646668720747
2017-10-05,26.3799991607666,26.639999389648438,26.3799991607666,26.549999237060547,25.41456413269043,2400,601,3,0.6444279063767988,63.953558002594896
2017-10-06,26.610000610351562,26.690000534057617,26.610000610351562,26.690000534057617,25.5485782623291,500,602,4,0.30063856396504995,78.40917957743426
2017-10-09,26.75,26.75,26.530000686645508,26.56999969482422,25.43370819091797,2000,603,0,-0.6728983371057207,68.36738665867396
2017-10-10,26.469999313354492,26.469999313354492,26.469999313354492,26.469999313354492,25.337984085083008,300,604,1,0.0,61.320749624378095
2017-10-11,26.6200008392334,26.6200008392334,26.56999969482422,26.56999969482422,25.43370819091797,500,605,2,-0.18783299336146975,73.5293787656094
2017-10-12,26.56999969482422,26.6200008392334,26.56999969482422,26.6200008392334,25.4815731048584,800,606,3,0.18818646964049446,77.66996224192943
2017-10-13,26.639999389648438,26.649999618530273,26.579999923706055,26.579999923706055,25.443283081054688,2500,607,4,-0.22522322566455033,75.47157249611783
2017-10-16,26.559999465942383,26.610000610351562,26.520000457763672,26.610000610351562,25.472002029418945,700,608,0,0.18825732460310274,75.238008737432
2017-10-17,26.56999969482422,26.670000076293945,26.56999969482422,26.600000381469727,25.462427139282227,1100,609,1,0.11291188178430556,72.72718515435952
2017-10-18,26.649999618530273,26.649999618530273,26.610000610351562,26.639999389648438,25.50071907043457,2600,610,2,-0.03752431153838387,73.78629270451594
2017-10-19,26.559999465942383,26.6200008392334,26.559999465942383,26.6200008392334,25.4815731048584,700,611,3,0.22590878952370996,69.47367364352758
2017-10-20,26.56999969482422,26.770000457763672,26.56999969482422,26.739999771118164,25.596439361572266,3000,612,4,0.6398196396180555,70.10303602328142
2017-10-23,26.709999084472656,26.799999237060547,26.709999084472656,26.799999237060547,25.653871536254883,600,613,0,0.33695303509093666,71.28704457340552
2017-10-24,26.65999984741211,26.75,26.65999984741211,26.75,25.60601234436035,2700,614,1,0.33758497037885693,65.65654230365382
2017-10-25,26.520000457763672,26.709999084472656,26.520000457763672,26.700000762939453,25.558151245117188,1900,615,2,0.6787341706967709,58.064595519167824
2017-10-26,26.639999389648438,26.700000762939453,26.639999389648438,26.68000030517578,25.539005279541016,1300,616,3,0.15015359025454256,49.38270151387067
2017-10-27,26.68000030517578,26.68000030517578,26.68000030517578,26.68000030517578,25.539005279541016,500,617,4,0.0,57.971074585772804
2017-10-30,26.6299991607666,26.6299991607666,26.6299991607666,26.6299991607666,25.491146087646484,200,618,0,0.0,62.50000000000001
2017-10-31,26.709999084472656,26.729999542236328,26.6299991607666,26.65999984741211,25.519861221313477,4400,619,1,-0.1871929568489361,57.89475445382875
2017-11-01,26.739999771118164,26.739999771118164,26.670000076293945,26.670000076293945,25.52943229675293,2200,620,2,-0.26177896568205794,54.71692002072897
2017-11-02,26.6299991607666,26.709999084472656,26.6299991607666,26.649999618530273,25.510286331176758,1100,621,3,0.07510498833638302,56.86273776487924
2017-11-03,26.799999237060547,26.799999237060547,26.799999237060547,26.799999237060547,25.653871536254883,100,622,4,0.0,65.07932182864064
2017-11-06,26.850000381469727,26.850000381469727,26.649999618530273,26.809999465942383,25.6634464263916,1100,623,0,-0.1489791991025391,66.66666666666666
2017-11-07,26.81999969482422,26.81999969482422,26.799999237060547,26.799999237060547,25.653871536254883,400,624,1,-0.07457292315902198,63.33335452614982
2017-11-08,27.190000534057617,27.190000534057617,27.190000534057617,27.190000534057617,26.027196884155273,700,625,2,0.0,79.38139059304703
2017-11-09,26.75,26.75,26.6299991607666,26.6299991607666,25.491146087646484,1900,626,3,-0.4486012681622409,46.09927926758003
2017-11-10,26.700000762939453,26.700000762939453,26.700000762939453,26.700000762939453,25.558151245117188,2400,627,4,0.0,46.478941345239434
2017-11-13,26.700000762939453,26.770000457763672,26.700000762939453,26.770000457763672,25.625154495239258,3200,628,0,0.26217113417232873,50.69445732193521
2017-11-14,26.690000534057617,26.690000534057617,26.690000534057617,26.690000534057617,25.5485782623291,200,629,1,0.0,49.659857766959426
2017-11-15,26.600000381469727,26.670000076293945,26.600000381469727,26.670000076293945,25.52943229675293,1600,630,2,0.2631567436855553,49.659857766959426
2017-11-16,26.770000457763672,26.780000686645508,26.770000457763672,26.780000686645508,25.634729385375977,700,631,3,0.0373561027674052,53.16455390588125
2017-11-17,26.780000686645508,26.780000686645508,26.780000686645508,26.780000686645508,25.634729385375977,1200,632,4,0.0,54.90199011673423
2017-11-20,26.65999984741211,26.719999313354492,26.65999984741211,26.690000534057617,25.5485782623291,31800,633,0,0.11253070824162048,50.943414333372125
2017-11-21,26.809999465942383,26.84000015258789,26.790000915527344,26.84000015258789,25.692161560058594,1000,634,1,0.11190110870245018,54.91328205190398
2017-11-22,26.829999923706055,26.850000381469727,26.809999465942383,26.829999923706055,25.682588577270508,9200,635,2,0.0,55.23255169232339
2017-11-24,26.8799991607666,26.8799991607666,26.850000381469727,26.850000381469727,25.70173454284668,300,636,4,-0.11160260503527697,51.572357222286875
2017-11-27,26.940000534057617,26.979999542236328,26.84000015258789,26.969999313354492,25.816600799560547,11400,637,0,0.11135404121076498,54.705865193449505
2017-11-28,26.90999984741211,27.06999969482422,26.90999984741211,27.059999465942383,25.902753829956055,7400,638,1,0.5574121864764692,57.303358746725095
2017-11-29,26.940000534057617,27.200000762939453,26.940000534057617,27.139999389648438,25.97933578491211,2200,639,2,0.742386234692094,48.29928442140638
2017-11-30,27.200000762939453,27.459999084472656,27.200000762939453,27.350000381469727,26.180349349975586,2300,640,3,0.5514691703047747,82.14283281449036
2017-12-01,27.399999618530273,27.399999618530273,27.3700008392334,27.3700008392334,26.199499130249023,900,641,4,-0.10948459749826611,81.30836790026186
2017-12-04,27.3799991607666,27.489999771118164,27.360000610351562,27.360000610351562,26.189924240112305,1300,642,0,-0.073040726910234,79.20786656897033
2017-12-05,27.399999618530273,27.399999618530273,27.290000915527344,27.329999923706055,26.16120719909668,900,643,1,-0.2554733423312805,83.33320087896718
2017-12-06,27.219999313354492,27.260000228881836,27.190000534057617,27.260000228881836,26.094202041625977,2600,644,2,0.14695413863481388,79.20786656897033
2017-12-07,27.219999313354492,27.299999237060547,27.219999313354492,27.299999237060547,26.132488250732422,10000,645,3,0.2939012701106414,77.65948164786712
2017-12-08,27.520000457763672,27.520000457763672,27.329999923706055,27.3799991607666,26.20906639099121,1400,646,4,-0.5087256346958946,79.41167670829172
2017-12-11,27.420000076293945,27.469999313354492,27.420000076293945,27.469999313354492,26.295217514038086,5700,647,0,0.1823458676930345,88.23521711975526
2017-12-12,27.520000457763672,27.520000457763672,27.520000457763672,27.520000457763672,26.34308433532715,200,648,1,0.0,86.95645864172192
2017-12-13,27.520000457763672,27.579999923706055,27.510000228881836,27.559999465942383,26.38136863708496,2900,649,2,0.14534523078988393,88.4209976830752
2017-12-14,27.5,27.5,27.3799991607666,27.3799991607666,26.20906639099121,400,650,3,-0.43636668812144785,73.87380575984604
2017-12-15,27.420000076293945,27.6299991607666,27.420000076293945,27.6299991607666,26.44837760925293,3800,651,4,0.7658609915694781,76.61286104984018
2017-12-18,27.549999237060547,27.559999465942383,27.469999313354492,27.469999313354492,26.536283493041992,2700,652,0,-0.29038085633932287,65.6488327329802
2017-12-19,27.40999984741211,27.440000534057617,27.40999984741211,27.440000534057617,26.507307052612305,300,653,1,0.10945161186617369,61.90480515528994
2017-12-20,27.329999923706055,27.40999984741211,27.329999923706055,27.3700008392334,26.439685821533203,1400,654,2,0.14636266241863094,50.892878430250576
2017-12-21,27.3700008392334,27.3700008392334,27.3700008392334,27.3700008392334,26.439685821533203,100,655,3,0.0,50.0
2017-12-22,27.389999389648438,27.459999084472656,27.389999389648438,27.459999084472656,26.526622772216797,1200,656,4,0.25556661695536054,54.23723608197098
2017-12-26,27.329999923706055,27.420000076293945,27.329999923706055,27.420000076293945,26.487985610961914,3300,657,1,0.3293090114860453,53.78153550248436
2017-12-27,27.559999465942383,27.559999465942383,27.350000381469727,27.350000381469727,26.420364379882812,5100,658,2,-0.761970568004422,53.78153550248436
2017-12-28,27.440000534057617,27.440000534057617,27.420000076293945,27.420000076293945,26.487985610961914,800,659,3,-0.07288796419244736,54.91808532758834
2017-12-29,27.639999389648438,27.639999389648438,27.290000915527344,27.290000915527344,26.362409591674805,7700,660,4,-1.2662752599487126,46.45674731130312
2018-01-02,28.559999465942383,28.739999771118164,27.3700008392334,27.559999465942383,26.62322425842285,1900,661,1,-3.501400625698514,53.10346823394465
2018-01-03,27.440000534057617,27.700000762939453,27.440000534057617,27.68000030517578,26.739147186279297,3200,662,2,0.8746347173728575,55.26317770800864
2018-01-04,27.790000915527344,27.790000915527344,27.790000915527344,27.790000915527344,26.845407485961914,1700,663,3,0.0,57.232775321941176
2018-01-05,27.8700008392334,27.989999771118164,27.850000381469727,27.989999771118164,27.038610458374023,6500,664,4,0.4305666604639713,68.94420092406114
2018-01-08,28.010000228881836,28.100000381469727,27.950000762939453,28.030000686645508,27.077253341674805,21400,665,0,0.07140470403512733,64.2858310626703
2018-01-09,28.170000076293945,28.170000076293945,28.110000610351562,28.1299991607666,27.173851013183594,2400,666,1,-0.14199827979768376,74.62699738947991
2018-01-10,28.040000915527344,28.049999237060547,28.040000915527344,28.040000915527344,27.086912155151367,1200,667,2,0.0,71.42870766853906
2018-01-11,28.139999389648438,28.270000457763672,28.139999389648438,28.25,27.28977394104004,4800,668,3,0.3909048071693455,78.5715612726793
2018-01-12,28.3700008392334,28.399999618530273,28.31999969482422,28.360000610351562,27.396032333374023,3500,669,4,-0.03524930767011547,80.00013871693768
2018-01-16,28.34000015258789,28.649999618530273,28.34000015258789,28.350000381469727,27.38637351989746,6300,670,1,0.03528662254055348,78.34409916307165
2018-01-17,28.469999313354492,28.649999618530273,28.459999084472656,28.600000381469727,27.627878189086914,9100,671,2,0.4566247673011059,83.14616975450853
2018-01-18,28.520000457763672,28.600000381469727,28.520000457763672,28.56999969482422,27.598896026611328,4400,672,3,0.17531289010528361,85.05753300323701
2018-01-19,28.65999984741211,28.65999984741211,28.600000381469727,28.600000381469727,27.627878189086914,1000,673,4,-0.20934914955277328,84.70595363114953
2018-01-22,28.799999237060547,28.920000076293945,28.799999237060547,28.920000076293945,27.937002182006836,2400,674,0,0.41666959170949536,93.12172836291745
2018-01-23,28.93000030517578,29.020000457763672,28.899999618530273,28.989999771118164,28.004619598388672,7600,675,1,0.20739531735036731,92.30773571575291
2018-01-24,28.989999771118164,28.989999771118164,28.989999771118164,28.989999771118164,28.004619598388672,0,676,2,0.0,91.71978700838628
2018-01-25,28.860000610351562,29.020000457763672,28.860000610351562,28.93000030517578,27.946659088134766,4300,677,3,0.2425491799854962,87.50006274186991
2018-01-26,28.8700008392334,28.8700008392334,28.8700008392334,28.8700008392334,27.88869857788086,200,678,4,0.0,81.8841601291471
2018-01-29,29.229999542236328,29.299999237060547,29.149999618530273,29.209999084472656,28.217140197753906,4200,679,0,-0.06842442037938712,85.11911317085244
2018-01-30,28.989999771118164,29.020000457763672,28.950000762939453,29.020000457763672,28.033599853515625,2600,680,1,0.10348632936312274,75.14135435086914
2018-01-31,29.239999771118164,29.239999771118164,28.90999984741211,28.90999984741211,27.927339553833008,2200,681,2,-1.1285907191832867,74.30168550220891
2018-02-01,28.770000457763672,28.81999969482422,28.709999084472656,28.729999542236328,27.753454208374023,17500,682,3,-0.13903689569302324,63.63636363636363
2018-02-02,28.780000686645508,28.780000686645508,28.68000030517578,28.68000030517578,27.705158233642578,1200,683,4,-0.3474648335089481,59.41177262568328
2018-02-05,28.65999984741211,28.65999984741211,28.5,28.549999237060547,27.57957649230957,6000,684,0,-0.38381232008797284,55.49448073418339
2018-02-06,28.649999618530273,30.450000762939453,28.549999237060547,30.25,29.221792221069336,26900,685,1,5.584643639697906,75.22936314942478
2018-02-07,30.989999771118164,30.989999771118164,29.56999969482422,29.920000076293945,28.90300750732422,21400,686,2,-3.452725726772765,68.90758008598569
2018-02-08,29.920000076293945,30.1299991607666,29.75,29.979999542236328,28.960968017578125,18000,687,3,0.2005329738950179,69.16667328941129
2018-02-09,30.889999389648438,34.47999954223633,27.0,29.93000030517578,28.912668228149414,31200,688,4,-3.1077989752060775,65.16518632183138
2018-02-12,30.739999771118164,30.739999771118164,29.68000030517578,29.68000030517578,28.67116928100586,25800,689,0,-3.448274150406172,59.82907747810215
2018-02-13,29.760000228881836,29.90999984741211,29.739999771118164,29.829999923706055,28.81606674194336,10200,690,1,0.23521402649817613,61.47542435947411
2018-02-14,29.649999618530273,29.649999618530273,29.299999237060547,29.579999923706055,28.574565887451172,17300,691,2,-0.23608666349010932,58.44156101514634
2018-02-15,28.93000030517578,29.40999984741211,28.93000030517578,29.290000915527344,28.294422149658203,15600,692,3,1.244385090058775,55.14706466712761
2018-02-16,29.3700008392334,29.56999969482422,29.34000015258789,29.559999465942383,28.555240631103516,6400,693,4,0.6469139301323423,54.36409843449822
2018-02-20,29.84000015258789,29.84000015258789,29.610000610351562,29.709999084472656,28.70014190673828,21800,694,1,-0.43566041370800557,58.69016470470668
2018-02-21,29.75,29.75,29.3799991607666,29.739999771118164,28.7291259765625,12700,695,2,-0.03361421472886095,60.66838638691548
2018-02-22,29.260000228881836,29.68000030517578,29.260000228881836,29.649999618530273,28.642187118530273,9200,696,3,1.3328755522820535,62.10527266822701
2018-02-23,29.600000381469727,29.600000381469727,29.389999389648438,29.510000228881836,28.50694465637207,10200,697,4,-0.3040545656351812,60.66838638691548
2018-02-26,29.600000381469727,29.709999084472656,29.5,29.670000076293945,28.66150665283203,10400,698,0,0.23648545243952768,64.28573861416393
2018-02-27,29.790000915527344,29.8799991607666,29.790000915527344,29.81999969482422,28.806407928466797,2200,699,1,0.10070083375270933,40.928244913726495
2018-02-28,29.860000610351562,29.989999771118164,29.75,29.75,28.738786697387695,23500,700,2,-0.368387836915951,45.971552413796225
2018-03-01,29.520000457763672,30.329999923706055,29.520000457763672,29.670000076293945,28.66150665283203,8700,701,3,0.5081287811796953,42.72300133156507
2018-03-02,29.709999084472656,29.709999084472656,29.510000228881836,29.6299991607666,28.62286376953125,16300,702,4,-0.2692693576953564,42.9244913804815
2018-03-05,29.31999969482422,29.770000457763672,29.31999969482422,29.6299991607666,28.62286376953125,7000,703,0,1.0572969616950756,48.66306887783463
2018-03-06,29.809999465942383,29.809999465942383,29.75,29.780000686645508,28.76776695251465,7300,704,1,-0.1006332768678786,48.663121240124106
2018-03-07,29.8799991607666,29.8799991607666,29.700000762939453,29.799999237060547,28.78708839416504,42200,705,2,-0.26773736932059755,56.70730643579959
2018-03-08,29.780000686645508,29.809999465942383,29.6200008392334,29.68000030517578,28.67116928100586,4200,706,3,-0.33579710934852347,63.26530877044564
2018-03-09,29.90999984741211,30.059999465942383,29.780000686645508,30.059999465942383,29.03824806213379,29100,707,4,0.5015032407071462,65.82280467518295
2018-03-12,30.860000610351562,30.860000610351562,30.079999923706055,30.1200008392334,29.09621238708496,7600,708,0,-2.397925328847661,63.758450259796284
2018-03-13,30.200000762939453,30.209999084472656,29.959999084472656,29.959999084472656,28.941652297973633,6300,709,1,-0.7947075245154256,56.790098746448734
2018-03-14,30.020000457763672,30.020000457763672,29.860000610351562,29.860000610351562,28.845046997070312,12800,710,2,-0.5329774982422819,56.441751532023
2018-03-15,30.030000686645508,30.030000686645508,29.770000457763672,29.899999618530273,28.883686065673828,6500,711,3,-0.43290397982923556,62.745088261693425
2018-03-16,29.959999084472656,30.100000381469727,29.829999923706055,29.959999084472656,28.941652297973633,14200,712,4,0.0,60.1398368214733
2018-03-19,29.770000457763672,29.81999969482422,29.290000915527344,29.459999084472656,28.5157470703125,31800,713,0,-1.0413213588317927,39.88761636977729
2018-03-20,29.639999389648438,29.639999389648438,29.440000534057617,29.440000534057617,28.49639320373535,6700,714,1,-0.6747599855237096,41.04046561420569
2018-03-21,29.420000076293945,29.6299991607666,29.3799991607666,29.3799991607666,28.438318252563477,8000,715,2,-0.13596504222844752,41.52043652652666
2018-03-22,29.25,29.25,28.84000015258789,28.84000015258789,27.915624618530273,11300,716,3,-1.4017088800413968,32.126696442056655
2018-03-23,29.25,29.25,28.510000228881836,28.510000228881836,27.59619903564453,14100,717,4,-2.5299137474125266,27.952751766552268
2018-03-26,28.81999969482422,28.81999969482422,28.200000762939453,28.280000686645508,27.373571395874023,2200,718,0,-1.8736953986702831,21.373992452126927
2018-03-27,28.149999618530273,28.309999465942383,28.149999618530273,28.200000762939453,27.2961368560791,8600,719,1,0.1776239612318431,20.149243108982347
2018-03-28,28.31999969482422,28.31999969482422,28.190000534057617,28.239999771118164,27.334854125976562,4500,720,2,-0.2824856093507466,22.307645470371142
2018-03-29,28.18000030517578,28.239999771118164,28.18000030517578,28.190000534057617,27.28645896911621,5200,721,3,0.03548697222688357,8.81053530196651
2018-04-02,28.059999465942383,28.309999465942383,28.059999465942383,28.25,27.34453582763672,32400,722,0,0.6771223723230246,8.810458680599012
2018-04-03,28.350000381469727,28.520000457763672,28.280000686645508,28.469999313354492,27.557483673095703,3800,723,1,0.42327664998269565,18.025650240220315
2018-04-04,28.520000457763672,28.729999542236328,28.399999618530273,28.690000534057617,27.77043342590332,91700,724,2,0.5960731892192817,26.12239909132171
2018-04-05,28.850000381469727,28.90999984741211,28.68000030517578,28.68000030517578,27.760751724243164,5700,725,3,-0.5892550226901716,24.793363677563008
2018-04-06,28.719999313354492,28.719999313354492,28.399999618530273,28.450000762939453,27.538124084472656,5200,726,4,-0.940106395787732,20.849412035018688
2018-04-09,28.489999771118164,28.610000610351562,28.450000762939453,28.450000762939453,27.538124084472656,4200,727,0,-0.14039666023184516,25.837318390888512
2018-04-10,28.5,28.81999969482422,28.469999313354492,28.59000015258789,27.67363739013672,6500,728,1,0.31579000908030785,30.76919757481606
2018-04-11,28.600000381469727,28.719999313354492,28.579999923706055,28.700000762939453,27.78011131286621,10400,729,2,0.34965167879690284,34.95576378884435
2018-04-12,28.56999969482422,28.700000762939453,28.440000534057617,28.440000534057617,27.528444290161133,9400,730,3,-0.4550198185341636,39.89898746639257
2018-04-13,28.43000030517578,28.43000030517578,28.200000762939453,28.219999313354492,27.315494537353516,3800,731,4,-0.738659829641497,42.245960396483945
2018-04-16,28.15999984741211,28.15999984741211,27.90999984741211,27.90999984741211,27.015430450439453,20000,732,0,-0.8877840957196459,40.512793426196815
2018-04-17,28.049999237060547,28.049999237060547,28.0,28.0,27.10254669189453,17300,733,1,-0.17825040435112127,44.89793733772932
2018-04-18,28.010000228881836,28.1299991607666,28.010000228881836,28.09000015258789,27.189661026000977,2000,734,2,0.2856120066131451,46.268666630607335
2018-04-19,28.18000030517578,28.18000030517578,28.030000686645508,28.06999969482422,27.17030143737793,18000,735,3,-0.3903499260479393,46.969677995474385
2018-04-20,27.93000030517578,28.059999465942383,26.8700008392334,27.829999923706055,26.937997817993164,5700,736,4,-0.35803931391721333,40.2777839099379
2018-04-23,27.93000030517578,28.0,27.84000015258789,27.8700008392334,26.976715087890625,3000,737,0,-0.21482085673756313,34.848549068868664
2018-04-24,27.729999542236328,27.729999542236328,27.729999542236328,27.729999542236328,26.84119987487793,1200,738,1,0.0,24.736861654230438
2018-04-25,27.75,27.8700008392334,27.75,27.8700008392334,26.976715087890625,4500,739,2,0.4324354566969335,30.049318476717715
2018-04-26,27.68000030517578,27.940000534057617,27.68000030517578,27.8700008392334,26.976715087890625,18800,740,3,0.6864181068021447,33.88893539510089
2018-04-27,27.920000076293945,27.959999084472656,27.860000610351562,27.93000030517578,27.034791946411133,7200,741,4,0.03581743859064623,36.02152632647578
2018-04-30,27.969999313354492,27.969999313354492,27.75,27.75,26.860559463500977,54300,742,0,-0.7865545897580817,27.894794960598304
2018-05-01,27.549999237060547,27.6200008392334,27.510000228881836,27.56999969482422,26.686330795288086,17400,743,1,0.07259694489125668,21.319843152442274
2018-05-02,27.59000015258789,27.690000534057617,27.59000015258789,27.65999984741211,26.7734432220459,2800,744,2,0.25371400665850086,28.333373952683047
2018-05-03,27.260000228881836,27.299999237060547,27.229999542236328,27.299999237060547,26.42498016357422,20900,745,3,0.14673150345880792,26.288710979323
2018-05-04,27.6200008392334,27.8700008392334,27.6200008392334,27.84000015258789,26.947675704956055,2800,746,4,0.7965217475373487,48.3871081156149
2018-05-07,27.739999771118164,28.020000457763672,27.739999771118164,27.93000030517578,27.034791946411133,2000,747,0,0.6849334377263983,48.3871081156149
2018-05-08,27.770000457763672,27.850000381469727,27.75,27.75,26.860559463500977,3900,748,1,-0.07202181286993792,42.47789253722274
2018-05-09,27.760000228881836,28.110000610351562,27.760000228881836,28.09000015258789,27.189661026000977,2400,749,2,1.1887605222809627,50.38760492242726
2018-05-10,28.209999084472656,28.329999923706055,28.209999084472656,28.329999923706055,27.42197036743164,1400,750,3,0.4253840592977953,59.689901276442235
2018-05-11,28.459999084472656,28.459999084472656,28.459999084472656,28.459999084472656,27.547801971435547,200,751,4,0.0,61.04864017670452
2018-05-14,28.510000228881836,28.510000228881836,28.459999084472656,28.459999084472656,27.547801971435547,5400,752,0,-0.17538107333484598,64.42685363187455
2018-05-15,28.139999389648438,28.239999771118164,28.139999389648438,28.170000076293945,27.267099380493164,3300,753,1,0.10661225051959988,55.59700005408898
2018-05-16,28.25,28.43000030517578,28.239999771118164,28.309999465942383,27.402610778808594,9100,754,2,0.21238749006153856,57.80139493483901
2018-05-17,28.350000381469727,28.350000381469727,28.260000228881836,28.260000228881836,27.35421371459961,4200,755,3,-0.3174608514175392,55.87188587944061
2018-05-18,28.299999237060547,28.299999237060547,28.280000686645508,28.290000915527344,27.383255004882812,4600,756,4,-0.03532975902030833,60.150393731276075
2018-05-21,28.489999771118164,28.5,28.40999984741211,28.5,27.586519241333008,4100,757,0,0.03510083875808423,67.2862598505035
2018-05-22,28.469999313354492,28.510000228881836,28.469999313354492,28.510000228881836,27.59619903564453,1200,758,1,0.1405019897860793,66.28354030390437
2018-05-23,28.31999969482422,28.420000076293945,28.309999465942383,28.3799991607666,27.470365524291992,1700,759,2,0.2118625232660154,72.68908202804124
2018-05-24,28.40999984741211,28.40999984741211,28.399999618530273,28.399999618530273,27.489728927612305,700,760,3,-0.03519967946338243,65.05375958161355
2018-05-25,28.350000381469727,28.3799991607666,28.350000381469727,28.3799991607666,27.470365524291992,1400,761,4,0.10581579856514534,62.56980740030369
2018-05-29,28.209999084472656,28.229999542236328,28.06999969482422,28.1200008392334,27.218704223632812,3100,762,1,-0.3190295929105358,59.89308630919293
2018-05-30,28.350000381469727,28.479999542236328,28.350000381469727,28.479999542236328,27.567161560058594,2100,763,2,0.4585508254580928,60.31746832683757
2018-05-31,28.3700008392334,28.3700008392334,28.260000228881836,28.280000686645508,27.373571395874023,3400,764,3,-0.3172370459130436,48.64866536760385
2018-06-01,28.299999237060547,28.299999237060547,28.299999237060547,28.299999237060547,27.39293098449707,30300,765,4,0.0,45.40228751076998
2018-06-04,28.3700008392334,28.399999618530273,28.360000610351562,28.389999389648438,27.48004913330078,2200,766,0,0.07049189222223529,48.087433972175546
2018-06-05,28.3799991607666,28.420000076293945,28.3799991607666,28.420000076293945,27.50908660888672,1900,767,1,0.14094755711846485,57.96180433224399
2018-06-06,28.3799991607666,28.479999542236328,28.3799991607666,28.479999542236328,27.567161560058594,4100,768,2,0.3523621720467496,55.704716028300524
2018-06-07,28.549999237060547,28.549999237060547,28.469999313354492,28.469999313354492,27.557483673095703,4700,769,3,-0.2802098978770151,57.24136298104749
2018-06-08,28.5,28.5,28.5,28.5,27.586519241333008,400,770,4,0.0,57.24136298104749
2018-06-11,28.579999923706055,28.6200008392334,28.579999923706055,28.610000610351562,27.692996978759766,4300,771,0,0.10497091226588928,54.07410128456544
2018-06-12,28.729999542236328,28.729999542236328,28.600000381469727,28.600000381469727,27.683317184448242,10800,772,1,-0.4524857738876342,53.33334275234957
2018-06-13,28.649999618530273,28.649999618530273,28.579999923706055,28.579999923706055,27.663955688476562,2700,773,2,-0.24432703579844173,58.06456078607509
2018-06-14,28.709999084472656,28.709999084472656,28.549999237060547,28.56999969482422,27.654277801513672,1400,774,3,-0.48763286002385664,56.9105854951285
2018-06-15,28.5,28.549999237060547,28.440000534057617,28.520000457763672,27.605878829956055,2700,775,4,0.07017704478480269,55.55562283435841
2018-06-18,28.309999465942383,28.3700008392334,28.190000534057617,28.34000015258789,27.523330688476562,3700,776,0,0.1059720494929639,59.322017460345684
2018-06-19,28.209999084472656,28.219999313354492,28.209999084472656,28.219999313354492,27.40678596496582,700,777,1,0.03544923504565922,36.170208448738
2018-06-20,28.329999923706055,28.329999923706055,28.329999923706055,28.329999923706055,27.51361846923828,700,778,2,0.0,52.94112367215234
2018-06-21,28.200000762939453,28.219999313354492,28.200000762939453,28.219999313354492,27.40678596496582,900,779,3,0.070916843524782,45.74470459567439
2018-06-22,28.440000534057617,28.440000534057617,28.18000030517578,28.190000534057617,27.377653121948242,3500,780,4,-0.879043584055561,38.63646708209158
2018-06-25,28.190000534057617,28.190000534057617,28.190000534057617,28.190000534057617,27.377653121948242,0,781,0,0.0,36.470651593417195
2018-06-26,28.190000534057617,28.190000534057617,28.190000534057617,28.190000534057617,27.377653121948242,0,782,1,0.0,31.64569797845911
2018-06-27,28.030000686645508,28.09000015258789,27.959999084472656,28.049999237060547,27.241687774658203,2200,783,2,0.07134694942967368,27.174005435920606
2018-06-28,27.75,27.93000030517578,27.75,27.93000030517578,27.125146865844727,24700,784,3,0.6486497483811915,21.782253008316786
2018-06-29,27.899999618530273,28.010000228881836,27.899999618530273,27.940000534057617,27.134857177734375,8400,785,4,0.1433724590475416,13.186879981890712
2018-07-02,27.760000228881836,27.889999389648438,27.760000228881836,27.8700008392334,27.066875457763672,1900,786,0,0.3962557977111203,12.37120497089822
2018-07-03,27.940000534057617,27.940000534057617,27.860000610351562,27.860000610351562,27.05716323852539,700,787,1,-0.286327566846456,12.500074505728989
2018-07-05,27.989999771118164,28.040000915527344,27.989999771118164,28.040000915527344,27.231975555419922,1400,788,3,0.17863931696338042,26.548748746721216
2018-07-06,28.079999923706055,28.260000228881836,28.079999923706055,28.229999542236328,27.4164981842041,4800,789,4,0.5341866771290116,38.58264523628587
2018-07-09,28.15999984741211,28.420000076293945,28.15999984741211,28.399999618530273,27.581600189208984,1800,790,0,0.8522719191002448,52.38093075568836
2018-07-10,28.479999542236328,28.489999771118164,28.440000534057617,28.469999313354492,27.649585723876953,3600,791,1,-0.03511316377307061,60.33058632887129
2018-07-11,28.40999984741211,28.469999313354492,28.389999389648438,28.469999313354492,27.649585723876953,1200,792,2,0.21119136312790499,56.36361744775592
2018-07-12,28.5,28.670000076293945,28.479999542236328,28.56999969482422,27.746702194213867,1900,793,3,0.24561296429550517,66.0550892168134
2018-07-13,28.59000015258789,28.709999084472656,28.579999923706055,28.709999084472656,27.882667541503906,2100,794,4,0.41972343911969023,71.66662693019893
2018-07-16,28.610000610351562,28.68000030517578,28.600000381469727,28.68000030517578,27.853532791137695,1300,795,0,0.2446686240156648,69.91872818368888
2018-07-17,28.709999084472656,28.75,28.709999084472656,28.75,27.92151641845703,600,796,1,0.13932747057794348,71.53848523929204
2018-07-18,28.709999084472656,28.799999237060547,28.709999084472656,28.780000686645508,27.950653076171875,1200,797,2,0.24382307351138444,80.67241437343424
2018-07-19,28.739999771118164,28.75,28.719999313354492,28.719999313354492,27.892377853393555,600,798,3,-0.06959101573748017,84.95573428757099
2018-07-20,28.75,28.75,28.690000534057617,28.739999771118164,27.911802291870117,800,799,4,-0.0347834048063822,85.08770462180937
2018-07-23,28.690000534057617,28.75,28.690000534057617,28.75,27.92151641845703,2000,800,0,0.20913023640818373,90.74070476536961
2018-07-24,28.65999984741211,28.90999984741211,28.65999984741211,28.84000015258789,28.00891876220703,1700,801,1,0.6280541037477771,92.24136513563552
2018-07-25,28.719999313354492,28.719999313354492,28.719999313354492,28.719999313354492,27.892377853393555,500,802,2,0.0,80.90900736409712
2018-07-26,28.979999542236328,29.079999923706055,28.979999542236328,29.040000915527344,28.20315933227539,4100,803,3,0.20704407949891923,82.9267952288502
2018-07-27,28.940000534057617,28.940000534057617,28.770000457763672,28.860000610351562,28.028345108032227,11500,804,4,-0.27643373265286986,68.54837345162963
2018-07-30,28.75,28.790000915527344,28.719999313354492,28.760000228881836,27.93122673034668,3100,805,0,0.0347834048063822,61.41732046953659
2018-07-31,28.739999771118164,28.920000076293945,28.739999771118164,28.860000610351562,28.028345108032227,4300,806,1,0.41753945786036084,64.23357562611639
2018-08-01,28.799999237060547,28.93000030517578,28.790000915527344,28.809999465942383,27.979785919189453,5900,807,2,0.034723017870663675,59.09086311506322
2018-08-02,28.719999313354492,28.989999771118164,28.709999084472656,28.93000030517578,28.096328735351562,11100,808,3,0.7312012424862457,58.46154071874386
2018-08-03,28.829999923706055,29.010000228881836,28.829999923706055,29.010000228881836,28.174022674560547,4600,809,4,0.6243506959837664,62.2221468706246
2018-08-06,29.040000915527344,29.190000534057617,29.040000915527344,29.139999389648438,28.300275802612305,2500,810,0,0.34434735181989584,63.82969225566452
2018-08-07,29.229999542236328,29.270000457763672,29.219999313354492,29.229999542236328,28.38768196105957,1800,811,1,0.0,65.30601123384113
2018-08-08,29.190000534057617,29.190000534057617,29.190000534057617,29.190000534057617,28.34883689880371,200,812,2,0.0,66.20688747994002
2018-08-09,29.239999771118164,29.239999771118164,29.239999771118164,29.239999771118164,28.39739418029785,700,813,3,0.0,66.89185357781707
2018-08-10,29.100000381469727,29.100000381469727,28.860000610351562,29.0,28.164310455322266,2900,814,4,-0.3436439180715789,57.30992912706043
2018-08-13,29.100000381469727,29.100000381469727,28.950000762939453,28.950000762939453,28.115753173828125,2900,815,0,-0.515462599876082,53.29342753568565
2018-08-14,29.100000381469727,29.139999389648438,29.09000015258789,29.139999389648438,28.300275802612305,600,816,1,0.13745363455108794,62.06896929716386
2018-08-15,28.799999237060547,28.959999084472656,28.799999237060547,28.889999389648438,28.057477951049805,10900,817,2,0.31250053809750433,45.50893142674403
2018-08-16,29.040000915527344,29.190000534057617,29.040000915527344,29.09000015258789,28.25171661376953,4600,818,3,0.17217367590995902,56.80472571401485
2018-08-17,29.110000610351562,29.149999618530273,29.049999237060547,29.149999618530273,28.30998992919922,2700,819,4,0.13740641477173465,61.81817971641732
2018-08-20,29.190000534057617,29.290000915527344,29.149999618530273,29.290000915527344,28.445955276489258,6600,820,0,0.34258437697884947,62.72191285779745
2018-08-21,29.34000015258789,29.420000076293945,29.34000015258789,29.350000381469727,28.504222869873047,2200,821,1,0.034083942841944825,65.88240837978296
2018-08-22,29.3700008392334,29.3799991607666,29.280000686645508,29.280000686645508,28.436241149902344,4400,822,2,-0.3064356486761288,60.60609913845422
2018-08-23,29.290000915527344,29.290000915527344,29.290000915527344,29.290000915527344,28.445955276489258,200,823,3,0.0,58.86080304403934
2018-08-24,29.40999984741211,29.420000076293945,29.3799991607666,29.420000076293945,28.572208404541016,1600,824,4,0.03400281854375464,58.86080304403934
2018-08-27,29.389999389648438,29.649999618530273,29.389999389648438,29.649999618530273,28.79557991027832,2100,825,0,0.8846554415833374,62.209336495991785
2018-08-28,29.530000686645508,29.739999771118164,29.530000686645508,29.649999618530273,28.79557991027832,1400,826,1,0.40636278054348995,63.69047754205826
2018-08-29,29.530000686645508,29.799999237060547,29.530000686645508,29.799999237060547,28.941255569458008,2700,827,2,0.9143194857328396,65.7303497204872
2018-08-30,29.670000076293945,29.760000228881836,29.670000076293945,29.719999313354492,28.863561630249023,3800,828,3,0.1685178191168868,72.22224184518659
2018-08-31,29.690000534057617,29.690000534057617,29.59000015258789,29.59000015258789,28.7373104095459,1600,829,4,-0.3368150207845755,68.82354525136657
2018-09-04,29.469999313354492,29.579999923706055,29.399999618530273,29.549999237060547,28.69845962524414,10600,830,1,0.2714622516797993,63.22580803941692
2018-09-05,29.530000686645508,29.559999465942383,29.510000228881836,29.510000228881836,28.65961456298828,1300,831,2,-0.0677292830972287,73.13438996790241
2018-09-06,29.40999984741211,29.510000228881836,29.389999389648438,29.450000762939453,28.601341247558594,2600,832,3,0.13601127417504077,65.00006357844944
2018-09-07,29.5,29.5,29.3700008392334,29.399999618530273,28.552783966064453,2700,833,4,-0.3389843439651763,60.50421380280878
2018-09-10,29.540000915527344,29.540000915527344,29.440000534057617,29.510000228881836,28.65961456298828,3400,834,0,-0.1015595318744178,59.4827458634303
2018-09-11,29.459999084472656,29.56999969482422,29.459999084472656,29.56999969482422,28.71788215637207,3300,835,1,0.37338972766478573,59.4827458634303
2018-09-12,29.549999237060547,29.600000381469727,29.520000457763672,29.520000457763672,28.669326782226562,1900,836,2,-0.10151871428561998,60.5263289982884
2018-09-13,29.729999542236328,29.729999542236328,29.6200008392334,29.670000076293945,28.815004348754883,7600,837,3,-0.20181455387223712,64.84375349246818
2018-09-14,29.719999313354492,29.719999313354492,29.670000076293945,29.709999084472656,28.853849411010742,6200,838,4,-0.03364814640941516,62.18486586814254
2018-09-17,29.579999923706055,29.600000381469727,29.540000915527344,29.540000915527344,28.68874740600586,1800,839,0,-0.13522315173049027,45.13278070632956
2018-09-18,29.610000610351562,29.690000534057617,29.610000610351562,29.6200008392334,28.76644515991211,5200,840,1,0.033773146490045924,48.76037617475796
2018-09-19,29.65999984741211,29.690000534057617,29.639999389648438,29.649999618530273,28.79557991027832,1200,841,2,-0.03371621353096543,43.11924839580661
2018-09-20,29.770000457763672,29.920000076293945,29.770000457763672,29.850000381469727,28.989818572998047,4300,842,3,0.268726645871431,55.371965963939935
2018-09-21,29.860000610351562,29.90999984741211,29.860000610351562,29.90999984741211,29.04808807373047,600,843,4,0.16744553261400785,64.03512881345723
2018-09-24,29.65999984741211,29.739999771118164,29.559999465942383,29.68000030517578,28.931116104125977,3900,844,0,0.06743242706193087,54.887279506668584
2018-09-25,29.610000610351562,29.6200008392334,29.610000610351562,29.6200008392334,28.872629165649414,5100,845,1,0.033773146490045924,54.07411279680582
2018-09-26,29.670000076293945,29.760000228881836,29.600000381469727,29.600000381469727,28.853132247924805,25400,846,2,-0.235927518180723,55.725195285484446
2018-09-27,29.68000030517578,29.739999771118164,29.670000076293945,29.670000076293945,28.921369552612305,4000,847,3,-0.033693493190745105,60.15043740140542
2018-09-28,29.670000076293945,29.700000762939453,29.59000015258789,29.59000015258789,28.843387603759766,18500,848,4,-0.26963236771264665,53.07693549168025
2018-10-01,29.709999084472656,29.799999237060547,29.709999084472656,29.739999771118164,28.98960304260254,3900,849,0,0.1009784165937111,56.11513851667977
2018-10-02,29.790000915527344,29.790000915527344,29.780000686645508,29.790000915527344,29.038341522216797,3400,850,1,0.0,59.71227760106922
2018-10-03,29.799999237060547,29.8799991607666,29.799999237060547,29.809999465942383,29.05783462524414,3700,851,2,0.03355781589886586,55.55555555555556
2018-10-04,29.65999984741211,29.65999984741211,29.450000762939453,29.479999542236328,28.736162185668945,1300,852,3,-0.6068789821369047,42.58063801615467
2018-10-05,29.360000610351562,29.389999389648438,29.360000610351562,29.389999389648438,28.648433685302734,700,853,4,0.10217567667998306,44.89789827975015
2018-10-08,29.3700008392334,29.3700008392334,29.3700008392334,29.3700008392334,28.628938674926758,1500,854,0,0.0,41.13472682903073
2018-10-09,29.3700008392334,29.459999084472656,29.3700008392334,29.440000534057617,28.697174072265625,7600,855,1,0.238337394702115,42.758637018952506
2018-10-10,29.139999389648438,29.149999618530273,28.68000030517578,28.739999771118164,28.014835357666016,4500,856,2,-1.3726823160894353,21.53840134590554
2018-10-11,28.31999969482422,28.389999389648438,28.190000534057617,28.190000534057617,27.478713989257812,27100,857,3,-0.45903658957440197,14.754065042239219
2018-10-12,27.979999542236328,28.1200008392334,27.959999084472656,28.030000686645508,27.3227481842041,10000,858,4,0.17870316378563178,15.189837762492132
2018-10-15,28.139999389648438,28.139999389648438,27.959999084472656,28.0,27.29350471496582,7100,859,0,-0.4975102796197506,15.384571494245748
2018-10-16,27.90999984741211,27.979999542236328,27.899999618530273,27.950000762939453,27.244768142700195,2400,860,1,0.14332108830539259,15.189837762492132
2018-10-17,27.90999984741211,27.989999771118164,27.90999984741211,27.93000030517578,27.225271224975586,1300,861,2,0.07166054415268519,12.499969169981924
2018-10-18,28.010000228881836,28.010000228881836,27.90999984741211,27.90999984741211,27.20577621459961,3000,862,3,-0.35701671064827245,12.831824051177747
2018-10-19,28.079999923706055,28.079999923706055,27.959999084472656,27.959999084472656,27.254514694213867,4500,863,4,-0.4273534172344884,8.796241106757776
2018-10-22,27.899999618530273,28.020000457763672,27.889999389648438,27.899999618530273,27.196027755737305,5700,864,0,0.0,6.451507994617231
2018-10-23,28.059999465942383,28.059999465942383,27.799999237060547,27.889999389648438,27.186279296875,3300,865,1,-0.6058449021008827,5.555511403924726
2018-10-24,27.700000762939453,27.700000762939453,27.700000762939453,27.700000762939453,27.001075744628906,1000,866,2,0.0,5.940551054708891
2018-10-25,27.649999618530273,27.850000381469727,27.649999618530273,27.850000381469727,27.147289276123047,21700,867,3,0.723330074859807,12.980723821820291
2018-10-26,27.850000381469727,27.850000381469727,27.850000381469727,27.850000381469727,27.147289276123047,100,868,4,0.0,13.1067412817398
2018-10-29,27.889999389648438,27.889999389648438,27.690000534057617,27.690000534057617,26.991329193115234,6500,869,0,-0.7170988166641967,9.302282255961146
2018-10-30,27.719999313354492,27.799999237060547,27.719999313354492,27.799999237060547,27.09855079650879,1400,870,1,0.288600020518448,19.871693766987363
2018-10-31,27.709999084472656,28.059999465942383,27.709999084472656,27.889999389648438,27.186279296875,21100,871,2,0.6495861101512901,36.36354178407012
2018-11-01,27.940000534057617,27.940000534057617,27.790000915527344,27.799999237060547,27.09855079650879,48900,872,3,-0.5010783619220582,38.83484718017092
2018-11-02,27.790000915527344,27.829999923706055,27.780000686645508,27.829999923706055,27.12779426574707,800,873,4,0.143933094138049,41.74754404970233
2018-11-05,27.6200008392334,27.6200008392334,27.6200008392334,27.6200008392334,26.923093795776367,400,874,0,0.0,36.13441876195102
2018-11-06,27.799999237060547,27.799999237060547,27.700000762939453,27.739999771118164,27.04006576538086,3900,875,1,-0.2158254229820189,42.63561077522922
2018-11-07,27.790000915527344,27.920000076293945,27.790000915527344,27.90999984741211,27.20577621459961,2300,876,2,0.4318061458491007,50.0
2018-11-08,27.760000228881836,27.760000228881836,27.760000228881836,27.760000228881836,27.05956268310547,500,877,3,0.0,43.50651039570176
2018-11-09,27.799999237060547,27.84000015258789,27.770000457763672,27.790000915527344,27.08880615234375,3100,878,4,-0.03596518635825552,46.35765019143005
2018-11-12,27.670000076293945,27.68000030517578,27.65999984741211,27.68000030517578,26.98158073425293,2300,879,0,0.03614105115381516,43.47827632205587
2018-11-13,27.59000015258789,27.770000457763672,27.59000015258789,27.649999618530273,26.952335357666016,11900,880,1,0.21746816096612775,48.27582124577588
2018-11-14,27.790000915527344,27.790000915527344,27.68000030517578,27.68000030517578,26.98158073425293,700,881,2,-0.3958280198907871,43.60901932158617
2018-11-15,27.479999542236328,27.780000686645508,27.479999542236328,27.719999313354492,27.020570755004883,6000,882,3,0.8733616270600209,45.25543177116254
2018-11-16,27.739999771118164,27.739999771118164,27.65999984741211,27.65999984741211,26.962087631225586,2900,883,4,-0.2883919407575042,48.81886925635846
2018-11-19,27.65999984741211,27.65999984741211,27.65999984741211,27.65999984741211,26.962087631225586,100,884,0,0.0,43.96554275585605
2018-11-20,27.270000457763672,27.280000686645508,27.170000076293945,27.170000076293945,26.48444938659668,7600,885,1,-0.3667047297069459,26.92309103068999
2018-11-21,27.299999237060547,27.31999969482422,27.260000228881836,27.290000915527344,26.60141944885254,2100,886,2,-0.03662388942352601,33.962318472009954
2018-11-23,27.049999237060547,27.049999237060547,27.049999237060547,27.049999237060547,26.367477416992188,1700,887,4,0.0,28.333328035146053
2018-11-26,27.299999237060547,27.299999237060547,27.18000030517578,27.270000457763672,26.58192253112793,5400,888,0,-0.10988564152101254,40.33149869910629
2018-11-27,27.239999771118164,27.329999923706055,27.219999313354492,27.260000228881836,26.57217788696289,8000,889,1,0.07342312016052066,35.882404419651465
2018-11-28,27.350000381469727,27.729999542236328,27.350000381469727,27.729999542236328,27.030319213867188,6700,890,2,1.389393621449675,45.5000009536725
2018-11-29,27.760000228881836,27.81999969482422,27.75,27.770000457763672,27.06930923461914,13300,891,3,0.036023878960311784,50.264555604108146
2018-11-30,27.75,27.8700008392334,27.75,27.780000686645508,27.079059600830078,1400,892,4,0.10811058250632666,49.73261486647063
2018-12-03,27.799999237060547,28.030000686645508,27.799999237060547,28.030000686645508,27.3227481842041,4300,893,0,0.8273433665362928,58.70645963593437
2018-12-04,27.780000686645508,27.780000686645508,27.639999389648438,27.639999389648438,26.942588806152344,500,894,1,-0.5039643395846727,49.78902512142222
2018-12-06,26.139999389648438,27.360000610351562,26.139999389648438,27.239999771118164,26.552682876586914,3300,895,3,4.208111733565434,41.97080368187415
2018-12-07,27.520000457763672,27.520000457763672,27.520000457763672,27.520000457763672,26.825618743896484,400,896,4,0.0,46.644320431444065
2018-12-10,27.530000686645508,27.530000686645508,27.360000610351562,27.360000610351562,26.669652938842773,600,897,0,-0.6175084346307758,45.12989144233687
2018-12-11,27.329999923706055,27.489999771118164,27.31999969482422,27.34000015258789,26.650157928466797,4900,898,1,0.036590665604663286,44.83872476152036
2018-12-12,27.469999313354492,27.559999465942383,27.420000076293945,27.440000534057617,26.747634887695312,1200,899,2,-0.10920560628587817,54.981545919832435
2018-12-13,27.399999618530273,27.399999618530273,27.399999618530273,27.399999618530273,26.70864486694336,100,900,3,0.0,52.091224695967234
2018-12-14,27.1299991607666,27.15999984741211,27.110000610351562,27.110000610351562,26.425962448120117,1600,901,4,-0.07371378928738848,51.1194268853187
2018-12-17,27.030000686645508,27.030000686645508,26.81999969482422,26.81999969482422,26.143280029296875,700,902,0,-0.7769181889996868,41.81817929607142
2018-12-18,26.969999313354492,26.969999313354492,26.809999465942383,26.889999389648438,26.211511611938477,9900,903,1,-0.2966256052755689,43.416362860096484
2018-12-19,26.940000534057617,27.040000915527344,26.5,26.520000457763672,25.85085105895996,3300,904,2,-1.559020296836966,27.675317527459455
2018-12-20,26.5,26.59000015258789,26.270000457763672,26.329999923706055,25.66564178466797,6900,905,3,-0.6415097218639421,24.825187650261924
2018-12-21,26.25,26.350000381469727,26.239999771118164,26.239999771118164,25.57791519165039,3700,906,4,-0.03809611002604241,23.809529988166673
2018-12-24,26.25,26.34000015258789,26.200000762939453,26.270000457763672,25.749446868896484,6300,907,0,0.07619222005208481,17.647091822602746
2018-12-26,26.079999923706055,26.239999771118164,26.079999923706055,26.170000076293945,25.651424407958984,11900,908,2,0.34509261062567465,19.753128088155535
2018-12-27,26.010000228881836,26.43000030517578,26.010000228881836,26.43000030517578,25.906274795532227,10000,909,3,1.6147638315957114,32.314443941926726
2018-12-28,26.399999618530273,26.450000762939453,26.360000610351562,26.399999618530273,25.876867294311523,26200,910,4,0.0,22.54903702401667
2018-12-31,26.280000686645508,26.31999969482422,26.209999084472656,26.239999771118164,25.720041275024414,3200,911,0,-0.1522104812868963,22.54903702401667
2019-01-02,25.950000762939453,26.360000610351562,25.950000762939453,26.15999984741211,25.641624450683594,2200,912,2,0.8092450030774856,21.904785260025832
2019-01-03,26.0,26.0,26.0,26.0,25.48479461669922,200,913,3,0.0,16.666681383850943
2019-01-04,26.15999984741211,26.15999984741211,26.15999984741211,26.15999984741211,25.641624450683594,100,914,4,0.0,22.807030752641225
2019-01-07,26.1299991607666,26.1299991607666,26.1299991607666,26.1299991607666,25.612218856811523,100,915,0,0.0,25.74256677836918
2019-01-08,26.260000228881836,26.270000457763672,26.229999542236328,26.270000457763672,25.749446868896484,1700,916,1,0.038081602416895066,35.29415964586606
2019-01-09,26.209999084472656,26.280000686645508,26.209999084472656,26.239999771118164,25.720041275024414,24200,917,2,0.11446275350417423,32.24048386104941
2019-01-10,26.260000228881836,26.309999465942383,26.260000228881836,26.309999465942383,25.788652420043945,2100,918,3,0.19040074876144342,43.13724268010367
2019-01-11,26.149999618530273,26.209999084472656,26.149999618530273,26.170000076293945,25.651424407958984,1800,919,4,0.07648358721006332,44.594612010083154
2019-01-14,26.079999923706055,26.079999923706055,26.079999923706055,26.079999923706055,25.56321144104004,500,920,0,0.0,44.594612010083154
2019-01-15,26.09000015258789,26.190000534057617,26.079999923706055,26.15999984741211,25.641624450683594,1600,921,1,0.26830086015647847,46.405214906714605
2019-01-16,26.149999618530273,26.290000915527344,26.149999618530273,26.290000915527344,25.76905059814453,5100,922,2,0.5353778165941625,53.846172656258595
2019-01-17,26.270000457763672,26.389999389648438,26.270000457763672,26.389999389648438,25.867067337036133,9400,923,3,0.4567907491196843,48.57139743107667
2019-01-18,26.510000228881836,26.59000015258789,26.510000228881836,26.59000015258789,26.0631046295166,4800,924,4,0.30177262548227723,56.05096624725288
2019-01-22,26.520000457763672,26.520000457763672,26.3799991607666,26.440000534057617,25.916080474853516,4500,925,1,-0.30165883229702484,56.41027522038416
2019-01-23,26.510000228881836,26.510000228881836,26.510000228881836,26.510000228881836,25.984689712524414,100,926,2,0.0,61.290326550150304
2019-01-24,26.469999313354492,26.479999542236328,26.40999984741211,26.459999084472656,25.935680389404297,15400,927,3,-0.037779482966560085,65.97216335353707
2019-01-25,26.600000381469727,26.600000381469727,26.559999465942383,26.559999465942383,26.03369903564453,300,928,4,-0.15037937952515623,64.4927085536109
2019-01-28,26.5,26.520000457763672,26.479999542236328,26.489999771118164,25.965085983276367,2200,929,0,-0.03773671276164903,62.67606012169405
2019-01-29,26.5,26.5,26.440000534057617,26.440000534057617,25.916080474853516,800,930,1,-0.22641307902786512,56.39098067841383
2019-01-30,26.59000015258789,26.690000534057617,26.59000015258789,26.690000534057617,26.16112518310547,3100,931,2,0.3760826660243355,64.51616078833834
2019-01-31,26.700000762939453,26.889999389648438,26.690000534057617,26.889999389648438,26.357158660888672,410500,932,3,0.7116053231455588,67.26191895350038
2019-02-01,26.90999984741211,26.989999771118164,26.799999237060547,26.940000534057617,26.406169891357422,197500,933,4,0.11148527244748685,74.21384854933555
2019-02-04,26.8700008392334,27.040000915527344,26.8700008392334,27.040000915527344,26.504188537597656,17400,934,0,0.6326761108459866,80.00002384185223
2019-02-05,27.170000076293945,27.239999771118164,27.100000381469727,27.219999313354492,26.680620193481445,34800,935,1,0.18402369127767937,81.17647586809666
2019-02-06,27.139999389648438,27.200000762939453,27.09000015258789,27.110000610351562,26.57280158996582,63100,936,2,-0.11053345604833398,74.40480380380608
2019-02-07,26.950000762939453,26.979999542236328,26.790000915527344,26.979999542236328,26.445375442504883,25500,937,3,0.11131272151252425,67.25147568631125
2019-02-08,26.829999923706055,26.899999618530273,26.709999084472656,26.8799991607666,26.34735679626465,17200,938,4,0.18635571078167157,59.0061876334997
2019-02-11,26.889999389648438,27.280000686645508,26.889999389648438,27.020000457763672,26.48458480834961,3400,939,0,0.48345508020084527,68.12499329447905
2019-02-12,26.959999084472656,27.440000534057617,26.959999084472656,27.290000915527344,26.74923324584961,7100,940,1,1.224042441621398,71.66667196485395
2019-02-13,27.56999969482422,27.56999969482422,27.110000610351562,27.110000610351562,26.57280158996582,10800,941,2,-1.6684769298674018,66.83941510619879
2019-02-14,27.09000015258789,27.399999618530273,27.09000015258789,27.34000015258789,26.798242568969727,4700,942,3,0.9228497548609882,68.93206040926528
2019-02-15,27.469999313354492,27.639999389648438,27.469999313354492,27.5,26.95507049560547,3900,943,4,0.10921254967386496,73.48838158334804
2019-02-19,27.6299991607666,28.1299991607666,27.579999923706055,27.6299991607666,27.082496643066406,8400,944,1,0.0,76.68158903556565
2019-02-20,27.649999618530273,27.799999237060547,27.6299991607666,27.639999389648438,27.09229850769043,6800,945,2,-0.03616719356167586,73.86932072502259
2019-02-21,27.6299991607666,27.6299991607666,27.5,27.520000457763672,26.97467803955078,9000,946,3,-0.3981133056244257,66.49217587553301
2019-02-22,27.709999084472656,27.709999084472656,27.639999389648438,27.690000534057617,27.14130973815918,3400,947,4,-0.07217088082202006,68.47291751228973
2019-02-25,27.93000030517578,27.93000030517578,27.809999465942383,27.81999969482422,27.26873016357422,2400,948,0,-0.3938439282121231,68.93203164350686
2019-02-26,27.75,27.829999923706055,27.709999084472656,27.780000686645508,27.22952651977539,5000,949,1,0.10811058250632666,64.58338300391802
2019-02-27,27.6299991607666,27.780000686645508,27.6299991607666,27.75,27.20012092590332,18800,950,2,0.43431358262142616,67.39128631995771
2019-02-28,27.690000534057617,27.780000686645508,27.690000534057617,27.690000534057617,27.14130973815918,15500,951,3,0.0,70.056541618489
2019-03-01,27.760000228881836,27.829999923706055,27.760000228881836,27.829999923706055,27.278532028198242,400,952,4,0.25216028186985096,76.24315039622323
2019-03-04,27.8700008392334,27.93000030517578,27.6299991607666,27.719999313354492,27.170713424682617,3600,953,0,-0.5382185911804616,69.66292375628328
2019-03-05,27.739999771118164,27.75,27.709999084472656,27.75,27.20012092590332,2600,954,1,0.036049852070463295,64.9350633265709
2019-03-06,27.65999984741211,27.68000030517578,27.440000534057617,27.440000534057617,26.89626121520996,5200,955,2,-0.7953699008247717,59.88025935430965
2019-03-07,27.360000610351562,27.440000534057617,27.280000686645508,27.3700008392334,26.82765007019043,6600,956,3,0.036550543343372155,50.993402579095154
2019-03-08,27.219999313354492,27.31999969482422,27.190000534057617,27.31999969482422,26.77863883972168,7900,957,4,0.3673783394280372,43.57140716237831
2019-03-11,27.6200008392334,27.649999618530273,27.579999923706055,27.649999618530273,27.10209846496582,10100,958,0,0.10861252130833776,50.62501490117541
2019-03-12,27.709999084472656,27.739999771118164,27.709999084472656,27.719999313354492,27.170713424682617,1500,959,1,0.03608888203623373,52.40963924638954
2019-03-13,27.850000381469727,27.950000762939453,27.84000015258789,27.920000076293945,27.366748809814453,9600,960,2,0.25134539987581306,61.49424342375702
2019-03-14,27.899999618530273,27.899999618530273,27.850000381469727,27.889999389648438,27.337343215942383,8100,961,3,-0.03584311476189095,56.2499627471059
2019-03-15,27.989999771118164,28.040000915527344,27.860000610351562,27.860000610351562,27.307937622070312,8600,962,4,-0.4644485953184674,51.333363850911454
2019-03-18,27.950000762939453,28.010000228881836,27.530000686645508,27.790000915527344,27.328590393066406,9200,963,0,-0.5724502434513834,50.326804718753465
2019-03-19,27.65999984741211,28.200000762939453,22.5,28.059999465942383,27.594106674194336,2500,964,1,1.4461302268145015,58.75705423232388
2019-03-20,27.969999313354492,28.149999618530273,27.889999389648438,27.979999542236328,27.51543617248535,1400,965,2,0.03575341125254816,58.10053544313914
2019-03-21,28.06999969482422,28.290000915527344,28.059999465942383,28.260000228881836,27.790788650512695,6600,966,3,0.6768811404463726,61.139902517699795
2019-03-22,28.139999389648438,28.139999389648438,27.459999084472656,27.81999969482422,27.358091354370117,11600,967,4,-1.1371702265989825,52.2123975960658
2019-03-25,27.649999618530273,27.760000228881836,27.649999618530273,27.75,27.289255142211914,4400,968,0,0.3616650374299146,50.0
2019-03-26,27.760000228881836,27.81999969482422,27.729999542236328,27.81999969482422,27.358091354370117,2900,969,1,0.21613640290953917,59.223282992278946
2019-03-27,27.799999237060547,27.799999237060547,27.709999084472656,27.719999313354492,27.25975227355957,1600,970,2,-0.2877695176315198,58.37316862603376
2019-03-28,27.690000534057617,27.75,27.670000076293945,27.75,27.289255142211914,15100,971,3,0.2166827908457014,60.38648233260479
2019-03-29,27.780000686645508,27.940000534057617,27.780000686645508,27.8799991607666,27.417095184326172,6900,972,4,0.3599657006817969,56.14972389327817
2019-04-01,28.020000457763672,28.06999969482422,28.020000457763672,28.06999969482422,27.603940963745117,300,973,0,0.17844124283978857,58.793980445361164
2019-04-02,27.860000610351562,28.09000015258789,27.860000610351562,28.079999923706055,27.6137752532959,4600,974,1,0.7896601167795669,54.444442089692046
2019-04-03,28.110000610351562,28.149999618530273,28.110000610351562,28.110000610351562,27.643278121948242,1900,975,2,0.0,56.11114760977326
2019-04-04,27.979999542236328,28.15999984741211,27.950000762939453,28.1299991607666,27.662944793701172,4600,976,3,0.5360958576995145,57.54186312901249
2019-04-05,28.1200008392334,28.170000076293945,28.1200008392334,28.170000076293945,27.702281951904297,700,977,4,0.17780666987317062,60.79542929968886
2019-04-08,28.09000015258789,28.239999771118164,28.030000686645508,28.239999771118164,27.7711181640625,2700,978,0,0.5339965030810134,55.7692354717627
2019-04-09,28.190000534057617,28.209999084472656,28.149999618530273,28.15999984741211,27.692445755004883,4600,979,1,-0.1064231503268731,55.7692354717627
2019-04-10,28.18000030517578,28.18000030517578,28.149999618530273,28.149999618530273,27.682615280151367,700,980,2,-0.10646091668067292,45.73641347740459
2019-04-11,28.110000610351562,28.1200008392334,28.110000610351562,28.110000610351562,27.643278121948242,1100,981,3,0.0,66.29219743857905
2019-04-12,28.149999618530273,28.190000534057617,28.149999618530273,28.149999618530273,27.682615280151367,2200,982,4,0.0,73.25582684796856
2019-04-15,28.059999465942383,28.100000381469727,28.059999465942383,28.100000381469727,27.633441925048828,1700,983,0,0.14255494044430606,66.66674235526258
2019-04-16,28.200000762939453,28.200000762939453,28.100000381469727,28.100000381469727,27.633441925048828,1200,984,1,-0.3546112722136785,75.67582196653368
2019-04-17,28.079999923706055,28.079999923706055,28.06999969482422,28.06999969482422,27.603940963745117,500,985,2,-0.03561335081555539,71.62166341900962
2019-04-18,28.100000381469727,28.149999618530273,28.020000457763672,28.09000015258789,27.623611450195312,3400,986,3,-0.03558800265508477,66.66676758471817
2019-04-22,28.09000015258789,28.1299991607666,28.09000015258789,28.1200008392334,27.653112411499023,1200,987,0,0.1068020166697714,55.319278453016246
2019-04-23,28.18000030517578,28.3700008392334,28.18000030517578,28.350000381469727,27.879291534423828,3100,988,1,0.6032649909614163,69.56528950292737
2019-04-24,28.350000381469727,28.3799991607666,28.34000015258789,28.360000610351562,27.889127731323242,2400,989,2,0.03527417547539713,68.65676740531553
2019-04-25,28.309999465942383,28.34000015258789,28.309999465942383,28.329999923706055,27.859622955322266,1900,990,3,0.07064803299530187,64.70593185158592
2019-04-26,28.290000915527344,28.440000534057617,28.280000686645508,28.440000534057617,27.967798233032227,8400,991,4,0.5302213279461121,68.00003051757812
2019-04-29,28.479999542236328,28.549999237060547,28.459999084472656,28.459999084472656,27.987464904785156,2700,992,0,-0.07022632754614122,65.71426235895815
2019-04-30,28.469999313354492,28.479999542236328,28.360000610351562,28.479999542236328,28.00713348388672,600,993,1,0.035125497446508724,75.0
2019-05-01,28.459999084472656,28.549999237060547,28.360000610351562,28.360000610351562,27.889127731323242,2900,994,2,-0.3513649941599972,64.00010172551912
2019-05-02,28.170000076293945,28.290000915527344,28.139999389648438,28.270000457763672,27.80061912536621,4600,995,3,0.3549889286435626,60.0
2019-05-03,28.399999618530273,28.540000915527344,28.399999618530273,28.489999771118164,28.0169677734375,1000,996,4,0.31690194998865717,67.34695466346959
2019-05-06,28.020000457763672,28.3799991607666,28.020000457763672,28.3799991607666,27.908794403076172,3000,997,0,1.2847919240600358,63.461467923559404
2019-05-07,28.1299991607666,28.1299991607666,27.950000762939453,28.06999969482422,27.603940963745117,2200,998,1,-0.21329352197800855,48.88886377154774
2019-05-08,28.079999923706055,28.190000534057617,28.010000228881836,28.010000228881836,27.544939041137695,8500,999,2,-0.24928666315673365,47.82610498440258
2019-05-09,27.729999542236328,27.979999542236328,27.729999542236328,27.770000457763672,27.308923721313477,2500,1000,3,0.1442514107020454,40.0
2019-05-10,27.65999984741211,28.030000686645508,27.579999923706055,28.030000686645508,27.564605712890625,3900,1001,4,1.3376747696114633,47.540976772012186
2019-05-13,27.450000762939453,27.670000076293945,27.350000381469727,27.350000381469727,26.895898818969727,4800,1002,0,-0.36430010451853345,28.070163697447498
2019-05-14,27.5,27.75,27.5,27.6200008392334,27.161413192749023,3400,1003,1,0.43636668812145896,35.433069683582744
2019-05-15,27.510000228881836,27.559999465942383,27.510000228881836,27.559999465942383,27.10240936279297,900,1004,2,0.18174931532008998,35.01944456813763
2019-05-16,27.639999389648438,27.709999084472656,27.610000610351562,27.610000610351562,27.151578903198242,700,1005,3,-0.10853393617696883,33.466138485656515
2019-05-17,27.600000381469727,27.670000076293945,27.559999465942383,27.559999465942383,27.10240936279297,2800,1006,4,-0.14493085135679484,32.2834917657448
2019-05-20,27.610000610351562,27.610000610351562,27.420000076293945,27.450000762939453,26.99423599243164,4000,1007,0,-0.5794996156288423,30.418282110527542
2019-05-21,27.5,27.520000457763672,27.450000762939453,27.450000762939453,26.99423599243164,7100,1008,1,-0.18181540749290237,31.872528427829337
2019-05-22,27.399999618530273,27.399999618530273,27.360000610351562,27.399999618530273,26.945064544677734,1100,1009,2,0.0,32.388669282382224
2019-05-23,27.290000915527344,27.350000381469727,27.260000228881836,27.350000381469727,26.895898818969727,5200,1010,3,0.21985879050756552,25.217437455633473
2019-05-24,27.389999389648438,27.389999389648438,27.309999465942383,27.31999969482422,26.86639404296875,900,1011,4,-0.25556661695536054,26.12617179344646
2019-05-28,27.299999237060547,27.389999389648438,27.290000915527344,27.290000915527344,26.83689308166504,5400,1012,1,-0.03662388942352601,29.89696397671858
2019-05-29,27.110000610351562,27.299999237060547,27.0,27.1299991607666,26.679546356201172,15100,1013,2,0.0737681665982759,28.431396381655844
2019-05-30,27.09000015258789,27.170000076293945,27.09000015258789,27.1200008392334,26.669713973999023,10600,1014,3,0.11074450526586954,32.04424197782211
2019-05-31,26.889999389648438,27.010000228881836,26.889999389648438,26.90999984741211,26.463199615478516,4500,1015,4,0.07437879590050933,18.181867441742014
2019-06-03,27.030000686645508,27.030000686645508,26.850000381469727,26.860000610351562,26.414033889770508,1800,1016,0,-0.6289310838898166,28.318651288638478
2019-06-04,27.0,27.219999313354492,27.0,27.219999313354492,26.76805305480957,1400,1017,1,0.8148122716832962,33.606511243965286
2019-06-05,27.329999923706055,27.3700008392334,27.280000686645508,27.3700008392334,26.915565490722656,1400,1018,2,0.14636266241863094,42.748151620953436
2019-06-06,27.40999984741211,27.489999771118164,27.360000610351562,27.489999771118164,27.033571243286133,2300,1019,3,0.2918640063896527,45.65214086192861
2019-06-07,27.799999237060547,27.799999237060547,27.770000457763672,27.770000457763672,27.308923721313477,200,1020,4,-0.10790928100775643,56.52177518620358
2019-06-10,27.899999618530273,28.0,27.860000610351562,27.860000610351562,27.397428512573242,1400,1021,0,-0.14336562267243114,62.893075725332224
2019-06-11,27.850000381469727,27.959999084472656,27.809999465942383,27.889999389648438,27.426929473876953,19700,1022,1,0.1436230076510947,63.58021348190255
2019-06-12,27.850000381469727,27.850000381469727,27.780000686645508,27.780000686645508,27.318758010864258,400,1023,2,-0.25134539987580196,61.30957922438868
2019-06-13,27.799999237060547,27.920000076293945,27.799999237060547,27.8700008392334,27.407262802124023,4600,1024,3,0.2518043312732532,65.11631517431196
2019-06-14,27.84000015258789,27.8799991607666,27.84000015258789,27.84000015258789,27.37775993347168,600,1025,4,0.0,65.11631517431196
2019-06-17,27.8700008392334,27.8700008392334,27.809999465942383,27.809999465942383,27.34825897216797,200,1026,0,-0.2152901739656543,65.11624296526296
2019-06-18,27.399999618530273,28.040000915527344,27.399999618530273,28.030000686645508,27.564605712890625,9800,1027,1,2.2992740032345527,75.28095907555678
2019-06-19,28.020000457763672,28.06999969482422,28.020000457763672,28.06999969482422,27.603940963745117,5000,1028,2,0.17844124283978857,76.24307005240468
2019-06-20,28.18000030517578,28.290000915527344,28.18000030517578,28.290000915527344,27.820289611816406,3500,1029,3,0.3903499260479393,87.91212361298004
2019-06-21,28.3700008392334,28.3700008392334,28.260000228881836,28.329999923706055,27.859622955322266,7500,1030,4,-0.14099723068046188,90.607727820216
2019-06-24,28.280000686645508,28.290000915527344,28.15999984741211,28.18000030517578,27.80732536315918,6300,1031,0,-0.3536081295675064,80.00002384185223
2019-06-25,28.079999923706055,28.139999389648438,27.93000030517578,27.93000030517578,27.560630798339844,7800,1032,1,-0.5341866771290116,66.47058361541542
2019-06-26,27.979999542236328,28.030000686645508,27.90999984741211,28.020000457763672,27.64944076538086,3100,1033,2,0.14296253102850098,65.86828330636015
2019-06-27,27.959999084472656,27.979999542236328,27.940000534057617,27.979999542236328,27.609970092773438,2000,1034,3,0.07153239777744069,57.34262376422508
2019-06-28,28.030000686645508,28.110000610351562,28.030000686645508,28.09000015258789,27.718517303466797,1600,1035,4,0.21405445762607833,57.93101452478105
2019-07-01,28.229999542236328,28.299999237060547,28.149999618530273,28.209999084472656,27.836929321289062,3000,1036,0,-0.07084823977325794,60.38959430470991
2019-07-02,28.260000228881836,28.329999923706055,28.190000534057617,28.31999969482422,27.94547462463379,5000,1037,1,0.212312333533049,67.5324031929453
2019-07-03,28.5,28.540000915527344,28.489999771118164,28.540000915527344,28.162565231323242,2100,1038,2,0.14035408956962758,70.0598357856602
2019-07-05,28.450000762939453,28.479999542236328,28.450000762939453,28.479999542236328,28.103357315063477,1000,1039,4,0.10544386113322535,68.82346077379803
2019-07-08,28.3700008392334,28.420000076293945,28.31999969482422,28.399999618530273,28.024415969848633,3900,1040,0,0.10574119989235076,66.85711047121218
2019-07-09,28.389999389648438,28.479999542236328,28.3700008392334,28.479999542236328,28.103357315063477,900,1041,1,0.3170135770439897,63.97509788474183
2019-07-10,28.600000381469727,28.600000381469727,28.489999771118164,28.540000915527344,28.162565231323242,2000,1042,2,-0.2097883396577016,64.41717217104771
2019-07-11,28.559999465942383,28.59000015258789,28.559999465942383,28.59000015258789,28.211902618408203,700,1043,3,0.10504442299197336,60.27392607340404
2019-07-12,28.649999618530273,28.770000457763672,28.6299991607666,28.770000457763672,28.389524459838867,3200,1044,4,0.41885110237762646,63.74998062854125
2019-07-15,28.690000534057617,28.709999084472656,28.690000534057617,28.709999084472656,28.33031463623047,300,1045,0,0.06970564671582302,67.54955929051962
2019-07-16,28.649999618530273,28.649999618530273,28.649999618530273,28.649999618530273,28.271108627319336,100,1046,1,0.0,77.27258934518967
2019-07-17,28.56999969482422,28.56999969482422,28.520000457763672,28.530000686645508,28.15269660949707,2500,1047,2,-0.14000353029740564,68.88883865434853
2019-07-18,28.479999542236328,28.700000762939453,28.420000076293945,28.600000381469727,28.221773147583008,4400,1048,3,0.42135126812568036,72.46375008811103
2019-07-19,28.540000915527344,28.540000915527344,28.489999771118164,28.489999771118164,28.11322593688965,500,1049,4,-0.1751967162060497,64.4927085536109
2019-07-22,28.489999771118164,28.489999771118164,28.450000762939453,28.469999313354492,28.093488693237305,500,1050,0,-0.07020167751614625,60.15622322457014
2019-07-23,28.520000457763672,28.770000457763672,28.479999542236328,28.65999984741211,28.280977249145508,2800,1051,1,0.49088144250126753,62.49996493855833
2019-07-24,28.5,28.719999313354492,28.5,28.719999313354492,28.34018325805664,700,1052,2,0.7719274152789168,57.49991655368299
2019-07-25,28.59000015258789,28.6200008392334,28.59000015258789,28.6200008392334,28.24150848388672,700,1053,3,0.10493419547181748,55.64521463059726
2019-07-26,28.719999313354492,28.809999465942383,28.709999084472656,28.799999237060547,28.419124603271484,1300,1054,4,0.2785512730456574,64.92537844550884
2019-07-29,28.739999771118164,28.770000457763672,28.729999542236328,28.770000457763672,28.389524459838867,600,1055,0,0.1043865236062258,61.240370824893176
2019-07-30,28.700000762939453,28.760000228881836,28.700000762939453,28.760000228881836,28.379653930664062,1200,1056,1,0.20905736706411382,58.8709689824108
2019-07-31,28.709999084472656,28.760000228881836,28.40999984741211,28.520000457763672,28.14282989501953,1800,1057,2,-0.6617855547468188,47.552452216131144
2019-08-01,28.559999465942383,28.65999984741211,28.260000228881836,28.260000228881836,27.886268615722656,53500,1058,3,-1.050417516352875,33.11253509971921
2019-08-02,28.030000686645508,28.100000381469727,28.020000457763672,28.100000381469727,27.728382110595703,2200,1059,4,0.24973133467516284,31.055880753606488
2019-08-05,27.549999237060547,27.690000534057617,27.280000686645508,27.3700008392334,27.008039474487305,423700,1060,0,-0.6533517343441986,21.92978933789759
2019-08-06,27.299999237060547,27.360000610351562,27.280000686645508,27.309999465942383,26.948829650878906,24400,1061,1,0.03663087604874882,22.522462922645744
2019-08-07,27.190000534057617,27.40999984741211,27.190000534057617,27.3700008392334,27.008039474487305,8100,1062,2,0.6620092005894529,22.171944529790892
2019-08-08,27.3700008392334,27.420000076293945,27.31999969482422,27.360000610351562,26.9981689453125,10100,1063,3,-0.03653718880235468,23.22275224249195
2019-08-09,27.3700008392334,27.420000076293945,27.31999969482422,27.31999969482422,26.958698272705078,2000,1064,4,-0.1826859440117623,23.004693154048454
2019-08-12,27.360000610351562,27.3700008392334,27.360000610351562,27.3700008392334,27.008039474487305,500,1065,0,0.036550543343372155,17.58796089072233
2019-08-13,27.360000610351562,27.43000030517578,27.360000610351562,27.3700008392334,27.008039474487305,1100,1066,1,0.036550543343372155,15.02595179646518
2019-08-14,27.139999389648438,27.139999389648438,27.020000457763672,27.020000457763672,26.66266632080078,5900,1067,2,-0.4421478798210088,13.302780788994085
2019-08-15,27.030000686645508,27.079999923706055,26.959999084472656,27.079999923706055,26.721872329711914,3200,1068,3,0.18497682497378154,8.252510335313218
2019-08-16,27.049999237060547,27.190000534057617,27.049999237060547,27.190000534057617,26.83041763305664,600,1069,4,0.5175648833485313,13.084202110734694
2019-08-19,27.149999618530273,27.15999984741211,27.149999618530273,27.149999618530273,26.79094696044922,600,1070,0,0.0,12.90331086711177
2019-08-20,27.059999465942383,27.059999465942383,27.020000457763672,27.020000457763672,26.66266632080078,500,1071,1,-0.14781599766494624,13.592324700287762
2019-08-21,27.030000686645508,27.030000686645508,26.8700008392334,26.889999389648438,26.53438377380371,2600,1072,2,-0.5179478114709757,14.507861117781871
2019-08-22,26.81999969482422,27.020000457763672,26.81999969482422,27.0,26.64293098449707,3000,1073,3,0.6711420851004624,20.744776369253245
2019-08-23,26.989999771118164,27.299999237060547,26.989999771118164,27.299999237060547,26.938961029052734,2400,1074,4,1.1485715767738158,47.58616244486801
2019-08-26,27.309999465942383,27.360000610351562,27.299999237060547,27.31999969482422,26.958698272705078,3900,1075,0,0.0366174627513427,50.35461664472999
2019-08-27,27.40999984741211,27.420000076293945,27.309999465942383,27.34000015258789,26.97843360900879,6400,1076,1,-0.2553801357675911,48.90508814844413
2019-08-28,27.190000534057617,27.450000762939453,27.190000534057617,27.40999984741211,27.047510147094727,4400,1077,2,0.8091184591148659,51.74822003537254
2019-08-29,27.540000915527344,27.540000915527344,27.479999542236328,27.530000686645508,27.16592025756836,2700,1078,3,-0.03631165050614893,56.95365660490326
2019-08-30,27.56999969482422,27.600000381469727,27.549999237060547,27.600000381469727,27.234996795654297,500,1079,4,0.10881641994047175,57.51631216637039
2019-09-03,27.540000915527344,27.6299991607666,27.540000915527344,27.6299991607666,27.264596939086914,900,1080,1,0.32679100307697606,58.33327220041814
2019-09-04,27.649999618530273,27.690000534057617,27.639999389648438,27.670000076293945,27.304067611694336,4200,1081,2,0.07233438712335172,75.9999450684432
2019-09-05,27.829999923706055,27.829999923706055,27.760000228881836,27.760000228881836,27.392879486083984,3300,1082,3,-0.2515260331157676,76.56245809056907
2019-09-06,27.760000228881836,27.790000915527344,27.68000030517578,27.68000030517578,27.31393814086914,3800,1083,4,-0.28818416083016274,69.5999609375596
2019-09-09,27.6299991607666,27.709999084472656,27.6200008392334,27.6299991607666,27.264596939086914,7700,1084,0,0.0,69.04756858874606
2019-09-10,27.559999465942383,27.600000381469727,27.559999465942383,27.600000381469727,27.234996795654297,300,1085,1,0.145141205741961,74.99995889341062
2019-09-11,27.65999984741211,27.75,27.649999618530273,27.75,27.383012771606445,6800,1086,2,0.3253801629948816,86.44069440403453
2019-09-12,27.81999969482422,27.84000015258789,27.780000686645508,27.780000686645508,27.412616729736328,1200,1087,3,-0.14377788863223495,85.4545643703931
2019-09-13,27.719999313354492,27.799999237060547,27.690000534057617,27.719999313354492,27.353408813476562,8400,1088,4,0.0,74.41853760016323
2019-09-16,27.649999618530273,27.68000030517578,27.6200008392334,27.639999389648438,27.27446746826172,4100,1089,0,-0.03616719356167586,67.39125026433308
2019-09-17,27.670000076293945,27.739999771118164,27.649999618530273,27.700000762939453,27.33367347717285,10500,1090,1,0.10842315346146769,68.74997516480634
2019-09-18,27.639999389648438,27.68000030517578,27.610000610351562,27.639999389648438,27.27446746826172,2600,1091,2,0.0,62.10518073547009
2019-09-19,27.68000030517578,27.709999084472656,27.56999969482422,27.600000381469727,27.234996795654297,19700,1092,3,-0.28901706222559387,54.02295826646672
2019-09-20,27.65999984741211,27.670000076293945,27.389999389648438,27.530000686645508,27.16592025756836,4700,1093,4,-0.46998973782989006,45.97704173353328
2019-09-23,27.239999771118164,27.469999313354492,27.239999771118164,27.389999389648438,27.14411735534668,1500,1094,0,0.5506593971756013,37.75517949416608
2019-09-24,27.469999313354492,27.469999313354492,27.18000030517578,27.200000762939453,26.955825805664062,2900,1095,1,-0.9828851735128374,29.20362496560874
2019-09-25,27.06999969482422,27.389999389648438,26.309999465942383,27.389999389648438,27.14411735534668,3300,1096,2,1.1821193144874842,34.95933320410933
2019-09-26,27.270000457763672,27.360000610351562,27.219999313354492,27.31999969482422,27.07474708557129,3900,1097,3,0.18334886769799663,35.24589138754784
2019-09-27,27.280000686645508,27.31999969482422,27.110000610351562,27.200000762939453,26.955825805664062,1400,1098,4,-0.2932548449136152,33.33338261886561
2019-09-30,27.299999237060547,27.440000534057617,27.209999084472656,27.440000534057617,27.19367027282715,28600,1099,0,0.5128252780572051,44.66667175292969
2019-10-01,27.360000610351562,27.360000610351562,26.959999084472656,27.030000686645508,26.787349700927734,10700,1100,1,-1.2061400451182758,29.545476712468314
2019-10-02,26.68000030517578,26.690000534057617,26.530000686645508,26.610000610351562,26.37112045288086,3700,1101,2,-0.2623676687538823,22.790691072453527
2019-10-03,26.3799991607666,26.780000686645508,26.3799991607666,26.780000686645508,26.539594650268555,1800,1102,3,1.5163060599099776,29.203554760357505
2019-10-04,26.790000915527344,26.790000915527344,26.68000030517578,26.709999084472656,26.47022247314453,2200,1103,4,-0.2986257122832625,29.333326551649307
2019-10-07,26.579999923706055,26.780000686645508,26.479999542236328,26.479999542236328,26.242286682128906,3700,1104,0,-0.37622416010820725,24.79334413639603
2019-10-08,26.510000228881836,26.6200008392334,26.489999771118164,26.489999771118164,26.252197265625,1200,1105,1,-0.07544495507729732,25.73837421261412
2019-10-09,26.530000686645508,26.549999237060547,26.469999313354492,26.530000686645508,26.291839599609375,6200,1106,2,0.0,27.426156602245996
2019-10-10,26.690000534057617,26.690000534057617,26.559999465942383,26.600000381469727,26.361209869384766,1400,1107,3,-0.33720551062952353,30.379731554642746
2019-10-11,26.729999542236328,26.790000915527344,26.639999389648438,26.639999389648438,26.400850296020508,1600,1108,4,-0.33670091331532426,33.48015178148306
2019-10-14,26.510000228881836,26.559999465942383,26.469999313354492,26.469999313354492,26.232378005981445,1600,1109,0,-0.15088991015459463,33.777731812991505
2019-10-15,26.440000534057617,26.59000015258789,26.440000534057617,26.549999237060547,26.311656951904297,3800,1110,1,0.4160313947847216,30.37382261296142
2019-10-16,26.520000457763672,26.540000915527344,26.469999313354492,26.469999313354492,26.232378005981445,5800,1111,2,-0.18854126525681414,30.232545760850385
2019-10-17,26.540000915527344,26.559999465942383,26.5,26.510000228881836,26.272018432617188,2000,1112,3,-0.11303950870610313,33.33333333333333
2019-10-18,26.399999618530273,26.530000686645508,26.309999465942383,26.309999465942383,26.073814392089844,2000,1113,4,-0.34090967381953385,22.167496941669043
2019-10-21,26.489999771118164,26.549999237060547,26.479999542236328,26.510000228881836,26.272018432617188,2800,1114,0,0.07550191746501511,35.714300685596186
2019-10-22,26.559999465942383,26.610000610351562,26.489999771118164,26.489999771118164,26.252197265625,11600,1115,1,-0.26355307316168197,45.77462991493517
2019-10-23,26.43000030517578,26.5,26.43000030517578,26.5,26.262107849121094,400,1116,2,0.2648493909041427,38.88889729868833
2019-10-24,26.5,26.520000457763672,26.5,26.520000457763672,26.28192901611328,800,1117,3,0.07547342552329805,42.14883588959473
2019-10-25,26.56999969482422,26.600000381469727,25.579999923706055,26.5,26.262107849121094,48300,1118,4,-0.2634538789168861,51.00001907341356
2019-10-28,26.65999984741211,26.709999084472656,26.65999984741211,26.68000030517578,26.440492630004883,2800,1119,0,0.07502047216108032,58.11965393963995
2019-10-29,26.670000076293945,26.670000076293945,26.670000076293945,26.670000076293945,26.43058204650879,0,1120,1,0.0,56.14030684803158
2019-10-30,26.700000762939453,26.729999542236328,26.649999618530273,26.729999542236328,26.490041732788086,2100,1121,2,0.11235497542949613,55.75216010883674
2019-10-31,26.579999923706055,26.65999984741211,26.579999923706055,26.6299991607666,26.390939712524414,5300,1122,3,0.18810849211461367,49.57982385138763
2019-11-01,26.850000381469727,26.8700008392334,26.799999237060547,26.8700008392334,26.628787994384766,60700,1123,4,0.0744895995512751,65.87300145623865
2019-11-04,26.979999542236328,27.020000457763672,26.979999542236328,26.979999542236328,26.7377986907959,500,1124,0,0.0,66.666617381353
2019-11-05,27.010000228881836,27.020000457763672,26.950000762939453,26.979999542236328,26.7377986907959,24000,1125,1,-0.11107251533241103,71.07430590913175
2019-11-06,26.989999771118164,26.989999771118164,26.959999084472656,26.979999542236328,26.7377986907959,500,1126,2,-0.03705160787936812,70.08537394505224
2019-11-07,27.139999389648438,27.15999984741211,27.049999237060547,27.049999237060547,26.807170867919922,1300,1127,3,-0.3316144237726748,85.5768155067023
2019-11-08,26.90999984741211,27.190000534057617,26.90999984741211,27.110000610351562,26.86663246154785,4000,1128,4,0.7432209738889473,83.33322736992461
2019-11-11,27.049999237060547,27.06999969482422,27.030000686645508,27.06999969482422,26.82699203491211,600,1129,0,0.07393884779216542,81.52160166850835
2019-11-12,27.149999618530273,27.149999618530273,27.100000381469727,27.100000381469727,26.85672378540039,1100,1130,1,-0.18415925511255926,81.9147662595646
2019-11-13,27.06999969482422,27.139999389648438,27.06999969482422,27.139999389648438,26.8963623046875,1900,1131,2,0.2585877192957664,82.2915135163058
2019-11-14,27.139999389648438,27.149999618530273,27.139999389648438,27.149999618530273,26.906272888183594,1300,1132,3,0.036846827954062356,84.21041007880339
2019-11-15,27.290000915527344,27.290000915527344,27.290000915527344,27.290000915527344,27.04501724243164,0,1133,4,0.0,83.51638217244039
2019-11-18,27.239999771118164,27.31999969482422,27.239999771118164,27.309999465942383,27.064834594726562,2400,1134,0,0.25697391854766494,84.78250052866615
2019-11-19,27.489999771118164,27.489999771118164,27.280000686645508,27.360000610351562,27.11438751220703,800,1135,1,-0.4728961871552362,84.61530400080485
2019-11-20,27.31999969482422,27.31999969482422,27.219999313354492,27.219999313354492,26.975645065307617,800,1136,2,-0.36603361122538036,81.05248998144862
2019-11-21,27.190000534057617,27.219999313354492,27.149999618530273,27.18000030517578,26.936004638671875,3100,1137,3,-0.03677906835386491,70.66657850499851
2019-11-22,27.239999771118164,27.239999771118164,27.190000534057617,27.219999313354492,26.975645065307617,1200,1138,4,-0.07342312016050956,67.64698457577057
2019-11-25,27.3700008392334,27.3700008392334,27.360000610351562,27.360000610351562,27.11438751220703,700,1139,0,-0.03653718880235468,73.17069766792737
2019-11-26,27.40999984741211,27.440000534057617,27.399999618530273,27.440000534057617,27.19367027282715,1200,1140,1,0.10945161186617369,75.55551317019207
2019-11-27,27.469999313354492,27.549999237060547,27.469999313354492,27.549999237060547,27.30268096923828,600,1141,2,0.2912265224089827,76.59567560548017
2019-11-29,27.5,27.5,27.459999084472656,27.459999084472656,27.21348762512207,700,1142,4,-0.14545787464488313,68.04113575585968
2019-12-02,27.389999389648438,27.389999389648438,27.290000915527344,27.290000915527344,27.04501724243164,800,1143,0,-0.3650911878402052,60.000069358228316
2019-12-03,27.040000915527344,27.139999389648438,27.020000457763672,27.139999389648438,26.8963623046875,2100,1144,1,0.3698168296424553,51.639304536521834
2019-12-04,27.299999237060547,27.299999237060547,27.299999237060547,27.299999237060547,27.0549259185791,1900,1145,2,0.0,55.97014288032385
2019-12-05,27.25,27.31999969482422,27.25,27.31999969482422,27.07474708557129,1000,1146,3,0.25687961403382253,56.29629734285218
2019-12-06,27.520000457763672,27.559999465942383,27.5,27.5,27.253131866455078,800,1147,4,-0.0726760807812088,57.55392721883748
2019-12-09,27.479999542236328,27.530000686645508,27.479999542236328,27.530000686645508,27.28286361694336,200,1148,0,0.18195467700909962,57.85717789003874
2019-12-10,27.469999313354492,27.510000228881836,27.440000534057617,27.440000534057617,27.19367027282715,2000,1149,1,-0.10920560628587817,52.77777409848008
2019-12-11,27.459999084472656,27.530000686645508,27.459999084472656,27.510000228881836,27.26304054260254,5500,1150,2,0.18208720348229512,60.583983271007995
2019-12-12,27.540000915527344,27.729999542236328,27.540000915527344,27.719999313354492,27.471155166625977,2800,1151,3,0.6535889318931121,67.532446622071
2019-12-13,27.719999313354492,27.790000915527344,27.68000030517578,27.68000030517578,27.431516647338867,1100,1152,4,-0.14429656987560158,64.93510675585799
2019-12-16,27.8799991607666,27.899999618530273,27.81999969482422,27.84000015258789,27.590078353881836,2200,1153,0,-0.14346846980899386,65.38462478970226
2019-12-17,27.8799991607666,27.920000076293945,27.850000381469727,27.8700008392334,27.619810104370117,4400,1154,1,-0.03586198649271344,64.23843652816689
2019-12-18,27.81999969482422,27.93000030517578,27.81999969482422,27.8700008392334,27.619810104370117,4400,1155,2,0.1797309308327666,61.428631763085434
2019-12-19,27.899999618530273,27.93000030517578,27.899999618530273,27.93000030517578,27.679271697998047,900,1156,3,0.10752934428566174,67.15334259627942
2019-12-20,28.09000015258789,28.110000610351562,28.09000015258789,28.110000610351562,27.857656478881836,1000,1157,4,0.07120134444651427,79.7101108749195
2019-12-23,28.0,28.0,27.90999984741211,27.90999984741211,27.85466194152832,1500,1158,0,-0.3214291163853189,76.92308718315344
2019-12-24,27.860000610351562,27.959999084472656,27.799999237060547,27.959999084472656,27.90456199645996,8800,1159,1,0.3589320600514867,75.0
2019-12-26,28.020000457763672,28.09000015258789,28.010000228881836,28.049999237060547,27.994382858276367,6800,1160,3,0.1070620228650343,76.25898786980625
2019-12-27,28.139999389648438,28.139999389648438,28.06999969482422,28.1299991607666,28.0742244720459,2400,1161,4,-0.03553741683987033,74.41859089706075
2019-12-30,27.90999984741211,27.979999542236328,27.90999984741211,27.950000762939453,27.894582748413086,11100,1162,0,0.14332108830539259,64.5833692065809
2019-12-31,28.540000915527344,28.540000915527344,27.8700008392334,27.979999542236328,27.924522399902344,3500,1163,1,-1.9621631230794523,69.56524743785548
2020-01-02,28.1299991607666,28.18000030517578,28.09000015258789,28.18000030517578,28.124126434326172,2600,1164,3,0.1777502520473595,72.18548567400934
2020-01-03,27.809999465942383,28.100000381469727,27.809999465942383,28.049999237060547,27.994382858276367,2800,1165,4,0.8629981148042809,61.53847179855174
2020-01-06,28.010000228881836,28.139999389648438,27.739999771118164,28.139999389648438,28.084205627441406,1400,1166,0,0.46411695717358814,65.54051441724037
2020-01-07,28.079999923706055,28.079999923706055,28.079999923706055,28.079999923706055,28.024324417114258,100,1167,1,0.0,58.69564916926623
2020-01-08,28.1200008392334,28.219999313354492,28.1200008392334,28.209999084472656,28.15406608581543,600,1168,2,0.32005064919375936,61.486445559930154
2020-01-09,28.3799991607666,28.3799991607666,28.280000686645508,28.350000381469727,28.29378890991211,1300,1169,3,-0.10570394708941944,64.8148104541612
2020-01-10,28.420000076293945,28.420000076293945,28.229999542236328,28.25,28.193986892700195,1700,1170,4,-0.5981705694496076,59.638545910805014
2020-01-13,28.219999313354492,28.420000076293945,28.219999313354492,28.420000076293945,28.363651275634766,1200,1171,0,0.7087199426146329,59.39392538219229
2020-01-14,28.389999389648438,28.510000228881836,28.389999389648438,28.399999618530273,28.34368896484375,1800,1172,1,0.035224477269557575,66.66666666666666
2020-01-15,28.56999969482422,28.56999969482422,28.40999984741211,28.459999084472656,28.4035701751709,20000,1173,2,-0.38502139141251,66.89189711655192
2020-01-16,28.649999618530273,28.700000762939453,28.559999465942383,28.700000762939453,28.643095016479492,6500,1174,3,0.17452406657918473,69.93868404732093
2020-01-17,28.799999237060547,28.860000610351562,28.799999237060547,28.860000610351562,28.802778244018555,24100,1175,4,0.20833810722398205,71.34505924489116
2020-01-21,28.739999771118164,28.739999771118164,28.739999771118164,28.739999771118164,28.683015823364258,200,1176,1,0.0,73.93931407262012
2020-01-22,28.81999969482422,28.90999984741211,28.81999969482422,28.84000015258789,28.782817840576172,900,1177,2,0.06939784169137653,74.99994455398114
2020-01-23,28.68000030517578,28.829999923706055,28.040000915527344,28.829999923706055,28.772836685180664,5100,1178,3,0.5230112166463297,71.24175510463584
2020-01-24,28.969999313354492,28.969999313354492,28.510000228881836,28.579999923706055,28.523332595825195,1400,1179,4,-1.3462181528898332,66.06059345006283
2020-01-27,28.18000030517578,28.270000457763672,28.18000030517578,28.270000457763672,28.213947296142578,1100,1180,0,0.3193759815941499,53.47595928275637
2020-01-28,28.639999389648438,28.639999389648438,28.5,28.520000457763672,28.46345329284668,1700,1181,1,-0.41899069288436896,60.67960760530909
2020-01-29,28.520000457763672,28.549999237060547,28.520000457763672,28.549999237060547,28.493391036987305,700,1182,2,0.10518505895993346,58.673460450795346
2020-01-30,28.350000381469727,28.6299991607666,28.31999969482422,28.559999465942383,28.503372192382812,9800,1183,3,0.740737501400246,55.73767416264352
2020-01-31,28.280000686645508,28.280000686645508,28.139999389648438,28.139999389648438,28.084205627441406,2200,1184,4,-0.4950540792001523,47.441848086442754
2020-02-03,28.149999618530273,28.420000076293945,28.149999618530273,28.329999923706055,28.273828506469727,16500,1185,0,0.6394327091119756,47.926265660900086
2020-02-04,28.549999237060547,28.549999237060547,28.549999237060547,28.549999237060547,28.493391036987305,100,1186,1,0.0,53.16454779355252
2020-02-05,28.68000030517578,28.739999771118164,28.68000030517578,28.719999313354492,28.663055419921875,2000,1187,2,0.13946655422976129,55.241937034459156
2020-02-06,28.75,28.790000915527344,28.739999771118164,28.790000915527344,28.73291778564453,600,1188,3,0.139133619225551,51.94805409270534
2020-02-07,28.829999923706055,28.8700008392334,28.65999984741211,28.690000534057617,28.633115768432617,5700,1189,4,-0.48560315649990304,46.222223729261835
2020-02-10,28.670000076293945,28.799999237060547,28.65999984741211,28.790000915527344,28.73291778564453,5600,1190,0,0.41855890796673734,51.121101163824044
2020-02-11,28.829999923706055,28.8700008392334,28.829999923706055,28.829999923706055,28.772836685180664,500,1191,1,0.0,49.769579987782414
2020-02-12,28.81999969482422,28.81999969482422,28.790000915527344,28.790000915527344,28.73291778564453,100,1192,2,-0.10409014439463071,49.090931159417146
2020-02-13,28.729999542236328,28.829999923706055,28.729999542236328,28.81999969482422,28.76285743713379,300,1193,3,0.31326193533549596,56.06060752016445
2020-02-14,28.81999969482422,28.829999923706055,28.729999542236328,28.829999923706055,28.772836685180664,300,1194,4,0.034698920845688264,66.66666666666666
2020-02-18,28.770000457763672,28.860000610351562,28.719999313354492,28.860000610351562,28.802778244018555,4700,1195,1,0.31282638566523246,61.64384814359993
2020-02-19,28.920000076293945,28.920000076293945,28.920000076293945,28.920000076293945,28.862659454345703,0,1196,2,0.0,62.41613745201225
2020-02-20,28.899999618530273,28.940000534057617,28.81999969482422,28.889999389648438,28.832717895507812,1300,1197,3,-0.03460286855998529,60.927148135282785
2020-02-21,28.799999237060547,28.799999237060547,28.790000915527344,28.790000915527344,28.73291778564453,100,1198,4,-0.03471639513218383,77.3110199999359
2020-02-24,28.56999969482422,28.56999969482422,28.40999984741211,28.40999984741211,28.353670120239258,600,1199,0,-0.5600274732977861,52.89854972308874
2020-02-25,28.299999237060547,28.420000076293945,27.940000534057617,27.940000534057617,27.884601593017578,400,1200,1,-1.2720802569191947,31.28837370946735
2020-02-26,28.18000030517578,28.219999313354492,28.010000228881836,28.010000228881836,27.954463958740234,1500,1201,2,-0.6032649909614163,26.797397028024335
2020-02-27,27.780000686645508,27.850000381469727,27.780000686645508,27.850000381469727,27.794780731201172,900,1202,3,0.2519787368395088,20.987584550447693
2020-02-28,27.780000686645508,27.90999984741211,27.780000686645508,27.90999984741211,27.85466194152832,4400,1203,4,0.46795953042972904,25.316373179714944
2020-03-02,27.90999984741211,27.90999984741211,27.809999465942383,27.84000015258789,27.784799575805664,5700,1204,0,-0.2508050706088061,19.354723593603097
2020-03-03,27.780000686645508,27.899999618530273,27.780000686645508,27.850000381469727,27.794780731201172,5200,1205,1,0.2519787368395088,17.763101757274285
2020-03-04,27.850000381469727,27.850000381469727,27.850000381469727,27.850000381469727,27.794780731201172,200,1206,2,0.0,18.243174451797486
2020-03-05,27.440000534057617,27.75,27.3700008392334,27.709999084472656,27.655057907104492,13900,1207,3,0.9839597126826805,15.09432377899708
2020-03-06,27.709999084472656,27.709999084472656,27.389999389648438,27.6200008392334,27.565237045288086,5800,1208,4,-0.32478617182520875,13.772442779478283
2020-03-09,26.0,26.950000762939453,24.0,26.790000915527344,26.73688316345215,3000,1209,0,3.038465059720563,8.097128163151837
2020-03-10,26.850000381469727,27.450000762939453,26.6299991607666,27.100000381469727,27.046268463134766,9200,1210,1,0.931098683233289,16.544091350866935
2020-03-11,27.5,27.8700008392334,27.3700008392334,27.549999237060547,27.49537467956543,12400,1211,2,0.18181540749289127,28.662387882366232
2020-03-12,27.59000015258789,33.619998931884766,27.59000015258789,29.280000686645508,29.221946716308594,37400,1212,3,6.125409658249303,55.136267505527115
2020-03-13,28.760000228881836,29.100000381469727,28.209999084472656,28.770000457763672,28.71295738220215,27300,1213,4,0.034771310160808255,53.673477331734794
2020-03-16,30.440000534057617,33.5,29.530000686645508,32.08000183105469,32.016395568847656,30600,1214,0,5.3876519981074456,76.7441952159062
2020-03-17,32.0,34.25,29.290000915527344,32.7400016784668,32.675086975097656,37400,1215,1,2.3125052452087402,78.39136550364194
2020-03-18,36.0099983215332,39.61000061035156,33.189998626708984,33.720001220703125,33.65314483642578,70800,1216,2,-6.3593368718951275,82.07650865550677
2020-03-19,36.29999923706055,36.34000015258789,32.099998474121094,32.52000045776367,32.45552062988281,79700,1217,3,-10.413219996538404,72.400389699651
2020-03-20,32.189998626708984,32.959999084472656,30.8799991607666,31.270000457763672,31.20800018310547,67700,1218,4,-2.858024877894727,64.9520485620555
2020-03-23,31.15999984741211,31.15999984741211,28.93000030517578,28.969999313354492,28.969999313354492,30600,1219,0,-7.0282430833821135,54.06976292879991
2020-03-24,31.1299991607666,31.1299991607666,26.389999389648438,29.239999771118164,29.239999771118164,38500,1220,1,-6.071312048187972,54.953667614585676
2020-03-25,29.459999084472656,29.610000610351562,29.420000076293945,29.510000228881836,29.510000228881836,21800,1221,2,0.16972554637835202,56.35593545673114
2020-03-26,29.399999618530273,29.56999969482422,29.399999618530273,29.510000228881836,29.510000228881836,5300,1222,3,0.3741517407443551,56.71641406617074
2020-03-27,29.510000228881836,29.610000610351562,28.5,29.329999923706055,29.329999923706055,44200,1223,4,-0.6099637539128566,59.46348089319035
2020-03-30,29.610000610351562,29.610000610351562,29.010000228881836,29.280000686645508,29.280000686645508,18400,1224,0,-1.1144880678951696,58.282673626651395
2020-03-31,29.510000228881836,29.510000228881836,29.280000686645508,29.299999237060547,29.299999237060547,11800,1225,1,-0.7116265340308514,56.873525288769216
2020-04-01,29.15999984741211,29.59000015258789,29.049999237060547,29.420000076293945,29.420000076293945,35600,1226,2,0.8916331626967144,50.62949350300956
2020-04-02,29.770000457763672,30.719999313354492,29.489999771118164,30.459999084472656,30.459999084472656,171400,1227,3,2.317764918035259,57.25321204016532
2020-04-03,29.540000915527344,29.540000915527344,28.579999923706055,28.579999923706055,28.579999923706055,108200,1228,4,-3.2498339948143884,32.87670184686229
2020-04-06,28.670000076293945,29.020000457763672,28.510000228881836,29.020000457763672,29.020000457763672,202500,1229,0,1.2207896077374825,31.399993896484375
2020-04-07,29.34000015258789,29.34000015258789,29.059999465942383,29.170000076293945,29.170000076293945,47900,1230,1,-0.5794140266183745,25.190833661104705
2020-04-08,29.059999465942383,29.3799991607666,28.899999618530273,29.18000030517578,29.18000030517578,30200,1231,2,0.4129416429413002,29.072679547724107
2020-04-09,29.139999389648438,29.610000610351562,29.09000015258789,29.299999237060547,29.299999237060547,23500,1232,3,0.5490729264357785,35.620425842825526
2020-04-13,29.440000534057617,29.440000534057617,28.899999618530273,28.940000534057617,28.940000534057617,37800,1233,0,-1.6983695344080396,49.69451320228167
2020-04-14,28.40999984741211,28.459999084472656,28.219999313354492,28.309999465942383,28.309999465942383,11800,1234,1,-0.3519900809814125,41.17646207233018
2020-04-15,30.34000015258789,32.4900016784668,28.75,28.829999923706055,28.829999923706055,26800,1235,2,-4.976928877019271,43.84057320007685
2020-04-16,29.299999237060547,32.45000076293945,29.1299991607666,29.190000534057617,29.190000534057617,12500,1236,3,-0.37542220432482676,47.278912888622465
2020-04-17,29.719999313354492,30.190000534057617,29.43000030517578,29.530000686645508,29.530000686645508,21700,1237,4,-0.639295528595818,51.65563624949395
2020-04-20,29.700000762939453,31.100000381469727,29.5,29.90999984741211,29.90999984741211,56500,1238,0,0.7070676063237746,54.94505066752741
2020-04-21,30.170000076293945,31.68000030517578,29.84000015258789,29.84000015258789,29.84000015258789,32700,1239,1,-1.0938015342113028,54.20561580639872
2020-04-22,30.5,31.079999923706055,29.93000030517578,29.93000030517578,29.93000030517578,51100,1240,2,-1.8688514584400573,53.99061369190307
2020-04-23,30.260000228881836,30.3700008392334,29.31999969482422,29.639999389648438,29.639999389648438,238300,1241,3,-2.0489122093318213,42.730498372666204
2020-04-24,29.479999542236328,29.84000015258789,29.479999542236328,29.56999969482422,29.56999969482422,7100,1242,4,0.30529224554072254,62.924279253773484
2020-04-27,29.719999313354492,29.860000610351562,29.309999465942383,29.520000457763672,29.520000457763672,25300,1243,0,-0.6729436750052442,57.26744476171994
2020-04-28,29.510000228881836,29.799999237060547,29.5,29.709999084472656,29.709999084472656,3100,1244,1,0.6777324772606397,57.75861171233436
2020-04-29,29.8799991607666,30.170000076293945,29.510000228881836,29.93000030517578,29.93000030517578,52000,1245,2,0.16733984542687264,60.16260540818828
2020-04-30,29.59000015258789,30.010000228881836,29.59000015258789,29.969999313354492,29.969999313354492,75000,1246,3,1.2842147982664587,59.27978278408542
2020-05-01,29.860000610351562,29.860000610351562,29.299999237060547,29.520000457763672,29.520000457763672,19800,1247,4,-1.1386475071605395,57.837839231080515
2020-05-04,29.65999984741211,29.65999984741211,29.1200008392334,29.239999771118164,29.239999771118164,21000,1248,0,-1.416048814749371,63.88060789221369
2020-05-05,29.5,29.579999923706055,29.329999923706055,29.3700008392334,29.3700008392334,3700,1249,1,-0.44067512124271735,59.12163990793174
2020-05-06,29.34000015258789,29.440000534057617,29.239999771118164,29.270000457763672,29.270000457763672,10900,1250,2,-0.23858109904626446,51.48148069656402
2020-05-07,29.31999969482422,29.549999237060547,29.219999313354492,29.34000015258789,29.34000015258789,82100,1251,3,0.06821438598856311,46.09052141294596
2020-05-08,29.530000686645508,29.530000686645508,29.229999542236328,29.389999389648438,29.389999389648438,6800,1252,4,-0.47409852266065977,37.61902772378665
2020-05-11,29.3700008392334,29.520000457763672,29.149999618530273,29.149999618530273,29.149999618530273,96700,1253,0,-0.7490678053002964,34.80174064579337
2020-05-12,29.219999313354492,29.229999542236328,29.010000228881836,29.010000228881836,29.010000228881836,6200,1254,1,-0.7186827152890429,30.172393239758065
2020-05-13,29.110000610351562,29.110000610351562,28.860000610351562,29.09000015258789,29.09000015258789,6300,1255,2,-0.06870648349130981,36.96682293088517
2020-05-14,29.040000915527344,29.170000076293945,28.829999923706055,28.969999313354492,28.969999313354492,9100,1256,3,-0.2410523414805521,36.1110890352957
2020-05-15,29.0,29.0,28.84000015258789,28.950000762939453,28.950000762939453,9300,1257,4,-0.17241116227775244,36.619708220056374
