Date,Open,High,Low,Close,Adj Close,Volume,Count,Week Day,Change,RSI
2015-05-19,13.180000305175781,13.420000076293945,13.069999694824219,13.199999809265137,13.199999809265137,465600,0,1,0.15174130217205928,10.130000114440918
2015-05-20,13.329999923706055,13.329999923706055,13.149999618530273,13.25,13.25,1009900,1,2,-0.6001494685966446,10.130000114440918
2015-05-21,13.180000305175781,13.5,13.0,13.260000228881836,13.260000228881836,3100900,2,3,0.6069796802253391,10.130000114440918
2015-05-22,13.260000228881836,13.520000457763672,13.229999542236328,13.4399995803833,13.4399995803833,860900,3,4,1.3574611492796596,10.130000114440918
2015-05-26,13.539999961853027,13.539999961853027,13.1899995803833,13.199999809265137,13.199999809265137,610600,4,1,-2.5110794205745357,10.130000114440918
2015-05-27,13.25,13.510000228881836,13.100000381469727,13.510000228881836,13.510000228881836,891500,5,2,1.9622658783534863,10.130000114440918
2015-05-28,13.449999809265137,13.619999885559082,13.350000381469727,13.479999542236328,13.479999542236328,648000,6,3,0.22304634495626807,10.130000114440918
2015-05-29,13.489999771118164,14.279999732971191,13.329999923706055,14.220000267028809,14.220000267028809,1248400,7,4,5.411419631552272,10.130000114440918
2015-06-01,14.380000114440918,14.460000038146973,13.510000228881836,14.0,14.0,826600,8,0,-2.642559884678364,10.130000114440918
2015-06-02,14.039999961853027,14.8100004196167,13.880000114440918,14.539999961853027,14.539999961853027,1393700,9,1,3.5612535709295567,10.130000114440918
2015-06-03,14.729999542236328,14.800000190734863,14.4399995803833,14.59000015258789,14.59000015258789,797200,10,2,-0.9504371622484298,10.130000114440918
2015-06-04,14.420000076293945,15.109999656677246,14.390000343322754,14.630000114440918,14.630000114440918,834700,11,3,1.456310936448646,10.130000114440918
2015-06-05,15.229999542236328,15.600000381469727,15.15999984741211,15.430000305175781,15.430000305175781,1850400,12,4,1.313202685166237,10.130000114440918
2015-06-08,15.399999618530273,15.930000305175781,15.390000343322754,15.699999809265137,15.699999809265137,1191800,13,0,1.9480532348447932,10.130000114440918
2015-06-09,15.819999694824219,16.18000030517578,15.430000305175781,16.020000457763672,16.020000457763672,2243900,14,1,1.264227350174263,87.10525120395042
2015-06-10,16.049999237060547,16.239999771118164,15.529999732971191,15.899999618530273,15.899999618530273,4232500,15,2,-0.9345771069191988,84.2376968707676
2015-06-11,15.890000343322754,16.549999237060547,15.800000190734863,16.229999542236328,16.229999542236328,1386500,16,3,2.13970542207349,85.44149860158197
2015-06-12,16.579999923706055,18.329999923706055,16.3799991607666,18.100000381469727,18.100000381469727,3291500,17,4,9.167674696972572,89.625830673292
2015-06-15,18.030000686645508,18.549999237060547,17.56999969482422,18.3700008392334,18.3700008392334,1608200,18,0,1.8857467534081795,93.73939925665098
2015-06-16,16.530000686645508,17.420000076293945,15.609999656677246,16.899999618530273,16.899999618530273,3308700,19,1,2.238347952300357,73.97451762596518
2015-06-17,16.899999618530273,17.200000762939453,15.920000076293945,16.010000228881836,16.010000228881836,2303200,20,2,-5.2662686966725385,65.95207674801316
2015-06-18,16.469999313354492,17.440000534057617,16.0,17.09000015258789,17.09000015258789,4055100,21,3,3.764425410331862,67.35186658897356
2015-06-19,17.15999984741211,17.15999984741211,16.299999237060547,16.59000015258789,16.59000015258789,1387100,22,4,-3.3216765728012576,65.14619431659389
2015-06-22,16.530000686645508,16.799999237060547,16.299999237060547,16.760000228881836,16.760000228881836,902700,23,0,1.3914067312903677,63.569678531435386
2015-06-23,16.700000762939453,16.790000915527344,16.350000381469727,16.739999771118164,16.739999771118164,744900,24,1,0.2395150080919617,63.19017615234818
2015-06-24,16.65999984741211,17.219999313354492,16.510000228881836,16.8700008392334,16.8700008392334,934700,25,2,1.2605101665346563,63.59222991964025
2015-06-25,16.920000076293945,17.200000762939453,16.780000686645508,17.010000228881836,17.010000228881836,638600,26,3,0.5319157930382401,60.42215794499642
2015-06-26,16.959999084472656,17.040000915527344,16.5,16.649999618530273,16.649999618530273,1095600,27,4,-1.8278271384235878,56.19295442770065
2015-06-29,16.43000030517578,16.899999618530273,16.25,16.329999923706055,16.329999923706055,628100,28,0,-0.6086450372020047,52.02085598878569
2015-06-30,16.5,16.989999771118164,16.489999771118164,16.979999542236328,16.979999542236328,1015700,29,1,2.909088134765625,56.58536324396167
2015-07-01,17.1299991607666,17.479999542236328,16.809999465942383,16.959999084472656,16.959999084472656,973700,30,2,-0.992411468900134,54.62610421903412
2015-07-02,17.010000228881836,17.049999237060547,16.670000076293945,16.75,16.75,534200,31,3,-1.5285139646287194,39.165328512406184
2015-07-06,16.59000015258789,17.360000610351562,16.40999984741211,17.299999237060547,17.299999237060547,666000,32,0,4.279681000255464,41.78186202340091
2015-07-07,17.239999771118164,17.850000381469727,16.979999542236328,17.65999984741211,17.65999984741211,1126500,33,1,2.436195370475369,57.03703965342766
2015-07-08,17.549999237060547,17.81999969482422,17.149999618530273,17.219999313354492,17.219999313354492,1419400,34,2,-1.8803415273613844,62.22221109067188
2015-07-09,17.350000381469727,17.6200008392334,16.739999771118164,16.809999465942383,16.809999465942383,886100,35,3,-3.1123971392189698,46.72896446583328
2015-07-10,16.489999771118164,18.200000762939453,16.40999984741211,18.06999969482422,18.06999969482422,1045700,36,4,9.581564254921249,64.68253247411835
2015-07-13,18.280000686645508,19.549999237060547,18.270000457763672,18.920000076293945,18.920000076293945,1531800,37,0,3.5010906214899107,68.88111351789706
2015-07-14,19.040000915527344,19.239999771118164,18.68000030517578,19.1200008392334,19.1200008392334,840100,38,1,0.4201676463198689,70.1694953609414
2015-07-15,19.15999984741211,19.829999923706055,19.079999923706055,19.200000762939453,19.200000762939453,976000,39,2,0.2087730472124516,69.9145279638484
2015-07-16,19.329999923706055,20.6200008392334,19.299999237060547,20.0,20.0,887400,40,3,3.4661152557598607,72.96466717353502
2015-07-17,20.0,20.559999465942383,19.65999984741211,20.149999618530273,20.149999618530273,763000,41,4,0.7499980926513716,77.77778114170874
2015-07-20,20.270000457763672,20.8700008392334,19.170000076293945,19.530000686645508,19.530000686645508,929600,42,0,-3.6507141312605906,74.24243562696876
2015-07-21,19.600000381469727,19.889999389648438,19.209999084472656,19.8799991607666,19.8799991607666,526400,43,1,1.428565172690477,73.015879743737
2015-07-22,19.68000030517578,20.1299991607666,19.43000030517578,20.1299991607666,20.1299991607666,557600,44,2,2.2865795153085955,74.2726002665616
2015-07-23,20.149999618530273,20.59000015258789,19.860000610351562,19.979999542236328,19.979999542236328,496700,45,3,-0.8436728511776792,74.9613665937334
2015-07-24,19.8700008392334,20.450000762939453,19.780000686645508,20.110000610351562,20.110000610351562,683700,46,4,1.2078498287945827,73.22315477395236
2015-07-27,20.030000686645508,20.290000915527344,19.649999618530273,20.020000457763672,20.020000457763672,556300,47,0,-0.04992625331512457,70.41523450493403
2015-07-28,20.18000030517578,21.239999771118164,19.93000030517578,21.190000534057617,21.190000534057617,927600,48,1,5.004956459900489,80.49156869650413
2015-07-29,21.290000915527344,21.5,20.079999923706055,20.450000762939453,20.450000762939453,908700,49,2,-3.9455148730184297,76.60820344164976
2015-07-30,20.309999465942383,20.75,19.600000381469727,20.399999618530273,20.399999618530273,690100,50,3,0.4431322252805181,70.69271999135425
2015-07-31,20.520000457763672,21.540000915527344,20.360000610351562,21.209999084472656,21.209999084472656,747200,51,4,3.3625663319511556,70.48300292517084
2015-08-03,21.34000015258789,22.06999969482422,20.6200008392334,21.100000381469727,21.100000381469727,803600,52,0,-1.1246474667389372,68.00000832298163
2015-08-04,21.190000534057617,21.510000228881836,21.0,21.260000228881836,21.260000228881836,688000,53,1,0.33034305361017147,68.4587894480478
2015-08-05,22.34000015258789,23.299999237060547,19.010000228881836,19.219999313354492,19.219999313354492,2546100,54,2,-13.965983965635619,44.281518037455086
2015-08-06,18.510000228881836,19.84000015258789,18.309999465942383,18.540000915527344,18.540000915527344,1134800,55,3,0.1620782618829919,39.047622754809574
2015-08-07,18.399999618530273,18.59000015258789,16.8799991607666,17.600000381469727,17.600000381469727,1019300,56,4,-4.347822030685711,37.41850869671608
2015-08-10,17.690000534057617,18.1299991607666,17.329999923706055,17.84000015258789,17.84000015258789,765300,57,0,0.847934505380521,36.507942114487854
2015-08-11,17.809999465942383,18.290000915527344,17.600000381469727,17.739999771118164,17.739999771118164,641500,58,1,-0.39303591759268786,33.87314818580511
2015-08-12,17.6299991607666,18.34000015258789,17.350000381469727,18.059999465942383,18.059999465942383,588700,59,2,2.4390262373505722,37.33509171755236
2015-08-13,17.829999923706055,18.270000457763672,17.389999389648438,17.43000030517578,17.43000030517578,524500,60,3,-2.2434078532914015,33.41583562427678
2015-08-14,17.350000381469727,17.540000915527344,16.520000457763672,17.440000534057617,17.440000534057617,888300,61,4,0.5187328565364968,33.87499663233676
2015-08-17,17.309999465942383,18.559999465942383,17.06999969482422,18.3700008392334,18.3700008392334,695500,62,0,6.123636083158646,31.82989494341122
2015-08-18,18.399999618530273,18.459999084472656,17.3799991607666,17.450000762939453,17.450000762939453,615900,63,1,-5.163037365686119,31.108309075089494
2015-08-19,17.299999237060547,18.579999923706055,17.110000610351562,18.40999984741211,18.40999984741211,866500,64,2,6.416188782099419,38.75705907847654
2015-08-20,18.149999618530273,18.579999923706055,16.56999969482422,16.770000457763672,16.770000457763672,779600,65,3,-7.603301321051759,27.06611448115565
2015-08-21,16.489999771118164,17.200000762939453,16.110000610351562,16.729999542236328,16.729999542236328,911100,66,4,1.4554261640350008,27.263259994676886
2015-08-24,15.630000114440918,16.329999923706055,14.529999732971191,15.390000343322754,15.390000343322754,838200,67,0,-1.5355071616181437,22.79888348492986
2015-08-25,16.270000457763672,16.270000457763672,15.520000457763672,15.739999771118164,15.739999771118164,802000,68,1,-3.25753332350156,30.879116180421832
2015-08-26,16.1200008392334,16.56999969482422,15.680000305175781,16.479999542236328,16.479999542236328,661000,69,2,2.2332424581936294,38.755448490435256
2015-08-27,16.6299991607666,17.520000457763672,16.510000228881836,17.520000457763672,17.520000457763672,816500,70,3,5.351781971804037,49.56803489089181
2015-08-28,17.489999771118164,17.959999084472656,17.299999237060547,17.799999237060547,17.799999237060547,681200,71,4,1.7724383647751418,49.78494125261979
2015-08-31,17.610000610351562,18.219999313354492,17.510000228881836,18.149999618530273,18.149999618530273,795600,72,0,3.066433784569478,52.146596659961986
2015-09-01,17.639999389648438,19.09000015258789,17.56999969482422,18.829999923706055,18.829999923706055,1455500,73,1,6.746035006984963,53.884967799290685
2015-09-02,19.049999237060547,19.770000457763672,18.229999542236328,19.75,19.75,1069400,74,2,3.674544834509219,61.372548799613746
2015-09-03,19.959999084472656,20.459999084472656,19.170000076293945,19.65999984741211,19.65999984741211,972700,75,3,-1.503002258621966,60.79766331210758
2015-09-04,19.520000457763672,20.110000610351562,18.959999084472656,19.6200008392334,19.6200008392334,691100,76,4,0.5122970242039893,56.656018824053234
2015-09-08,19.989999771118164,20.0,19.209999084472656,19.959999084472656,19.959999084472656,632100,77,1,-0.15007847418214704,64.2451734421598
2015-09-09,20.100000381469727,20.100000381469727,18.489999771118164,18.729999542236328,18.729999542236328,873800,78,2,-6.815924443943833,51.762113612068234
2015-09-10,18.700000762939453,19.489999771118164,18.6200008392334,19.450000762939453,19.450000762939453,657300,79,3,4.010695023533817,66.42157464291549
2015-09-11,19.420000076293945,20.25,19.299999237060547,20.200000762939453,20.200000762939453,687000,80,4,4.016481377863923,69.56032911343955
2015-09-14,20.15999984741211,21.0,19.809999465942383,20.15999984741211,20.15999984741211,1139500,81,0,0.0,81.50594648160259
2015-09-15,20.209999084472656,20.5,20.030000686645508,20.219999313354492,20.219999313354492,486800,82,1,0.049481589979483154,80.7692327846037
2015-09-16,20.299999237060547,20.520000457763672,19.649999618530273,20.450000762939453,20.450000762939453,615000,83,2,0.738923800573632,79.32053879073541
2015-09-17,20.3700008392334,21.31999969482422,20.15999984741211,21.139999389648438,21.139999389648438,1008600,84,3,3.7800614565120405,78.1931461397867
2015-09-18,20.829999923706055,21.649999618530273,20.350000381469727,20.969999313354492,20.969999313354492,4091700,85,4,0.6721046095113481,75.11886168456684
2015-09-21,21.3799991607666,21.3799991607666,19.31999969482422,19.450000762939453,19.450000762939453,726700,86,0,-9.02712101770703,58.689849969643056
2015-09-22,18.959999084472656,20.079999923706055,18.75,19.270000457763672,19.270000457763672,823700,87,1,1.6350284190935982,53.151867357793854
2015-09-23,19.40999984741211,19.6200008392334,19.079999923706055,19.170000076293945,19.170000076293945,641400,88,2,-1.2364748738015185,45.292206837165935
2015-09-24,19.059999465942383,19.1299991607666,17.690000534057617,18.209999084472656,18.209999084472656,748200,89,3,-4.4596033855539225,39.68704825945589
2015-09-25,18.3799991607666,18.40999984741211,16.290000915527344,16.56999969482422,16.56999969482422,883200,90,4,-9.847658044544172,32.32907623980435
2015-09-28,16.559999465942383,16.739999771118164,14.140000343322754,14.510000228881836,14.510000228881836,1360300,91,0,-12.379222845245952,23.671504083476634
2015-09-29,14.59000015258789,15.180000305175781,13.319999694824219,13.619999885559082,13.619999885559082,1447600,92,1,-6.648391068431591,24.47552920581994
2015-09-30,14.0,14.180000305175781,13.430000305175781,14.029999732971191,14.029999732971191,945200,93,2,0.21428380693708782,22.061849811629656
2015-10-01,14.199999809265137,14.359999656677246,13.529999732971191,14.149999618530273,14.149999618530273,889900,94,3,-0.3521140239892029,16.64828363852314
2015-10-02,13.989999771118164,15.649999618530273,13.859999656677246,15.329999923706055,15.329999923706055,984500,95,4,9.578271440391806,26.346717155677766
2015-10-05,15.449999809265137,15.579999923706055,14.579999923706055,15.010000228881836,15.010000228881836,774500,96,0,-2.8478937593218623,25.119391470125038
2015-10-06,14.90999984741211,15.09000015258789,13.5,13.770000457763672,13.770000457763672,598100,97,1,-7.64587123618451,20.90591602181489
2015-10-07,13.819999694824219,14.6899995803833,13.170000076293945,14.470000267028809,14.470000267028809,1033600,98,2,4.703332753676004,20.97476149217094
2015-10-08,14.470000267028809,14.520000457763672,13.789999961853027,14.319999694824219,14.319999694824219,802500,99,3,-1.0366314404732901,21.011333842070513
2015-10-09,14.380000114440918,14.930000305175781,14.170000076293945,14.479999542236328,14.479999542236328,496300,100,4,0.6954063073684402,25.420371312270873
2015-10-12,14.569999694824219,14.789999961853027,14.050000190734863,14.609999656677246,14.609999656677246,664100,101,0,0.27453646321788927,26.838963187319735
2015-10-13,14.550000190734863,15.239999771118164,14.430000305175781,14.6899995803833,14.6899995803833,970600,102,1,0.9621951052453337,27.6892404734442
2015-10-14,14.6899995803833,15.199999809265137,13.729999542236328,13.9399995803833,13.9399995803833,645200,103,2,-5.105514100909392,28.280773390174787
2015-10-15,14.260000228881836,16.389999389648438,13.970000267028809,16.209999084472656,16.209999084472656,1432100,104,3,13.67460606095463,48.2791556316388
2015-10-16,16.309999465942383,16.450000762939453,15.770000457763672,16.309999465942383,16.309999465942383,977600,105,4,0.0,60.58823080623851
2015-10-19,16.270000457763672,17.799999237060547,16.010000228881836,17.3799991607666,17.3799991607666,780300,106,0,6.822364300999539,71.65898361822525
2015-10-20,17.40999984741211,17.459999084472656,15.640000343322754,15.789999961853027,15.789999961853027,789300,107,1,-9.304996552311195,58.92495162471885
2015-10-21,15.8100004196167,16.049999237060547,15.050000190734863,15.8100004196167,15.8100004196167,805100,108,2,0.0,58.504103096109766
2015-10-22,15.859999656677246,15.859999656677246,14.800000190734863,15.270000457763672,15.270000457763672,625900,109,3,-3.7200454709037656,49.67105552100113
2015-10-23,15.4399995803833,16.31999969482422,15.399999618530273,15.970000267028809,15.970000267028809,625600,110,4,3.432647027522462,55.05263228693835
2015-10-26,15.880000114440918,16.360000610351562,15.359999656677246,15.59000015258789,15.59000015258789,418200,111,0,-1.8261962201707282,60.532406385379815
2015-10-27,15.680000305175781,16.059999465942383,15.420000076293945,15.699999809265137,15.699999809265137,388400,112,1,0.12754785523030332,57.63974943360033
2015-10-28,16.049999237060547,17.139999389648438,15.600000381469727,16.90999984741211,16.90999984741211,835100,113,2,5.358259509232632,64.21515105009921
2015-10-29,16.889999389648438,17.600000381469727,16.469999313354492,16.530000686645508,16.530000686645508,473900,114,3,-2.131431119077276,60.98607492099732
2015-10-30,16.600000381469727,17.06999969482422,16.209999084472656,16.5,16.5,552200,115,4,-0.6024119227211244,60.23835662155397
2015-11-02,16.5,17.549999237060547,16.440000534057617,17.219999313354492,17.219999313354492,732300,116,0,4.3636322021484375,62.81661728075608
2015-11-03,17.290000915527344,18.219999313354492,16.850000381469727,17.780000686645508,17.780000686645508,795000,117,1,2.8340066233201844,69.83471778676609
2015-11-04,18.8799991607666,20.389999389648438,17.780000686645508,18.260000228881836,18.260000228881836,1220100,118,2,-3.2838927936667983,62.99113626737887
2015-11-05,18.18000030517578,18.260000228881836,17.1200008392334,17.780000686645508,17.780000686645508,632700,119,3,-2.2002178867752575,58.887554282759524
2015-11-06,17.6200008392334,18.299999237060547,17.079999923706055,18.110000610351562,18.110000610351562,602900,120,4,2.7809293290560477,54.84728796764245
2015-11-09,18.110000610351562,18.549999237060547,18.020000457763672,18.270000457763672,18.270000457763672,667600,121,0,0.8834889123120915,70.32787482413697
2015-11-10,18.149999618530273,19.219999313354492,18.049999237060547,18.860000610351562,18.860000610351562,667500,122,1,3.911851276825451,72.86357265319236
2015-11-11,18.860000610351562,18.950000762939453,17.56999969482422,17.59000015258789,17.59000015258789,624100,123,2,-6.733830417092435,65.67567442175758
2015-11-12,16.290000915527344,16.420000076293945,13.760000228881836,16.31999969482422,16.31999969482422,2574400,124,3,0.18415455869176256,52.19573033920291
2015-11-13,16.260000228881836,16.81999969482422,15.970000267028809,16.200000762939453,16.200000762939453,941300,125,4,-0.3690004003555236,53.95590585464567
2015-11-16,16.09000015258789,16.399999618530273,15.84000015258789,16.110000610351562,16.110000610351562,667300,126,0,0.12430365179614267,52.66580509401009
2015-11-17,16.010000228881836,16.850000381469727,15.9399995803833,16.68000030517578,16.68000030517578,827500,127,1,4.184884863931937,48.368797396265926
2015-11-18,16.700000762939453,16.799999237060547,16.149999618530273,16.510000228881836,16.510000228881836,771000,128,2,-1.137727696870916,49.853797826626476
2015-11-19,16.6299991607666,16.6299991607666,15.789999961853027,15.970000267028809,15.970000267028809,671900,129,3,-3.9687247567327555,46.39455935896473
2015-11-20,15.970000267028809,15.970000267028809,15.4399995803833,15.449999809265137,15.449999809265137,732800,130,4,-3.2561080091980332,37.622382080847835
2015-11-23,15.579999923706055,15.84000015258789,15.140000343322754,15.329999923706055,15.329999923706055,1086500,131,0,-1.6046213172286827,31.743657993866933
2015-11-24,15.319999694824219,16.43000030517578,15.239999771118164,16.290000915527344,16.290000915527344,840400,132,1,6.331600783457159,36.30042303875366
2015-11-25,16.219999313354492,16.68000030517578,16.219999313354492,16.3700008392334,16.3700008392334,542100,133,2,0.9247936635570886,39.61708647057964
2015-11-27,16.3799991607666,16.799999237060547,16.15999984741211,16.65999984741211,16.65999984741211,245600,134,4,1.7094059889585678,39.259253607855904
2015-11-30,16.780000686645508,16.790000915527344,15.720000267028809,16.15999984741211,16.15999984741211,500000,135,0,-3.6948797012078205,35.1198831809517
2015-12-01,16.3700008392334,16.790000915527344,16.239999771118164,16.709999084472656,16.709999084472656,593300,136,1,2.0769592413483418,34.751760577669685
2015-12-02,16.6299991607666,16.90999984741211,16.219999313354492,16.260000228881836,16.260000228881836,560900,137,2,-2.2248884579481265,39.32583925667871
2015-12-03,16.110000610351562,16.190000534057617,15.140000343322754,15.449999809265137,15.449999809265137,627200,138,3,-4.096839081820636,42.461003050932675
2015-12-04,14.970000267028809,15.0,14.010000228881836,14.579999923706055,14.579999923706055,1990300,139,4,-2.6052126677761245,37.57667791866093
2015-12-07,14.649999618530273,14.850000381469727,14.119999885559082,14.4399995803833,14.4399995803833,964200,140,0,-1.4334473966903793,37.29070509931351
2015-12-08,14.050000190734863,14.9399995803833,14.010000228881836,14.819999694824219,14.819999694824219,652100,141,1,5.480423442251081,35.423190791391335
2015-12-09,14.800000190734863,14.899999618530273,14.300000190734863,14.59000015258789,14.59000015258789,632600,142,2,-1.4189191583824257,35.093163930726504
2015-12-10,14.630000114440918,14.859999656677246,14.140000343322754,14.239999771118164,14.239999771118164,906100,143,3,-2.665757623185483,36.15999392089751
2015-12-11,14.0,14.1899995803833,12.949999809265137,13.170000076293945,13.170000076293945,1352600,144,4,-5.928570883614681,33.23529184895759
2015-12-14,13.069999694824219,13.319999694824219,12.539999961853027,12.779999732971191,12.779999732971191,1032800,145,0,-2.218821489092071,31.96604918829081
2015-12-15,12.930000305175781,13.40999984741211,12.890000343322754,13.25,13.25,822800,146,1,2.4748622372122053,26.899682127790072
2015-12-16,13.489999771118164,13.789999961853027,13.270000457763672,13.649999618530273,13.649999618530273,719700,147,2,1.1860626399317287,30.289839688676366
2015-12-17,13.8100004196167,14.0600004196167,13.359999656677246,13.84000015258789,13.84000015258789,650600,148,3,0.21723194829579295,29.26470579985515
2015-12-18,13.729999542236328,14.4399995803833,13.0,14.130000114440918,14.130000114440918,1823000,149,4,2.913332742467367,34.59787572276292
2015-12-21,14.220000267028809,14.359999656677246,13.800000190734863,14.220000267028809,14.220000267028809,563000,150,0,0.0,29.690058964452845
2015-12-22,14.220000267028809,14.369999885559082,13.779999732971191,14.100000381469727,14.100000381469727,519900,151,1,-0.8438810359049032,31.37931533432362
2015-12-23,14.25,14.5,13.970000267028809,14.329999923706055,14.329999923706055,531800,152,2,0.561402973375813,39.27203229630697
2015-12-24,14.279999732971191,14.300000190734863,14.020000457763672,14.140000343322754,14.140000343322754,223500,153,3,-0.9803879010249039,45.1541896026392
2015-12-28,13.84000015258789,14.140000343322754,13.430000305175781,14.0,14.0,714800,154,0,1.1560682489023755,45.1541896026392
2015-12-29,13.760000228881836,14.0,13.260000228881836,13.470000267028809,13.470000267028809,802700,155,1,-2.107557827247164,35.60768071875735
2015-12-30,13.510000228881836,13.789999961853027,13.399999618530273,13.6899995803833,13.6899995803833,345200,156,2,1.332341587357333,40.38460793893223
2015-12-31,13.65999984741211,13.739999771118164,13.390000343322754,13.4399995803833,13.4399995803833,623100,157,3,-1.6105437004853784,41.26637149954075
2016-01-04,13.15999984741211,13.4399995803833,12.899999618530273,13.140000343322754,13.140000343322754,766900,158,0,-0.15197191733469229,49.6063025631822
2016-01-05,13.229999542236328,13.890000343322754,12.949999809265137,13.430000305175781,13.430000305175781,596000,159,1,1.5117216164744152,58.76011994195694
2016-01-06,13.319999694824219,13.319999694824219,12.59000015258789,12.699999809265137,12.699999809265137,614300,160,2,-4.654653902131822,43.07304259466783
2016-01-07,12.390000343322754,12.84000015258789,12.220000267028809,12.779999732971191,12.779999732971191,819900,161,3,3.1476947444849523,38.08218898905522
2016-01-08,12.90999984741211,12.90999984741211,11.609999656677246,11.6899995803833,11.6899995803833,930800,162,4,-9.450040909747692,26.373611171952987
2016-01-11,11.819999694824219,11.829999923706055,10.75,11.25,11.25,1581500,163,0,-4.8223325680271545,19.36168723323739
2016-01-12,11.489999771118164,11.819999694824219,11.1899995803833,11.479999542236328,11.479999542236328,711600,164,1,-0.08703419565745385,21.694191548746275
2016-01-13,11.34000015258789,11.760000228881836,10.710000038146973,10.869999885559082,10.869999885559082,749000,165,2,-4.144623110269974,19.699791032486317
2016-01-14,11.069999694824219,11.529999732971191,10.460000038146973,11.34000015258789,11.34000015258789,526100,166,3,2.4390285926557898,23.159775953220972
2016-01-15,10.920000076293945,11.329999923706055,10.470000267028809,11.289999961853027,11.289999961853027,652000,167,4,3.3882773166120206,23.756894821459127
2016-01-19,11.520000457763672,11.850000381469727,10.890000343322754,11.140000343322754,11.140000343322754,758300,168,1,-3.2986119734467967,23.713227205464847
2016-01-20,10.920000076293945,12.579999923706055,10.75,12.289999961853027,12.289999961853027,968400,169,2,12.54578641014108,40.264019962331425
2016-01-21,12.270000457763672,12.489999771118164,11.729999542236328,11.75,11.75,550000,170,3,-4.23798238275247,34.79623726048456
2016-01-22,12.020000457763672,12.489999771118164,11.75,12.470000267028809,12.470000267028809,498000,171,4,3.7437586699464953,42.919711464031025
2016-01-25,12.350000381469727,12.850000381469727,11.869999885559082,11.920000076293945,11.920000076293945,479700,172,0,-3.481783740031019,41.40844813132875
2016-01-26,11.970000267028809,12.010000228881836,11.319999694824219,11.75,11.75,394200,173,1,-1.8379303435338779,37.96561307053092
2016-01-27,11.699999809265137,11.979999542236328,10.789999961853027,11.039999961853027,11.039999961853027,431800,174,2,-5.641024428816321,38.07471217118786
2016-01-28,11.15999984741211,11.25,10.319999694824219,10.600000381469727,10.600000381469727,611600,175,3,-5.0179164300996,35.10929148630558
2016-01-29,10.5600004196167,11.5,10.420000076293945,11.34000015258789,11.34000015258789,818900,176,4,7.38636081417412,47.4892431121643
2016-02-01,11.229999542236328,11.600000381469727,10.779999732971191,11.270000457763672,11.270000457763672,525300,177,0,0.35619694708712846,50.151518654451934
2016-02-02,11.119999885559082,11.119999885559082,10.600000381469727,10.729999542236328,10.729999542236328,407300,178,1,-3.507197368133297,44.573082369307976
2016-02-03,10.84000015258789,10.84000015258789,10.100000381469727,10.600000381469727,10.600000381469727,362200,179,2,-2.214019997599981,47.90047020746349
2016-02-04,10.520000457763672,10.789999961853027,9.829999923706055,10.130000114440918,10.130000114440918,756200,180,3,-3.707227436810012,40.59097853668969
2016-02-05,10.079999923706055,14.59000015258789,9.510000228881836,12.130000114440918,12.130000114440918,4673800,181,4,20.337303633442417,55.01193458658442
2016-02-08,12.239999771118164,13.9399995803833,11.789999961853027,12.539999961853027,12.539999961853027,2999200,182,0,2.4509819962803547,58.101850216607716
2016-02-09,12.15999984741211,12.9399995803833,11.829999923706055,12.130000114440918,12.130000114440918,1210800,183,1,-0.24670833345097343,48.98734268899955
2016-02-10,12.3100004196167,13.270000457763672,12.199999809265137,12.479999542236328,12.479999542236328,911100,184,2,1.3809838897220983,54.73410913696792
2016-02-11,12.170000076293945,12.479999542236328,11.979999542236328,12.359999656677246,12.359999656677246,614900,185,3,1.561212647429655,49.226437198187504
2016-02-12,12.460000038146973,12.859999656677246,12.050000190734863,12.84000015258789,12.84000015258789,640300,186,4,3.0497601386639372,56.53409237149846
2016-02-16,13.039999961853027,13.260000228881836,12.729999542236328,13.140000343322754,13.140000343322754,559200,187,1,0.7668740932688989,59.693169549614275
2016-02-17,13.239999771118164,13.710000038146973,12.829999923706055,13.350000381469727,13.350000381469727,567000,188,2,0.830820334238358,67.31634725245249
2016-02-18,13.319999694824219,13.319999694824219,12.84000015258789,13.119999885559082,13.119999885559082,598200,189,3,-1.501500103959097,69.5046400093537
2016-02-19,13.010000228881836,13.789999961853027,12.75,13.640000343322754,13.640000343322754,562200,190,4,4.842429695291894,68.42948656717786
2016-02-22,13.890000343322754,13.90999984741211,13.399999618530273,13.619999885559082,13.619999885559082,589800,191,0,-1.9438477400288035,68.9822202179831
2016-02-23,13.420000076293945,13.760000228881836,13.149999618530273,13.350000381469727,13.350000381469727,437400,192,1,-0.5216072610004785,72.12838518131893
2016-02-24,13.130000114440918,13.699999809265137,12.920000076293945,13.529999732971191,13.529999732971191,397800,193,2,3.046455560120953,74.53935695516884
2016-02-25,13.569999694824219,13.609999656677246,12.800000190734863,13.1899995803833,13.1899995803833,515200,194,3,-2.800295674183806,76.19862488005586
2016-02-26,13.3100004196167,13.569999694824219,13.0,13.25,13.25,447800,195,4,-0.4507920189714576,64.35897078504746
2016-02-29,13.220000267028809,13.5,12.529999732971191,12.539999961853027,12.539999961853027,765500,196,0,-5.1437238384308355,50.0
2016-03-01,12.720000267028809,13.119999885559082,12.149999618530273,12.979999542236328,12.979999542236328,879100,197,1,2.0440194162688607,60.04727338232168
2016-03-02,12.850000381469727,13.640000343322754,12.800000190734863,13.369999885559082,13.369999885559082,753300,198,2,4.046688627645634,60.421546242803615
2016-03-03,14.039999961853027,14.949999809265137,13.229999542236328,13.989999771118164,13.989999771118164,1552800,199,3,-0.3561267156033776,67.08595002228239
2016-03-04,14.0,14.75,13.59000015258789,14.380000114440918,14.380000114440918,1652900,200,4,2.714286531720833,66.45298661983068
2016-03-07,14.270000457763672,15.069999694824219,14.039999961853027,14.850000381469727,14.850000381469727,1238200,201,0,4.064470252980978,67.6288615196452
2016-03-08,14.8100004196167,15.15999984741211,14.600000381469727,14.649999618530273,14.649999618530273,1240300,202,1,-1.0803564925933151,63.429738468722846
2016-03-09,14.649999618530273,15.770000457763672,14.25,15.210000038146973,15.210000038146973,1381600,203,2,3.8225285610818283,70.21275967785374
2016-03-10,15.4399995803833,15.989999771118164,15.229999542236328,15.369999885559082,15.369999885559082,1284000,204,3,-0.4533659114418276,67.98335809052648
2016-03-11,15.510000228881836,15.869999885559082,15.380000114440918,15.649999618530273,15.649999618530273,782200,205,4,0.9026395073014726,70.0197186717557
2016-03-14,15.479999542236328,15.800000190734863,15.359999656677246,15.5,15.5,575100,206,0,0.12920192735859093,71.71716451669334
2016-03-15,15.359999656677246,15.539999961853027,14.300000190734863,14.59000015258789,14.59000015258789,676300,207,1,-5.013017716798085,59.3309875412888
2016-03-16,14.529999732971191,15.020000457763672,14.380000114440918,14.529999732971191,14.529999732971191,342100,208,2,0.0,62.407405314295644
2016-03-17,14.510000228881836,14.789999961853027,13.420000076293945,13.890000343322754,13.890000343322754,730800,209,3,-4.27291437477021,55.35117299539031
2016-03-18,13.979999542236328,14.34000015258789,13.430000305175781,14.09000015258789,14.09000015258789,1240600,210,4,0.7868427321419347,64.16819117978574
2016-03-21,14.0600004196167,14.75,14.020000457763672,14.720000267028809,14.720000267028809,528800,211,0,4.694166626704144,65.37102896220873
2016-03-22,14.720000267028809,15.109999656677246,14.619999885559082,15.0,15.0,649300,212,1,1.9021720644826434,64.68468521102062
2016-03-23,15.020000457763672,15.220000267028809,14.670000076293945,14.670000076293945,14.670000076293945,613400,213,2,-2.3302288335737997,56.46388094663957
2016-03-24,14.670000076293945,14.770000457763672,14.15999984741211,14.399999618530273,14.399999618530273,497900,214,3,-1.840493908380958,50.19454769215469
2016-03-28,14.5600004196167,14.630000114440918,13.930000305175781,14.119999885559082,14.119999885559082,522300,215,0,-3.0219816028631663,42.62625733293696
2016-03-29,14.020000457763672,15.510000228881836,13.920000076293945,15.470000267028809,15.470000267028809,1166300,216,1,10.342366347514552,56.72131742145827
2016-03-30,15.699999809265137,15.710000038146973,14.819999694824219,15.029999732971191,15.029999732971191,637400,217,2,-4.267516461360432,48.49498061074711
2016-03-31,15.109999656677246,15.510000228881836,15.0,15.25,15.25,897900,218,3,0.9265410092903936,49.00662345764099
2016-04-01,15.199999809265137,16.329999923706055,14.930000305175781,16.209999084472656,16.209999084472656,848400,219,4,6.644732157114075,54.166663118770785
2016-04-04,16.260000228881836,16.600000381469727,15.970000267028809,16.219999313354492,16.219999313354492,689100,220,0,-0.2460080871111714,55.471119465826426
2016-04-05,16.110000610351562,16.200000762939453,15.869999885559082,16.18000030517578,16.18000030517578,495300,221,1,0.43451081422827276,63.92294577517199
2016-04-06,16.200000762939453,16.799999237060547,16.190000534057617,16.690000534057617,16.690000534057617,552400,222,2,3.0246898027260105,67.5324771834153
2016-04-07,16.670000076293945,17.1200008392334,16.489999771118164,16.719999313354492,16.719999313354492,799500,223,3,0.29993543390349764,75.49549410225282
2016-04-08,16.93000030517578,17.149999618530273,16.510000228881836,16.719999313354492,16.719999313354492,476800,224,4,-1.2404074898751727,74.57943841936013
2016-04-11,16.8799991607666,16.93000030517578,16.190000534057617,16.549999237060547,16.549999237060547,546100,225,0,-1.9549759485359308,68.7116518951114
2016-04-12,16.559999465942383,16.8700008392334,16.34000015258789,16.579999923706055,16.579999923706055,438700,226,1,0.12077571502828732,67.02586348643645
2016-04-13,16.700000762939453,16.739999771118164,16.290000915527344,16.540000915527344,16.540000915527344,698100,227,2,-0.9580828748653736,71.49427005961454
2016-04-14,16.549999237060547,16.6299991607666,16.190000534057617,16.3700008392334,16.3700008392334,282900,228,3,-1.0876036623861385,73.17649535077953
2016-04-15,16.31999969482422,16.510000228881836,15.920000076293945,16.31999969482422,16.31999969482422,402300,229,4,0.0,77.36318508282378
2016-04-18,16.18000030517578,16.899999618530273,16.1200008392334,16.770000457763672,16.770000457763672,1074500,230,0,3.6464780065495805,70.83333715414403
2016-04-19,17.030000686645508,17.100000381469727,15.989999771118164,16.299999237060547,16.299999237060547,486600,231,1,-4.2865614806311125,70.15871862525601
2016-04-20,16.40999984741211,16.790000915527344,16.239999771118164,16.579999923706055,16.579999923706055,449000,232,2,1.0359541613326417,70.71650331409151
2016-04-21,16.5,17.170000076293945,16.40999984741211,17.15999984741211,17.15999984741211,711300,233,3,3.9999990752249026,66.78445491650805
2016-04-22,17.219999313354492,17.81999969482422,17.219999313354492,17.809999465942383,17.809999465942383,615600,234,4,3.426249570929607,72.91065696319423
2016-04-25,17.81999969482422,17.90999984741211,17.309999465942383,17.549999237060547,17.549999237060547,539900,235,0,-1.515154109918937,68.5636588815191
2016-04-26,17.559999465942383,17.56999969482422,16.8799991607666,17.209999084472656,17.209999084472656,482200,236,1,-1.9931685200136329,57.38633808273661
2016-04-27,17.170000076293945,17.389999389648438,16.8700008392334,17.079999923706055,17.079999923706055,355700,237,2,-0.5241709504250402,54.97238034821204
2016-04-28,17.06999969482422,17.489999771118164,16.81999969482422,17.170000076293945,17.170000076293945,523500,238,3,0.5858253266404434,56.06469556991635
2016-04-29,17.020000457763672,17.200000762939453,16.799999237060547,17.15999984741211,17.15999984741211,479100,239,4,0.8225580839193114,58.59155050654837
2016-05-02,17.15999984741211,17.15999984741211,16.34000015258789,16.8700008392334,16.8700008392334,563800,240,0,-1.6899709251596895,53.805784921238036
2016-05-03,16.770000457763672,16.93000030517578,16.43000030517578,16.540000915527344,16.540000915527344,381000,241,1,-1.3714939532386783,50.0
2016-05-04,15.84000015258789,16.049999237060547,15.279999732971191,15.899999618530273,15.899999618530273,808400,242,2,0.3787845035631454,44.85775864587533
2016-05-05,16.06999969482422,16.239999771118164,15.489999771118164,15.630000114440918,15.630000114440918,525800,243,3,-2.7380185982518346,42.79750197155663
2016-05-06,15.619999885559082,16.0,14.140000343322754,15.119999885559082,15.119999885559082,1218100,244,4,-3.2010243512374026,32.98968950535779
2016-05-09,15.479999542236328,16.100000381469727,15.199999809265137,15.920000076293945,15.920000076293945,479900,245,0,2.8423807950193947,46.33205464884904
2016-05-10,16.170000076293945,16.600000381469727,15.779999732971191,16.25,16.25,447300,246,1,0.49474287772786063,46.84512473623517
2016-05-11,16.1299991607666,16.790000915527344,16.1299991607666,16.18000030517578,16.18000030517578,479600,247,2,0.3099885121556456,39.61864740675307
2016-05-12,16.34000015258789,16.549999237060547,15.930000305175781,16.270000457763672,16.270000457763672,577200,248,3,-0.42839470116610157,31.490395857385337
2016-05-13,16.149999618530273,17.469999313354492,15.989999771118164,17.280000686645508,17.280000686645508,1027200,249,4,6.996910803754375,47.25052384108172
2016-05-16,17.25,17.760000228881836,16.610000610351562,17.670000076293945,17.670000076293945,892100,250,0,2.4347830509793944,54.637107628319214
2016-05-17,17.799999237060547,18.020000457763672,17.510000228881836,17.75,17.75,724900,251,1,-0.2808946022674341,56.82281157958772
2016-05-18,17.610000610351562,17.850000381469727,17.290000915527344,17.40999984741211,17.40999984741211,428700,252,2,-1.1357226349094418,52.325579246271985
2016-05-19,17.209999084472656,17.65999984741211,17.0,17.56999969482422,17.56999969482422,265700,253,3,2.091810746674394,53.86063925280778
2016-05-20,17.559999465942383,18.079999923706055,17.389999389648438,17.969999313354492,17.969999313354492,386500,254,4,2.3348511382776715,60.14758725679986
2016-05-23,18.09000015258789,18.540000915527344,17.979999542236328,18.40999984741211,18.40999984741211,456800,255,0,1.7689314103098042,66.9077640116814
2016-05-24,18.440000534057617,18.93000030517578,18.40999984741211,18.850000381469727,18.850000381469727,431200,256,1,2.2234264400093906,77.67355351938035
2016-05-25,18.899999618530273,19.100000381469727,18.549999237060547,18.969999313354492,18.969999313354492,531400,257,2,0.37036876315905687,82.2393785430248
2016-05-26,19.049999237060547,19.270000457763672,18.56999969482422,18.780000686645508,18.780000686645508,479300,258,3,-1.4173152820383006,87.65434666705389
2016-05-27,18.850000381469727,19.440000534057617,18.809999465942383,19.149999618530273,19.149999618530273,472700,259,4,1.59150785670783,86.45600565574526
2016-05-31,19.15999984741211,19.68000030517578,18.979999542236328,19.510000228881836,19.510000228881836,486400,260,1,1.8267243437217529,86.54711089956349
2016-06-01,19.440000534057617,19.700000762939453,19.09000015258789,19.6200008392334,19.6200008392334,366400,261,2,0.9259274703230291,88.22224435689475
2016-06-02,19.719999313354492,19.969999313354492,19.479999542236328,19.739999771118164,19.739999771118164,398900,262,3,0.10142220314444117,88.3002396187321
2016-06-03,19.739999771118164,19.860000610351562,19.31999969482422,19.530000686645508,19.530000686645508,412700,263,4,-1.0638251616390981,80.16089245609513
2016-06-06,19.5,19.850000381469727,19.270000457763672,19.649999618530273,19.649999618530273,429800,264,0,0.7692288129757641,78.61274926489801
2016-06-07,19.540000915527344,19.739999771118164,19.200000762939453,19.600000381469727,19.600000381469727,501200,265,1,0.3070596884911403,76.96797817945232
2016-06-08,19.600000381469727,19.829999923706055,19.309999465942383,19.610000610351562,19.610000610351562,359000,266,2,0.05102157493470649,85.48394440376794
2016-06-09,19.110000610351562,19.81999969482422,19.110000610351562,19.610000610351562,19.610000610351562,391100,267,3,2.616431104293948,84.69395434292372
2016-06-10,19.350000381469727,19.670000076293945,19.0,19.389999389648438,19.389999389648438,452000,268,4,0.20671321648662033,75.72467248500898
2016-06-13,19.3700008392334,19.639999389648438,18.579999923706055,18.700000762939453,18.700000762939453,644700,269,0,-3.4589573942448104,54.81729974703822
2016-06-14,18.739999771118164,18.969999313354492,18.270000457763672,18.549999237060547,18.549999237060547,529100,270,1,-1.013876928378854,44.48526395434697
2016-06-15,18.690000534057617,18.93000030517578,18.280000686645508,18.56999969482422,18.56999969482422,274500,271,2,-0.6420590465726739,42.36641082443418
2016-06-16,18.450000762939453,18.610000610351562,18.219999313354492,18.520000457763672,18.520000457763672,317200,272,3,0.3794021242797374,44.75805490246748
2016-06-17,18.440000534057617,18.959999084472656,17.760000228881836,17.81999969482422,17.81999969482422,977400,273,4,-3.3622604190726157,26.334516432727938
2016-06-20,17.93000030517578,18.6200008392334,17.510000228881836,18.309999465942383,18.309999465942383,820300,274,0,2.119348322916137,29.59181422675141
2016-06-21,18.34000015258789,18.399999618530273,17.8700008392334,18.34000015258789,18.34000015258789,440900,275,1,0.0,27.622355469924912
2016-06-22,18.280000686645508,19.209999084472656,18.280000686645508,18.8799991607666,18.8799991607666,451800,276,2,3.282267240610248,36.890229719294
2016-06-23,19.100000381469727,19.15999984741211,18.610000610351562,19.1200008392334,19.1200008392334,497800,277,3,0.1047144364618724,43.806651400200764
2016-06-24,18.350000381469727,18.860000610351562,17.93000030517578,18.440000534057617,18.440000534057617,2080000,278,4,0.49046403660446547,34.36694798806897
2016-06-27,18.399999618530273,18.649999618530273,17.860000610351562,18.049999237060547,18.049999237060547,606800,279,0,-1.902176025684521,31.591456356424615
2016-06-28,18.350000381469727,19.139999389648438,18.25,19.059999465942383,19.059999465942383,425500,280,1,3.869204739579346,44.72168294623222
2016-06-29,19.290000915527344,19.940000534057617,19.1200008392334,19.850000381469727,19.850000381469727,572300,281,2,2.9030556732198676,51.99999618530638
2016-06-30,19.959999084472656,20.3799991607666,19.399999618530273,20.3700008392334,20.3700008392334,972400,282,3,2.0541171020378,57.777783160062455
2016-07-01,20.450000762939453,20.690000534057617,20.190000534057617,20.639999389648438,20.639999389648438,323500,283,4,0.9290886045017155,66.49657326288693
2016-07-05,20.68000030517578,20.799999237060547,20.280000686645508,20.549999237060547,20.549999237060547,360600,284,1,-0.6286318481470099,67.18212022319244
2016-07-06,20.6200008392334,21.639999389648438,20.510000228881836,21.579999923706055,21.579999923706055,595000,285,2,4.655669473330382,72.0351287068658
2016-07-07,21.809999465942383,21.959999084472656,20.530000686645508,20.600000381469727,20.600000381469727,936500,286,3,-5.547909739118251,63.40205438054584
2016-07-08,20.809999465942383,21.200000762939453,20.510000228881836,21.110000610351562,21.110000610351562,516600,287,4,1.441620144681699,71.73051116415738
2016-07-11,21.229999542236328,21.670000076293945,21.219999313354492,21.639999389648438,21.639999389648438,321300,288,0,1.9312287152735363,71.87909869911849
2016-07-12,21.860000610351562,21.940000534057617,21.43000030517578,21.600000381469727,21.600000381469727,476000,289,1,-1.1893880220603226,71.39107526141561
2016-07-13,21.59000015258789,21.889999389648438,21.520000457763672,21.649999618530273,21.649999618530273,343000,290,2,0.27790396256754946,69.4249652370382
2016-07-14,21.700000762939453,22.0,21.299999237060547,21.850000381469727,21.850000381469727,352100,291,3,0.6912424574032849,69.2524646225844
2016-07-15,22.020000457763672,22.1299991607666,21.0,21.84000015258789,21.84000015258789,328000,292,4,-0.817440061007435,76.47974749318837
2016-07-18,20.270000457763672,21.170000076293945,20.260000228881836,20.770000457763672,20.770000457763672,978500,293,0,2.466699500287839,69.15494229060263
2016-07-19,20.860000610351562,21.219999313354492,20.5,20.950000762939453,20.950000762939453,405400,294,1,0.4314484657456319,65.07178416231022
2016-07-20,21.100000381469727,21.100000381469727,20.34000015258789,20.649999618530273,20.649999618530273,444900,295,2,-2.1327049990702784,56.92041008664248
2016-07-21,20.729999542236328,21.100000381469727,20.65999984741211,21.0,21.0,465000,296,3,1.3024624395845175,55.614967080378946
2016-07-22,20.959999084472656,21.209999084472656,20.84000015258789,21.030000686645508,21.030000686645508,211100,297,4,0.3339771241913425,53.6312964250183
2016-07-25,21.030000686645508,21.600000381469727,20.780000686645508,21.5,21.5,447200,298,0,2.2348991821619535,58.26087619947351
2016-07-26,21.389999389648438,21.649999618530273,21.09000015258789,21.3700008392334,21.3700008392334,240300,299,1,-0.09349486201817303,47.83506030369719
2016-07-27,21.469999313354492,22.219999313354492,21.06999969482422,22.06999969482422,22.06999969482422,370600,300,2,2.7945989783824565,66.0831512586629
2016-07-28,22.049999237060547,22.700000762939453,21.719999313354492,22.530000686645508,22.530000686645508,500300,301,3,2.176877397701671,65.70797048334845
2016-07-29,22.489999771118164,22.690000534057617,21.8799991607666,22.219999313354492,22.219999313354492,742400,302,4,-1.2005356181035154,56.74418336446451
2016-08-01,22.18000030517578,22.579999923706055,21.809999465942383,22.219999313354492,22.219999313354492,668900,303,0,0.18033817686367026,57.27697911946802
2016-08-02,22.219999313354492,22.59000015258789,21.940000534057617,22.260000228881836,22.260000228881836,577800,304,1,0.18002212764831604,57.176471327414724
2016-08-03,23.979999542236328,24.0,22.1299991607666,22.920000076293945,22.920000076293945,1126600,305,2,-4.420348149195707,61.3588008089421
2016-08-04,23.440000534057617,23.5,22.290000915527344,22.31999969482422,22.31999969482422,655600,306,3,-4.778160468068549,54.52829496085979
2016-08-05,22.510000228881836,23.219999313354492,22.260000228881836,23.110000610351562,23.110000610351562,420200,307,4,2.6654836755616085,73.30675459207092
2016-08-08,23.06999969482422,23.399999618530273,22.90999984741211,23.200000762939453,23.200000762939453,456800,308,0,0.5635070213910742,72.81945354700778
2016-08-09,22.959999084472656,23.420000076293945,22.75,23.18000030517578,23.18000030517578,335700,309,1,0.9581935081691917,77.20428837285235
2016-08-10,23.290000915527344,23.329999923706055,22.56999969482422,22.729999542236328,22.729999542236328,287200,310,2,-2.404471237773398,68.21050687247276
2016-08-11,22.780000686645508,23.479999542236328,22.530000686645508,23.350000381469727,23.350000381469727,488200,311,3,2.502193492726157,71.72282744579776
2016-08-12,23.280000686645508,23.309999465942383,22.579999923706055,22.68000030517578,22.68000030517578,547800,312,4,-2.5773211502262305,60.6498131557366
2016-08-15,22.690000534057617,23.030000686645508,22.579999923706055,22.700000762939453,22.700000762939453,301100,313,0,0.04407328623383666,62.24676286765158
2016-08-16,22.600000381469727,22.809999465942383,22.260000228881836,22.299999237060547,22.299999237060547,361300,314,1,-1.3274386696699225,52.24170713733854
2016-08-17,22.459999084472656,22.940000534057617,22.030000686645508,22.110000610351562,22.110000610351562,308000,315,2,-1.5583191824930176,45.679017190840185
2016-08-18,22.049999237060547,22.18000030517578,21.68000030517578,22.09000015258789,22.09000015258789,689400,316,3,0.18141005401992594,48.577691393026456
2016-08-19,22.09000015258789,22.68000030517578,21.8799991607666,22.1299991607666,22.1299991607666,689100,317,4,0.18107291943147974,49.02386045337757
2016-08-22,22.280000686645508,22.469999313354492,22.09000015258789,22.239999771118164,22.239999771118164,593300,318,0,-0.17953731730053768,49.78632008379285
2016-08-23,22.280000686645508,22.84000015258789,22.18000030517578,22.75,22.75,337900,319,1,2.1095121134184103,48.12362133146275
2016-08-24,22.809999465942383,23.18000030517578,21.729999542236328,21.860000610351562,21.860000610351562,472200,320,2,-4.164835062838401,45.22822873921182
2016-08-25,21.860000610351562,22.25,20.920000076293945,21.350000381469727,21.350000381469727,663100,321,3,-2.333029344200155,30.616749619475783
2016-08-26,21.459999084472656,22.110000610351562,21.3700008392334,22.06999969482422,22.06999969482422,521500,322,4,2.8425006354866333,39.07156059426615
2016-08-29,22.09000015258789,22.09000015258789,21.469999313354492,21.829999923706055,21.829999923706055,287600,323,0,-1.1770041968577227,37.476808380158914
2016-08-30,21.780000686645508,22.139999389648438,21.639999389648438,21.8700008392334,21.8700008392334,334500,324,1,0.41322382805559776,41.36547738279671
2016-08-31,21.899999618530273,21.969999313354492,21.170000076293945,21.3799991607666,21.3799991607666,365300,325,2,-2.374431355348894,29.69071864929893
2016-09-01,21.469999313354492,22.1200008392334,21.3700008392334,22.030000686645508,22.030000686645508,490600,326,3,2.6082971178424286,43.27123068909727
2016-09-02,22.09000015258789,22.09000015258789,21.700000762939453,21.969999313354492,21.969999313354492,315100,327,4,-0.5432360271819148,42.50512574976941
2016-09-06,22.110000610351562,22.600000381469727,21.799999237060547,22.190000534057617,22.190000534057617,492800,328,1,0.3618268724452145,48.82730702550273
2016-09-07,22.190000534057617,22.6299991607666,22.020000457763672,22.510000228881836,22.510000228881836,409500,329,2,1.4420896220037394,54.149368973012635
2016-09-08,22.59000015258789,22.780000686645508,22.3799991607666,22.649999618530273,22.649999618530273,566700,330,3,0.2656018837410734,55.66800579926138
2016-09-09,22.489999771118164,22.59000015258789,21.700000762939453,21.700000762939453,21.700000762939453,643900,331,4,-3.512667924493418,46.32480265476656
2016-09-12,21.510000228881836,22.579999923706055,20.799999237060547,22.549999237060547,22.549999237060547,607000,332,0,4.8349558210710075,52.35204377117728
2016-09-13,22.59000015258789,22.75,21.84000015258789,22.18000030517578,22.18000030517578,521800,333,1,-1.8149616850053008,45.58139823719607
2016-09-14,22.34000015258789,22.68000030517578,22.229999542236328,22.56999969482422,22.56999969482422,558600,334,2,1.0295413637662065,55.966378096075225
2016-09-15,22.649999618530273,24.209999084472656,22.549999237060547,24.200000762939453,24.200000762939453,1114700,335,3,6.843272276000856,70.15558511750424
2016-09-16,24.399999618530273,25.479999542236328,24.1200008392334,25.09000015258789,25.09000015258789,3535800,336,4,2.8278710854307,70.85635191733279
2016-09-19,25.469999313354492,26.299999237060547,24.829999923706055,24.90999984741211,24.90999984741211,1281200,337,0,-2.198663058654904,71.44846082591359
2016-09-20,25.139999389648438,26.079999923706055,25.0,25.34000015258789,25.34000015258789,652200,338,1,0.7955480023671191,72.91940937210953
2016-09-21,25.34000015258789,26.139999389648438,25.34000015258789,26.110000610351562,26.110000610351562,694500,339,2,3.0386758213378773,80.12739630402018
2016-09-22,26.18000030517578,26.360000610351562,25.670000076293945,26.020000457763672,26.020000457763672,736100,340,3,-0.6111529623644696,77.366257297441
2016-09-23,26.020000457763672,26.229999542236328,25.639999389648438,26.170000076293945,26.170000076293945,511200,341,4,0.5764781548476705,78.45530031189556
2016-09-26,26.170000076293945,26.299999237060547,25.700000762939453,25.860000610351562,25.860000610351562,486600,342,0,-1.184560431939763,74.5649416853976
2016-09-27,25.8799991607666,26.639999389648438,25.760000228881836,26.579999923706055,26.579999923706055,627900,343,1,2.704794380367037,75.85770152471653
2016-09-28,26.579999923706055,26.84000015258789,26.0,26.68000030517578,26.68000030517578,561400,344,2,0.37622416010820725,75.7343722176873
2016-09-29,26.559999465942383,26.68000030517578,24.31999969482422,24.6299991607666,24.6299991607666,757300,345,3,-7.266567560178605,66.40536911260855
2016-09-30,24.729999542236328,25.079999923706055,24.5,24.729999542236328,24.729999542236328,436700,346,4,0.0,63.32518474233073
2016-10-03,24.43000030517578,24.43000030517578,22.690000534057617,23.75,23.75,1051000,347,0,-2.7834641697966567,58.930600291809114
2016-10-04,23.639999389648438,24.010000228881836,23.350000381469727,23.520000457763672,23.520000457763672,494000,348,1,-0.5076097080497832,55.50405935898065
2016-10-05,23.520000457763672,24.360000610351562,23.520000457763672,24.18000030517578,24.18000030517578,496900,349,2,2.8061217456067267,49.86944870651382
2016-10-06,24.1200008392334,24.209999084472656,23.43000030517578,23.84000015258789,23.84000015258789,600800,350,3,-1.16086516128997,41.20956474898114
2016-10-07,23.8700008392334,23.989999771118164,23.3799991607666,23.780000686645508,23.780000686645508,504000,351,4,-0.37704293851538173,41.91703005888768
2016-10-10,24.040000915527344,24.860000610351562,24.020000457763672,24.690000534057617,24.690000534057617,425400,352,0,2.7038252652912487,45.649265874976486
2016-10-11,26.15999984741211,26.190000534057617,22.510000228881836,23.0,23.0,2454400,353,1,-12.079510190535093,31.466026003597364
2016-10-12,22.760000228881836,23.239999771118164,21.440000534057617,21.540000915527344,21.540000915527344,1356700,354,2,-5.360278124278517,27.049178726023783
2016-10-13,21.079999923706055,22.280000686645508,21.0,21.959999084472656,21.959999084472656,1025900,355,3,4.174569088954194,29.0129496271541
2016-10-14,22.020000457763672,22.170000076293945,20.6200008392334,20.809999465942383,20.809999465942383,1031800,356,4,-5.495008931276724,26.77091754022497
2016-10-17,20.719999313354492,21.239999771118164,20.639999389648438,20.690000534057617,20.690000534057617,583100,357,0,-0.14478175816126093,21.32423897321837
2016-10-18,20.860000610351562,21.110000610351562,20.459999084472656,20.6200008392334,20.6200008392334,563200,358,1,-1.1505261941318734,20.41014717323928
2016-10-19,20.709999084472656,20.989999771118164,20.559999465942383,20.709999084472656,20.709999084472656,463600,359,2,0.0,26.3284821062675
2016-10-20,20.600000381469727,21.06999969482422,20.459999084472656,20.8799991607666,20.8799991607666,341600,360,3,1.3592173500576399,26.946085489038893
2016-10-21,20.799999237060547,21.1200008392334,20.450000762939453,20.829999923706055,20.829999923706055,264800,361,4,0.14423407570156588,30.32342959113035
2016-10-24,21.049999237060547,21.200000762939453,20.6299991607666,20.649999618530273,20.649999618530273,308200,362,0,-1.9002357863559194,30.52914868766787
2016-10-25,20.649999618530273,21.290000915527344,20.530000686645508,21.049999237060547,21.049999237060547,282700,363,1,1.9370441933148186,27.98871900085952
2016-10-26,21.049999237060547,21.25,20.399999618530273,20.649999618530273,20.649999618530273,306000,364,2,-1.9002357863559194,27.75450561710774
2016-10-27,20.75,21.049999237060547,20.25,20.350000381469727,20.350000381469727,341900,365,3,-1.9277090049651724,26.85557417431795
2016-10-28,20.200000762939453,20.700000762939453,19.90999984741211,20.600000381469727,20.600000381469727,404800,366,4,1.9801960565474008,19.703668330064943
2016-10-31,20.450000762939453,20.799999237060547,19.700000762939453,19.799999237060547,19.799999237060547,612900,367,0,-3.1784914505082695,22.696206519885266
2016-11-01,19.899999618530273,20.399999618530273,19.799999237060547,20.200000762939453,20.200000762939453,404500,368,1,1.507543468140704,36.04165176549126
2016-11-02,20.200000762939453,20.5,19.729999542236328,19.75,19.75,259300,369,2,-2.2277264650655937,27.12215329086881
2016-11-03,19.799999237060547,20.049999237060547,18.0,18.100000381469727,18.100000381469727,839900,370,3,-8.585853136846877,24.5778602904181
2016-11-04,17.950000762939453,18.0,17.25,17.850000381469727,17.850000381469727,979200,371,4,-0.5571051655674175,23.992668234465583
2016-11-07,18.299999237060547,18.850000381469727,18.25,18.700000762939453,18.700000762939453,705400,372,0,2.185800778990399,34.61538343975056
2016-11-08,18.399999618530273,19.149999618530273,18.25,18.950000762939453,18.950000762939453,494600,373,1,2.9891367163686455,36.250016391273405
2016-11-09,19.850000381469727,21.5,19.549999237060547,20.25,20.25,1186300,374,2,2.0151113896384576,45.816739021791136
2016-11-10,20.600000381469727,21.200000762939453,19.950000762939453,20.5,20.5,809900,375,3,-0.48543873600934706,47.86546014345332
2016-11-11,20.350000381469727,22.049999237060547,20.329999923706055,21.600000381469727,21.600000381469727,1268500,376,4,6.142506027362149,55.49133292114029
2016-11-14,21.600000381469727,23.950000762939453,21.299999237060547,23.899999618530273,23.899999618530273,1091900,377,0,10.648144427968042,63.5071093474717
2016-11-15,23.850000381469727,24.549999237060547,23.299999237060547,24.0,24.0,671000,378,1,0.6289292080968512,66.34146223459715
2016-11-16,23.950000762939453,24.100000381469727,23.299999237060547,23.6299991607666,23.6299991607666,459100,379,2,-1.336123557323754,65.8914615497498
2016-11-17,23.5,24.75,23.5,24.700000762939453,24.700000762939453,421600,380,3,5.106386225274262,68.40214766672642
2016-11-18,24.700000762939453,24.700000762939453,22.100000381469727,22.25,22.25,1203900,381,4,-9.91903112252328,59.57779459279538
2016-11-21,22.100000381469727,22.299999237060547,21.200000762939453,22.25,22.25,523600,382,0,0.6787312938512091,58.272795427290625
2016-11-22,22.0,22.049999237060547,20.700000762939453,21.299999237060547,21.299999237060547,505600,383,1,-3.181821649724792,56.01240826898315
2016-11-23,20.899999618530273,22.25,20.600000381469727,22.25,22.25,364900,384,2,6.459332086651304,67.02214166541361
2016-11-25,22.5,22.790000915527344,21.75,22.700000762939453,22.700000762939453,210900,385,4,0.8888922797309018,69.57222913851763
2016-11-28,22.549999237060547,22.799999237060547,21.399999618530273,21.649999618530273,21.649999618530273,508500,386,0,-3.9911292637701656,61.715637327598266
2016-11-29,21.700000762939453,22.579999923706055,21.200000762939453,22.25,22.25,568600,387,1,2.5345586070202764,62.75115008350174
2016-11-30,22.25,22.450000762939453,21.040000915527344,21.549999237060547,21.549999237060547,411100,388,2,-3.1460708446717,55.26741660146548
2016-12-01,21.600000381469727,21.600000381469727,20.549999237060547,21.149999618530273,21.149999618530273,515500,389,3,-2.0833368286673815,52.60207859646101
2016-12-02,21.25,21.799999237060547,20.700000762939453,21.799999237060547,21.799999237060547,276600,390,4,2.5882317038143476,50.83055957364128
2016-12-05,21.649999618530273,22.299999237060547,21.5,22.200000762939453,22.200000762939453,312300,391,0,2.5404210351044565,41.61737002436852
2016-12-06,22.450000762939453,22.950000762939453,21.799999237060547,22.950000762939453,22.950000762939453,416900,392,1,2.227171416516849,45.13439107722157
2016-12-07,22.5,22.850000381469727,21.850000381469727,22.450000762939453,22.450000762939453,610700,393,2,-0.22221883138020537,44.597080745591136
2016-12-08,22.299999237060547,22.399999618530273,21.600000381469727,22.299999237060547,22.299999237060547,392000,394,3,0.0,38.00000152587774
2016-12-09,22.5,23.200000762939453,22.450000762939453,23.0,23.0,649800,395,4,2.2222222222222143,54.54545034193527
2016-12-12,22.850000381469727,23.5,22.850000381469727,23.200000762939453,23.200000762939453,461900,396,0,1.5317303090881307,55.621300706643744
2016-12-13,23.5,24.5,23.0,23.149999618530273,23.149999618530273,477300,397,1,-1.4893633254030925,62.251643917876486
2016-12-14,23.200000762939453,23.200000762939453,22.25,22.799999237060547,22.799999237060547,336000,398,2,-1.7241444513996895,53.956824265616774
2016-12-15,22.850000381469727,23.75,22.700000762939453,23.649999618530273,23.649999618530273,412600,399,3,3.501090694551179,56.4625702052746
2016-12-16,23.850000381469727,24.399999618530273,23.700000762939453,23.75,23.75,1278200,400,4,-0.4192888044874943,66.40623440036454
2016-12-19,23.950000762939453,27.100000381469727,23.950000762939453,25.649999618530273,25.649999618530273,1277300,401,0,7.098116081154449,72.07790100670766
2016-12-20,25.75,27.049999237060547,25.649999618530273,26.100000381469727,26.100000381469727,735300,402,1,1.3592247824067094,80.53689385089257
2016-12-21,26.25,26.399999618530273,25.299999237060547,25.450000762939453,25.450000762939453,413000,403,2,-3.0476161411830405,77.92206183718143
2016-12-22,25.350000381469727,25.600000381469727,24.25,24.899999618530273,24.899999618530273,598300,404,3,-1.7751509119044995,70.39471785449605
2016-12-23,24.950000762939453,25.639999389648438,24.799999237060547,25.600000381469727,25.600000381469727,267800,405,4,2.605208812240911,71.51896518464204
2016-12-27,25.649999618530273,25.950000762939453,25.399999618530273,25.700000762939453,25.700000762939453,250100,406,1,0.19493623841249086,68.96549728341223
2016-12-28,25.850000381469727,25.899999618530273,25.0,25.049999237060547,25.049999237060547,235200,407,2,-3.094781944307634,67.56753552303559
2016-12-29,25.049999237060547,25.450000762939453,25.030000686645508,25.350000381469727,25.350000381469727,249300,408,3,1.1976093953940614,70.19865960283238
2016-12-30,25.549999237060547,25.8799991607666,25.200000762939453,25.25,25.25,351000,409,4,-1.1741653464529045,66.18703081338577
2017-01-03,25.450000762939453,26.149999618530273,25.25,25.950000762939453,25.950000762939453,398600,410,1,1.9646364833438623,68.45635504806769
2017-01-04,25.899999618530273,27.399999618530273,25.899999618530273,27.299999237060547,27.299999237060547,704000,411,2,5.40540401216314,73.71426802655813
2017-01-05,27.299999237060547,27.5,26.850000381469727,27.100000381469727,27.100000381469727,484500,412,3,-0.7325965610992302,74.99999445538458
2017-01-06,27.299999237060547,27.329999923706055,26.799999237060547,26.899999618530273,26.899999618530273,292800,413,4,-1.4652001088236721,70.44023980276826
2017-01-09,27.149999618530273,27.149999618530273,26.5,26.600000381469727,26.600000381469727,526500,414,0,-2.025779907139169,67.4846575514943
2017-01-10,26.649999618530273,27.0,26.0,26.100000381469727,26.100000381469727,719400,415,1,-2.06378703539688,53.33333710093344
2017-01-11,25.950000762939453,26.200000762939453,24.399999618530273,25.200000762939453,25.200000762939453,736500,416,2,-2.890173325432477,43.750004967051886
2017-01-12,25.0,25.399999618530273,24.479999542236328,24.899999618530273,24.899999618530273,509200,417,3,-0.40000152587890137,45.9853955657652
2017-01-13,24.950000762939453,25.440000534057617,24.850000381469727,25.100000381469727,25.100000381469727,349300,418,4,0.6012008574888705,51.538466504336725
2017-01-17,24.799999237060547,24.899999618530273,23.100000381469727,23.799999237060547,23.799999237060547,568100,419,1,-4.032258188563265,37.323943094421494
2017-01-18,24.0,24.200000762939453,23.6299991607666,24.100000381469727,24.100000381469727,272200,420,2,0.4166682561238533,39.04110072230983
2017-01-19,23.850000381469727,24.25,23.450000762939453,23.5,23.5,494100,421,3,-1.4675068170718286,39.3103557137558
2017-01-20,23.549999237060547,23.799999237060547,23.100000381469727,23.450000762939453,23.450000762939453,340800,422,4,-0.4246219845465027,36.42857785127426
2017-01-23,23.450000762939453,25.299999237060547,23.399999618530273,24.700000762939453,24.700000762939453,625000,423,0,5.3304902316912095,46.62577218351358
2017-01-24,24.600000381469727,24.899999618530273,23.700000762939453,24.8799991607666,24.8799991607666,423300,424,1,1.138206402255948,42.98819318569003
2017-01-25,25.0,26.100000381469727,24.899999618530273,25.899999618530273,25.899999618530273,474600,425,2,3.599998474121091,40.41096302017373
2017-01-26,25.899999618530273,26.299999237060547,25.729999542236328,26.0,26.0,324600,426,3,0.38610186464320684,42.36111129507599
2017-01-27,26.100000381469727,26.200000762939453,25.649999618530273,26.0,26.0,274000,427,4,-0.3831432184220329,43.57143304785781
2017-01-30,25.75,25.90999984741211,25.25,25.450000762939453,25.450000762939453,302400,428,0,-1.1650455808176585,42.068970234582764
2017-01-31,25.25,27.200000762939453,25.049999237060547,27.049999237060547,27.049999237060547,479000,429,1,7.128709849744741,55.688615641857055
2017-02-01,27.200000762939453,27.950000762939453,26.600000381469727,26.700000762939453,26.700000762939453,546900,430,2,-1.8382352425565407,59.615385555891926
2017-02-02,26.549999237060547,26.75,25.600000381469727,26.049999237060547,26.049999237060547,431800,431,3,-1.8832392254914287,57.05521271384831
2017-02-03,26.25,26.780000686645508,25.350000381469727,26.75,26.75,443100,432,4,1.904761904761898,59.537570469920006
2017-02-06,26.549999237060547,26.579999923706055,25.0,25.0,25.0,614700,433,0,-5.838038725428429,56.59341189095833
2017-02-07,25.100000381469727,25.299999237060547,24.5,24.649999618530273,24.649999618530273,412700,434,1,-1.7928316976109304,53.00546106360457
2017-02-08,24.549999237060547,25.25,24.049999237060547,25.200000762939453,25.200000762939453,371700,435,2,2.647664138814587,59.34066509886774
2017-02-09,25.200000762939453,25.75,25.0,25.75,25.75,376600,436,3,2.182536588925066,61.97916459706062
2017-02-10,25.75,26.0,25.549999237060547,25.799999237060547,25.799999237060547,347200,437,4,0.19417179440988086,56.54761174908913
2017-02-13,25.899999618530273,26.299999237060547,25.899999618530273,26.200000762939453,26.200000762939453,430700,438,0,1.1583055939295983,57.6566210769084
2017-02-14,26.299999237060547,26.649999618530273,26.0,26.399999618530273,26.399999618530273,364200,439,1,0.3802295983674764,53.205128518630644
2017-02-15,26.350000381469727,26.75,26.200000762939453,26.600000381469727,26.600000381469727,316600,440,2,0.9487665896802389,53.79747095216538
2017-02-16,26.549999237060547,26.75,25.600000381469727,26.200000762939453,26.200000762939453,363400,441,3,-1.3182617106539785,51.20482398387715
2017-02-17,26.149999618530273,26.450000762939453,25.649999618530273,26.100000381469727,26.100000381469727,363600,442,4,-0.19120167414884426,54.14012475760273
2017-02-21,26.299999237060547,26.799999237060547,25.399999618530273,25.850000381469727,25.850000381469727,445000,443,1,-1.7110223142391079,40.7692422810357
2017-02-22,25.75,26.030000686645508,25.030000686645508,25.100000381469727,25.100000381469727,302300,444,2,-2.524270363224368,38.405800106092755
2017-02-23,25.100000381469727,25.350000381469727,24.649999618530273,25.350000381469727,25.350000381469727,398000,445,3,0.9960159211175323,44.61539499858122
2017-02-24,24.950000762939453,25.549999237060547,24.950000762939453,25.299999237060547,25.299999237060547,231200,446,4,1.402799452579484,37.60683593482543
2017-02-27,25.350000381469727,26.809999465942383,25.149999618530273,26.649999618530273,26.649999618530273,478900,447,0,5.128202041412266,65.13760376233958
2017-02-28,26.600000381469727,26.850000381469727,25.549999237060547,25.700000762939453,25.700000762939453,457400,448,1,-3.3834571639977717,58.677693766880424
2017-03-01,26.100000381469727,26.75,24.920000076293945,26.0,26.0,648000,449,2,-0.3831432184220329,56.89654605425421
2017-03-02,26.100000381469727,28.0,26.049999237060547,27.399999618530273,27.399999618530273,1249600,450,3,4.9808399159392724,62.40601288105744
2017-03-03,27.5,29.549999237060547,27.5,28.75,28.75,1001000,451,4,4.545454545454541,68.5534621373339
2017-03-06,29.049999237060547,30.3700008392334,28.450000762939453,29.75,29.75,899900,452,0,2.40964124379881,70.7602313089856
2017-03-07,29.450000762939453,29.450000762939453,25.0,26.399999618530273,26.399999618530273,2946700,453,1,-10.356540120186919,50.0
2017-03-08,26.549999237060547,28.5,26.399999618530273,27.799999237060547,27.799999237060547,1021900,454,2,4.708098063728583,54.65115849254397
2017-03-09,27.850000381469727,28.079999923706055,27.049999237060547,27.350000381469727,27.350000381469727,594300,455,3,-1.7953321118540422,54.440153359680764
2017-03-10,27.350000381469727,27.450000762939453,26.0,26.350000381469727,26.350000381469727,893100,456,4,-3.6563070788018126,50.90252717524528
2017-03-13,26.25,28.0,26.239999771118164,27.549999237060547,27.549999237060547,714000,457,0,4.95237804594495,55.743240413219425
2017-03-14,27.5,27.600000381469727,26.850000381469727,27.350000381469727,27.350000381469727,317200,458,1,-0.5454531582919087,57.89473895551152
2017-03-15,27.399999618530273,28.649999618530273,27.200000762939453,28.5,28.5,725300,459,2,4.014599988263545,60.396041224425
2017-03-16,28.5,28.649999618530273,27.799999237060547,27.950000762939453,27.950000762939453,348500,460,3,-1.9298218844229664,58.46646185106246
2017-03-17,27.850000381469727,29.0,27.850000381469727,28.899999618530273,28.899999618530273,903500,461,4,3.7701946954340926,57.37705287098012
2017-03-20,28.899999618530273,29.950000762939453,28.729999542236328,29.899999618530273,29.899999618530273,631000,462,0,3.4602076581302654,63.72549227380113
2017-03-21,29.450000762939453,29.5,28.149999618530273,28.450000762939453,28.450000762939453,672800,463,1,-3.395585650572963,57.446813938005235
2017-03-22,28.5,28.75,28.049999237060547,28.450000762939453,28.450000762939453,305900,464,2,-0.17543591951069137,53.4883773981751
2017-03-23,28.350000381469727,28.549999237060547,27.799999237060547,28.399999618530273,28.399999618530273,512200,465,3,0.1763641495159396,48.72727081046536
2017-03-24,28.649999618530273,30.200000762939453,28.459999084472656,29.950000762939453,29.950000762939453,770000,466,4,4.537525869872483,50.69930359077836
2017-03-27,29.75,31.329999923706055,29.56999969482422,30.799999237060547,30.799999237060547,904400,467,0,3.529409200203526,68.64407642653188
2017-03-28,30.899999618530273,31.350000381469727,30.25,30.850000381469727,30.850000381469727,446300,468,1,-0.1618098306724991,64.5933138363881
2017-03-29,30.850000381469727,31.43000030517578,30.709999084472656,30.75,30.75,456600,469,2,-0.3241503411124502,66.8316870013391
2017-03-30,30.75,31.600000381469727,30.5,31.25,31.25,605000,470,3,1.6260162601626105,75.52084047347563
2017-03-31,31.299999237060547,32.0,30.920000076293945,31.299999237060547,31.299999237060547,679200,471,4,0.0,72.18935712621823
2017-04-03,31.799999237060547,31.899999618530273,30.75,31.25,31.25,730000,472,0,-1.729557390742209,73.49398116412189
2017-04-04,31.450000762939453,31.950000762939453,30.700000762939453,30.899999618530273,30.899999618530273,684800,473,1,-1.748811227557423,66.0000015258793
2017-04-05,30.950000762939453,31.350000381469727,29.959999084472656,30.149999618530273,30.149999618530273,664500,474,2,-2.584817850366994,64.28570897769319
2017-04-06,30.600000381469727,30.700000762939453,29.549999237060547,30.200000762939453,30.200000762939453,524600,475,3,-1.3071882795547274,59.558830335477325
2017-04-07,30.0,31.399999618530273,29.860000610351562,31.200000762939453,31.200000762939453,600900,476,4,4.000002543131509,59.558830335477325
2017-04-10,31.149999618530273,31.600000381469727,30.790000915527344,31.299999237060547,31.299999237060547,417500,477,0,0.4815397122542642,76.14677133167913
2017-04-11,31.200000762939453,31.5,31.0,31.18000030517578,31.18000030517578,320300,478,1,-0.06410402972627516,74.50628089596765
2017-04-12,31.200000762939453,31.5,30.799999237060547,31.350000381469727,31.350000381469727,279200,479,2,0.4807679963535483,75.92268431394766
2017-04-13,31.25,31.75,30.899999618530273,31.049999237060547,31.049999237060547,253400,480,3,-0.6400024414062511,62.387374035478416
2017-04-17,31.049999237060547,31.299999237060547,30.760000228881836,31.25,31.25,288400,481,0,0.644124856211703,55.9366840928169
2017-04-18,31.25,32.5,31.049999237060547,31.850000381469727,31.850000381469727,549200,482,1,1.920001220703127,61.52073692213711
2017-04-19,32.04999923706055,32.650001525878906,31.850000381469727,32.45000076293945,32.45000076293945,659400,483,2,1.248054712639024,67.56199079901353
2017-04-20,32.650001525878906,33.150001525878906,32.04999923706055,32.75,32.75,294100,484,3,0.3062740258735763,66.16379522965468
2017-04-21,32.70000076293945,33.04999923706055,31.739999771118164,32.150001525878906,32.150001525878906,366400,485,4,-1.6819548141536744,58.18884887988257
2017-04-24,32.54999923706055,32.95000076293945,32.099998474121094,32.400001525878906,32.400001525878906,380600,486,0,-0.46082247218874883,60.66791888777853
2017-04-25,32.599998474121094,33.029998779296875,32.349998474121094,32.95000076293945,32.95000076293945,457300,487,1,1.0736267030693414,68.33633084013104
2017-04-26,33.0,33.650001525878906,32.849998474121094,33.25,33.25,462200,488,2,0.7575757575757569,80.15566050513593
2017-04-27,33.349998474121094,33.349998474121094,32.650001525878906,33.20000076293945,33.20000076293945,352800,489,3,-0.4497682699986849,79.182904501124
2017-04-28,33.29999923706055,33.29999923706055,32.099998474121094,32.599998474121094,32.599998474121094,378100,490,4,-2.102104441373087,64.76791500142448
2017-05-01,32.54999923706055,33.779998779296875,32.54999923706055,33.650001525878906,33.650001525878906,517200,491,0,3.3794233935524165,70.65027487262
2017-05-02,33.79999923706055,34.04999923706055,32.79999923706055,33.25,33.25,408500,492,1,-1.6272167144237404,67.33666623855193
2017-05-03,33.29999923706055,33.41999816894531,32.29999923706055,32.75,32.75,480500,493,2,-1.6516493983832814,61.111099337363385
2017-05-04,32.70000076293945,32.849998474121094,32.150001525878906,32.25,32.25,355600,494,3,-1.3761490900313977,59.230769682212426
2017-05-05,32.5,32.5,31.950000762939453,32.04999923706055,32.04999923706055,617200,495,4,-1.384617732121396,56.15383667353899
2017-05-08,31.75,32.54999923706055,31.010000228881836,31.899999618530273,31.899999618530273,767200,496,0,0.4724397434024308,50.41321662677525
2017-05-09,31.899999618530273,33.0,31.40999984741211,32.900001525878906,32.900001525878906,1011400,497,1,3.134802254880742,53.48837553154368
2017-05-10,30.950000762939453,32.400001525878906,29.950000762939453,31.899999618530273,31.899999618530273,1471100,498,2,3.0694631087970103,44.0559474137846
2017-05-11,32.0,34.20000076293945,32.0,33.400001525878906,33.400001525878906,645900,499,3,4.375004768371582,57.76396485365324
2017-05-12,33.400001525878906,33.650001525878906,32.849998474121094,33.25,33.25,432600,500,4,-0.4491063443894827,55.34589414447267
2017-05-15,33.400001525878906,33.70000076293945,32.650001525878906,32.650001525878906,32.650001525878906,400600,501,0,-2.2455088794498645,48.12500745056994
2017-05-16,32.79999923706055,33.54999923706055,32.5,33.54999923706055,33.54999923706055,418100,502,1,2.286585419040432,51.744179599288685
2017-05-17,32.900001525878906,33.22999954223633,32.650001525878906,32.95000076293945,32.95000076293945,461300,503,2,0.1519733578772664,48.63388114832695
2017-05-18,32.900001525878906,33.900001525878906,32.79999923706055,33.650001525878906,33.650001525878906,409100,504,3,2.279635152630788,55.67568749036017
2017-05-19,33.75,34.130001068115234,33.310001373291016,33.70000076293945,33.70000076293945,610200,505,4,-0.14814588758680358,50.303025539039595
2017-05-22,33.849998474121094,34.349998474121094,33.70000076293945,34.150001525878906,34.150001525878906,568700,506,0,0.8862719801514096,55.42169394557211
2017-05-23,34.349998474121094,34.599998474121094,33.849998474121094,34.54999923706055,34.54999923706055,416200,507,1,0.5822438772162819,60.97560408284219
2017-05-24,34.5,34.95000076293945,34.0,34.54999923706055,34.54999923706055,532200,508,2,0.1449253248131832,64.93505850110157
2017-05-25,34.75,35.349998474121094,34.150001525878906,34.150001525878906,34.150001525878906,474600,509,3,-1.7266143140175383,63.29115757746373
2017-05-26,34.349998474121094,36.04999923706055,34.349998474121094,35.75,35.75,821500,510,4,4.075696035135645,70.58824489386264
2017-05-30,36.0,36.400001525878906,34.900001525878906,35.400001525878906,35.400001525878906,707300,511,1,-1.6666624281141518,64.36782743172893
2017-05-31,36.54999923706055,38.599998474121094,35.849998474121094,37.599998474121094,37.599998474121094,1910200,512,2,2.872774990364113,78.78790739522334
2017-06-01,38.400001525878906,39.20000076293945,37.849998474121094,38.75,38.75,1468000,513,3,0.911454323472416,78.01049901896246
2017-06-02,39.20000076293945,40.20000076293945,38.70000076293945,40.04999923706055,40.04999923706055,1068800,514,4,2.1683634121882456,81.77574041769921
2017-06-05,40.20000076293945,41.20000076293945,38.54999923706055,39.04999923706055,39.04999923706055,786300,515,0,-2.8607002588395436,78.82885220436492
2017-06-06,38.849998474121094,39.97999954223633,38.619998931884766,39.650001525878906,39.650001525878906,411300,516,1,2.0592099953123943,78.24077328212216
2017-06-07,39.75,40.849998474121094,39.599998474121094,40.45000076293945,40.45000076293945,578300,517,2,1.7610082086527035,84.09093273574325
2017-06-08,40.45000076293945,41.150001525878906,39.66999816894531,41.04999923706055,41.04999923706055,554600,518,3,1.4833089315311465,83.94497451674916
2017-06-09,41.0,41.349998474121094,38.29999923706055,38.849998474121094,38.849998474121094,797100,519,4,-5.243906160680256,69.73180468620514
2017-06-12,38.849998474121094,39.150001525878906,37.900001525878906,38.54999923706055,38.54999923706055,616300,520,0,-0.7721988387216605,67.0542678067396
2017-06-13,38.70000076293945,39.22999954223633,38.5,38.599998474121094,38.599998474121094,340300,521,1,-0.2584038419816359,66.13546591770887
2017-06-14,38.75,38.95000076293945,37.75,38.849998474121094,38.849998474121094,504100,522,2,0.25806057837700624,66.79688303266246
2017-06-15,38.29999923706055,39.25,38.04999923706055,39.150001525878906,39.150001525878906,444500,523,3,2.2193271690613026,69.68504410031395
2017-06-16,38.849998474121094,39.25,38.20000076293945,38.650001525878906,38.650001525878906,1266100,524,4,-0.5147926797871349,62.5000082213314
2017-06-19,39.0,40.25,38.45000076293945,40.25,40.25,848200,525,0,3.205128205128216,68.87159163438275
2017-06-20,40.349998474121094,41.5,39.95000076293945,41.400001525878906,41.400001525878906,734100,526,1,2.60223814489422,66.10170368215175
2017-06-21,41.400001525878906,42.849998474121094,41.400001525878906,42.75,42.75,606300,527,2,3.2608657593338863,66.66666666666666
2017-06-22,42.599998474121094,43.650001525878906,42.599998474121094,43.650001525878906,43.650001525878906,543700,528,3,2.464795984431012,65.51724818316858
2017-06-23,43.849998474121094,44.95000076293945,43.400001525878906,44.150001525878906,44.150001525878906,686200,529,4,0.6841574964588926,72.9729785459408
2017-06-26,44.349998474121094,44.529998779296875,43.45000076293945,44.099998474121094,44.099998474121094,309600,530,0,-0.563697877342384,71.09002682942703
2017-06-27,43.849998474121094,43.849998474121094,41.5099983215332,41.849998474121094,41.849998474121094,733500,531,1,-4.561003579464973,55.833321942227066
2017-06-28,42.849998474121094,43.75,42.150001525878906,43.20000076293945,43.20000076293945,950900,532,2,0.816808171019523,58.43137348766044
2017-06-29,43.0,43.150001525878906,42.45000076293945,42.79999923706055,42.79999923706055,668500,533,3,-0.4651180533475685,68.03651934050032
2017-06-30,42.75,43.47999954223633,42.349998474121094,43.099998474121094,43.099998474121094,355300,534,4,0.8187098809850246,70.77623630063135
2017-07-03,43.25,43.70000076293945,42.79999923706055,43.599998474121094,43.599998474121094,181100,535,0,0.8092450268695872,71.92980694970359
2017-07-05,44.04999923706055,44.130001068115234,42.650001525878906,42.75,42.75,790000,536,2,-2.9511901465978263,66.24999602635954
2017-07-06,42.099998474121094,42.95000076293945,40.900001525878906,42.849998474121094,42.849998474121094,652000,537,3,1.7814727486534787,65.67794911583098
2017-07-07,43.04999923706055,43.22999954223633,42.79999923706055,43.150001525878906,43.150001525878906,452000,538,4,0.2322933579340658,69.39654151835394
2017-07-10,43.20000076293945,43.779998779296875,42.79999923706055,43.349998474121094,43.349998474121094,509400,539,0,0.3472169178994955,65.19606413176408
2017-07-11,43.20000076293945,44.349998474121094,43.20000076293945,44.04999923706055,44.04999923706055,491300,540,1,1.9675890257166317,63.58972653521943
2017-07-12,44.5,44.900001525878906,44.380001068115234,44.400001525878906,44.400001525878906,381100,541,2,-0.22471567218222965,59.42857192681717
2017-07-13,44.349998474121094,44.72999954223633,43.0,44.04999923706055,44.04999923706055,564000,542,3,-0.6764357325414583,52.43900793781864
2017-07-14,44.04999923706055,44.45000076293945,43.599998474121094,44.25,44.25,368400,543,4,0.45403125176717296,50.63290100147759
2017-07-17,42.79999923706055,43.2400016784668,40.209999084472656,41.95000076293945,41.95000076293945,1366900,544,0,-1.9859777786750077,39.4088838427173
2017-07-18,42.04999923706055,43.75,41.95000076293945,43.04999923706055,43.04999923706055,1012900,545,1,2.378121327333238,56.66666807951691
2017-07-19,43.599998474121094,44.0,42.900001525878906,43.54999923706055,43.54999923706055,785500,546,2,-0.1146771532348212,52.14722950056963
2017-07-20,43.45000076293945,43.66999816894531,41.79999923706055,42.29999923706055,42.29999923706055,526500,547,3,-2.646723833569631,47.22222222222222
2017-07-21,42.650001525878906,42.900001525878906,42.0,42.20000076293945,42.20000076293945,424100,548,4,-1.0551013993901126,44.88637619767416
2017-07-24,42.29999923706055,43.5,42.25,43.5,43.5,395300,549,0,2.8368812874305815,49.47917453116966
2017-07-25,43.45000076293945,43.900001525878906,42.75,42.79999923706055,42.79999923706055,410900,550,1,-1.4959758675846202,50.26454620647562
2017-07-26,42.75,42.810001373291016,41.79999923706055,42.20000076293945,42.20000076293945,363500,551,2,-1.2865479229486443,46.73368009376103
2017-07-27,42.25,43.0,41.0,41.099998474121094,41.099998474121094,513200,552,3,-2.7218971026719663,40.46510208484738
2017-07-28,40.900001525878906,41.349998474121094,40.77000045776367,41.0,41.0,579900,553,4,0.2444950376293331,38.96714489471795
2017-07-31,41.04999923706055,41.5,40.400001525878906,40.45000076293945,40.45000076293945,626300,554,0,-1.4616284659499046,32.857150123232884
2017-08-01,40.45000076293945,40.95000076293945,40.25,40.45000076293945,40.45000076293945,465400,555,1,0.0,30.541863775062836
2017-08-02,40.70000076293945,41.349998474121094,39.54999923706055,40.599998474121094,40.599998474121094,604100,556,2,-0.24570586472670852,32.66330078506141
2017-08-03,42.95000076293945,42.95000076293945,40.70000076293945,41.70000076293945,41.70000076293945,1060200,557,3,-2.910360833051706,38.24884565797583
2017-08-04,41.79999923706055,41.79999923706055,40.349998474121094,41.04999923706055,41.04999923706055,661600,558,4,-1.7942584059547961,45.10868573684219
2017-08-07,41.20000076293945,42.43000030517578,41.20000076293945,42.099998474121094,42.099998474121094,474600,559,0,2.1844604235813803,44.80873770176731
2017-08-08,42.150001525878906,42.45000076293945,41.45000076293945,41.70000076293945,41.70000076293945,358800,560,1,-1.0676174297720165,39.77900878518901
2017-08-09,41.45000076293945,41.75,40.75,41.20000076293945,41.20000076293945,397100,561,2,-0.6031362977043098,43.373499513281125
2017-08-10,41.0,42.099998474121094,40.25,40.349998474121094,40.349998474121094,487800,562,3,-1.5853695753144104,39.77899201779799
2017-08-11,40.70000076293945,41.75,40.0,41.400001525878906,41.400001525878906,794200,563,4,1.7199035622054826,38.068194625787
2017-08-14,41.650001525878906,42.849998474121094,41.29999923706055,42.70000076293945,42.70000076293945,513200,564,0,2.521006479214982,49.468093309103246
2017-08-15,42.95000076293945,44.43000030517578,42.349998474121094,44.29999923706055,44.29999923706055,749200,565,1,3.1431861470092803,60.09614502889999
2017-08-16,44.75,46.45000076293945,44.099998474121094,45.650001525878906,45.650001525878906,1128100,566,2,2.011176594142805,71.36151361434813
2017-08-17,45.900001525878906,46.349998474121094,43.5,43.5,43.5,812400,567,3,-5.228761320466968,59.842516137365095
2017-08-18,43.29999923706055,43.849998474121094,42.810001373291016,43.20000076293945,43.20000076293945,626100,568,4,-0.2309433623165158,61.04417264608753
2017-08-21,43.25,44.130001068115234,43.25,43.95000076293945,43.95000076293945,445800,569,0,1.6184988738484396,63.2575711599739
2017-08-22,44.099998474121094,46.54999923706055,44.099998474121094,46.29999923706055,46.29999923706055,650300,570,1,4.988664034150614,68.50648956569191
2017-08-23,46.0,46.150001525878906,44.900001525878906,45.0,45.0,575200,571,2,-2.1739130434782594,60.576919079768004
2017-08-24,45.29999923706055,46.02000045776367,44.349998474121094,45.0,45.0,458900,572,3,-0.6622499825896577,63.210704218595666
2017-08-25,45.150001525878906,45.20000076293945,43.900001525878906,43.95000076293945,43.95000076293945,578300,573,4,-2.657808908935788,56.187298309055784
2017-08-28,44.25,44.849998474121094,43.650001525878906,44.75,44.75,859300,574,0,1.1299435028248483,59.93484945367827
2017-08-29,44.099998474121094,44.40999984741211,43.099998474121094,43.75,43.75,633000,575,1,-0.7936473610684613,58.044160469489285
2017-08-30,43.79999923706055,44.599998474121094,43.54999923706055,43.54999923706055,43.54999923706055,488200,576,2,-0.5707762656499527,60.52631777079142
2017-08-31,43.70000076293945,46.400001525878906,43.650001525878906,45.79999923706055,45.79999923706055,835200,577,3,4.805488415235981,63.414629040410446
2017-09-01,46.0,47.5,45.75,47.400001525878906,47.400001525878906,787700,578,4,3.043481577997631,64.07185792880222
2017-09-05,47.099998474121094,47.75,46.5,47.04999923706055,47.04999923706055,455300,579,1,-0.10615549613662845,58.89967373854542
2017-09-06,47.25,47.900001525878906,45.900001525878906,46.75,46.75,484700,580,2,-1.0582010582010581,53.81943874153151
2017-09-07,46.849998474121094,48.04999923706055,45.849998474121094,47.79999923706055,47.79999923706055,834400,581,3,2.0277498268526317,66.1654115929517
2017-09-08,47.650001525878906,49.95000076293945,47.650001525878906,48.599998474121094,48.599998474121094,806000,582,4,1.9936976239680604,69.565210180156
2017-09-11,49.04999923706055,49.790000915527344,47.900001525878906,48.20000076293945,48.20000076293945,494500,583,0,-1.732922502226797,65.7992600903729
2017-09-12,48.29999923706055,48.5,47.79999923706055,48.349998474121094,48.349998474121094,361800,584,1,0.10351809078743557,59.111110809702836
2017-09-13,48.150001525878906,48.95000076293945,47.709999084472656,47.900001525878906,47.900001525878906,651600,585,2,-0.5192107831307857,63.942323210685856
2017-09-14,47.900001525878906,50.0,47.70000076293945,48.849998474121094,48.849998474121094,841800,586,3,1.9832921043414498,66.96035938174295
2017-09-15,48.650001525878906,49.18000030517578,46.900001525878906,49.04999923706055,49.04999923706055,1026000,587,4,0.8221946529001878,74.28572466585044
2017-09-18,49.25,50.04999923706055,48.880001068115234,49.650001525878906,49.650001525878906,650700,588,0,0.8121858393480341,73.78642574558847
2017-09-19,44.70000076293945,45.790000915527344,37.220001220703125,38.04999923706055,38.04999923706055,6101200,589,1,-14.876960654086592,36.36363304506509
2017-09-20,38.70000076293945,38.959999084472656,36.5,36.75,36.75,2358500,590,2,-5.03876156200711,34.54545359966167
2017-09-21,36.29999923706055,39.75,36.15999984741211,39.400001525878906,39.400001525878906,1555300,591,3,8.539951388355416,35.71428936355005
2017-09-22,39.349998474121094,39.630001068115234,38.79999923706055,39.0,39.0,670400,592,4,-0.889449778127116,30.18867279465482
2017-09-25,38.849998474121094,39.599998474121094,38.5,39.099998474121094,39.099998474121094,653100,593,0,0.6435006687748768,31.026244943703603
2017-09-26,39.04999923706055,39.099998474121094,37.54999923706055,37.70000076293945,37.70000076293945,528200,594,1,-3.4571024340504297,29.4784519693101
2017-09-27,37.95000076293945,39.349998474121094,37.459999084472656,39.04999923706055,39.04999923706055,627100,595,2,2.8985466456045827,30.425047909886402
2017-09-28,38.79999923706055,39.29999923706055,37.95000076293945,39.29999923706055,39.29999923706055,638500,596,3,1.2886598191538479,28.66971830899655
2017-09-29,39.45000076293945,40.20000076293945,39.349998474121094,40.0,40.0,843100,597,4,1.3941678743317976,31.447957591603256
2017-10-02,40.349998474121094,41.0,40.0,40.900001525878906,40.900001525878906,692900,598,0,1.3630807250477606,33.69803622376665
2017-10-03,41.0,41.20000076293945,39.900001525878906,41.099998474121094,41.099998474121094,594900,599,1,0.2438987173685181,34.95574444497332
2017-10-04,41.150001525878906,41.650001525878906,40.79999923706055,41.349998474121094,41.349998474121094,354500,600,2,0.48601929726883597,32.8767135218293
2017-10-05,41.400001525878906,41.849998474121094,40.95000076293945,41.75,41.75,583600,601,3,0.8454069111623275,33.484166332521085
2017-10-06,41.5,42.400001525878906,41.349998474121094,42.400001525878906,42.400001525878906,539100,602,4,2.168678375611832,33.634312639822
2017-10-09,42.20000076293945,42.45000076293945,40.95000076293945,41.150001525878906,41.150001525878906,437900,603,0,-2.4881498058707874,63.135603768015955
2017-10-10,41.45000076293945,41.45000076293945,40.709999084472656,41.099998474121094,41.099998474121094,305400,604,1,-0.8443963386637554,70.61610054888234
2017-10-11,41.150001525878906,41.70000076293945,41.04999923706055,41.20000076293945,41.20000076293945,334200,605,2,0.12150482431720899,61.24998986721522
2017-10-12,41.29999923706055,41.68000030517578,41.04999923706055,41.29999923706055,41.29999923706055,247500,606,3,0.0,64.93505850110157
2017-10-13,41.25,41.70000076293945,40.880001068115234,41.349998474121094,41.349998474121094,371300,607,4,0.24242054332386243,64.70587941968742
2017-10-16,41.599998474121094,42.150001525878906,40.849998474121094,41.20000076293945,41.20000076293945,332600,608,0,-0.9615329948400753,77.34374348074353
2017-10-17,41.25,41.25,40.75,41.04999923706055,41.04999923706055,249400,609,1,-0.48485033439867875,69.23075230165426
2017-10-18,41.349998474121094,41.54999923706055,40.79999923706055,41.25,41.25,236600,610,2,-0.24183428733057788,68.93202660952281
2017-10-19,41.650001525878906,42.79999923706055,40.36000061035156,42.599998474121094,42.599998474121094,703000,611,3,2.28090495423372,72.41376815597631
2017-10-20,42.849998474121094,43.25,41.79999923706055,41.849998474121094,41.849998474121094,420500,612,4,-2.33372237015117,58.40705036884399
2017-10-23,41.849998474121094,42.04999923706055,40.95000076293945,41.400001525878906,41.400001525878906,249400,613,0,-1.0752615642756869,52.542398086186274
2017-10-24,41.70000076293945,42.20000076293945,41.25,41.54999923706055,41.54999923706055,324800,614,1,-0.3597158828165248,51.72414473489495
2017-10-25,41.45000076293945,41.900001525878906,40.79999923706055,41.5,41.5,276900,615,2,0.12062541891495471,47.706420734046155
2017-10-26,41.349998474121094,41.400001525878906,39.630001068115234,39.849998474121094,39.849998474121094,413200,616,3,-3.6275696622788844,30.232525129699766
2017-10-27,39.849998474121094,41.45000076293945,39.70000076293945,41.25,41.25,373600,617,4,3.513178367592862,50.75756437303125
2017-10-30,41.25,41.849998474121094,40.20000076293945,40.900001525878906,40.900001525878906,313100,618,0,-0.8484811493844724,48.55074546990478
2017-10-31,41.04999923706055,41.900001525878906,40.5099983215332,41.599998474121094,41.599998474121094,330000,619,1,1.339827642588598,52.66665547687095
2017-11-01,41.650001525878906,42.0,40.75,41.95000076293945,41.95000076293945,495400,620,2,0.7202862570704793,54.19356235977897
2017-11-02,41.79999923706055,41.79999923706055,41.0,41.5,41.5,264800,621,3,-0.7177015371678808,50.9202554491704
2017-11-03,41.650001525878906,42.150001525878906,41.20000076293945,42.04999923706055,42.04999923706055,347100,622,4,0.9603786231150657,54.970753971971995
2017-11-06,42.25,43.150001525878906,41.0,41.099998474121094,41.099998474121094,642700,623,0,-2.7218971026719663,50.26737575197518
2017-11-07,38.0,38.0,33.29999923706055,36.400001525878906,36.400001525878906,2740900,624,1,-4.210522300318664,32.49096866382497
2017-11-08,37.79999923706055,38.0,35.91999816894531,36.900001525878906,36.900001525878906,727800,625,2,-2.3809463739333903,28.076921948313753
2017-11-09,36.5,36.880001068115234,35.95000076293945,36.54999923706055,36.54999923706055,545400,626,3,0.13698421112477988,28.968248081372977
2017-11-10,36.599998474121094,38.25,36.400001525878906,37.25,37.25,458200,627,4,1.7759605272620549,33.852132223063336
2017-11-13,37.0,38.25,36.54999923706055,37.79999923706055,37.79999923706055,441200,628,0,2.162160100163635,35.84905660377359
2017-11-14,37.599998474121094,37.650001525878906,36.650001525878906,37.20000076293945,37.20000076293945,545200,629,1,-1.063823743123149,34.4202917580144
2017-11-15,37.0,37.75,36.54999923706055,37.599998474121094,37.599998474121094,351700,630,2,1.6216174976245723,41.035853304015376
2017-11-16,37.75,38.400001525878906,37.25,37.900001525878906,37.900001525878906,456500,631,3,0.3973550354408051,35.37118180352272
2017-11-17,38.099998474121094,38.650001525878906,37.810001373291016,38.0,38.0,459700,632,4,-0.2624631971810065,37.05356108898737
2017-11-20,38.349998474121094,38.849998474121094,38.04999923706055,38.099998474121094,38.099998474121094,401800,633,0,-0.6518905083365278,33.49056366118862
2017-11-21,38.400001525878906,38.75,37.5099983215332,38.70000076293945,38.70000076293945,365800,634,1,0.7812479821345031,35.02303936838449
2017-11-22,38.75,39.400001525878906,38.650001525878906,39.04999923706055,39.04999923706055,241100,635,2,0.7741915795110854,38.60464357052952
2017-11-24,39.25,39.75,38.79999923706055,39.5,39.5,117800,636,4,0.6369426751592355,38.0281700230637
2017-11-27,39.650001525878906,39.79999923706055,38.79999923706055,38.900001525878906,38.900001525878906,433900,637,0,-1.8915509990850454,39.32039841752954
2017-11-28,39.20000076293945,39.75,38.70000076293945,39.150001525878906,39.150001525878906,391000,638,1,-0.12754907165158924,73.5042796349888
2017-11-29,39.099998474121094,39.25,37.5099983215332,37.849998474121094,37.849998474121094,324500,639,2,-3.1969310710519117,57.14283255834765
2017-11-30,38.04999923706055,38.400001525878906,37.650001525878906,37.79999923706055,37.79999923706055,433800,640,3,-0.657030236564371,59.84252205015698
2017-12-01,37.849998474121094,37.900001525878906,36.400001525878906,37.20000076293945,37.20000076293945,511400,641,4,-1.7172991740701415,49.60000585937858
2017-12-04,38.849998474121094,39.349998474121094,37.04999923706055,37.150001525878906,37.150001525878906,464800,642,0,-4.375796692436418,44.34784223993864
2017-12-05,37.25,37.75,36.54999923706055,37.099998474121094,37.099998474121094,380200,643,1,-0.4026886600775992,49.03843967167199
2017-12-06,37.04999923706055,37.40999984741211,36.45000076293945,36.45000076293945,36.45000076293945,277500,644,2,-1.619429113296511,39.449563759681105
2017-12-07,36.5,37.650001525878906,36.099998474121094,37.54999923706055,37.54999923706055,627500,645,3,2.876710238522051,47.19997998045653
2017-12-08,37.79999923706055,38.29999923706055,37.34000015258789,38.150001525878906,38.150001525878906,227300,646,4,0.9259319996895776,51.111122413917826
2017-12-11,38.150001525878906,38.5,37.650001525878906,37.95000076293945,37.95000076293945,351500,647,0,-0.5242483746790483,48.905126561588965
2017-12-12,38.04999923706055,38.79999923706055,37.5,38.150001525878906,38.150001525878906,328600,648,1,0.26281810991721777,45.73644052710239
2017-12-13,38.29999923706055,40.5,38.279998779296875,40.0,40.0,505800,649,2,4.43864437807735,55.974846992267445
2017-12-14,40.04999923706055,40.20000076293945,38.400001525878906,38.599998474121094,38.599998474121094,375800,650,3,-3.620476380927584,44.943812519234214
2017-12-15,38.650001525878906,39.900001525878906,38.0,39.650001525878906,39.650001525878906,933200,651,4,2.587322019458216,54.010692569056175
2017-12-18,40.0,40.20000076293945,38.58000183105469,38.79999923706055,38.79999923706055,443200,652,0,-3.0000019073486373,48.24119601201533
2017-12-19,38.75,39.29999923706055,37.95000076293945,38.0,38.0,329200,653,1,-1.9354838709677469,50.79365848263123
2017-12-20,38.5,38.5,38.0,38.04999923706055,38.04999923706055,229200,654,2,-1.168833150492088,51.32275068200295
2017-12-21,38.04999923706055,38.849998474121094,37.70000076293945,38.650001525878906,38.650001525878906,388300,655,3,1.5768785830459597,57.67195489538252
2017-12-22,38.79999923706055,39.029998779296875,38.400001525878906,38.849998474121094,38.849998474121094,318200,656,4,0.12886401557654636,58.854145142780844
2017-12-26,38.849998474121094,39.25,38.400001525878906,38.95000076293945,38.95000076293945,365100,657,1,0.25740615893452556,59.58549878226234
2017-12-27,38.95000076293945,39.470001220703125,38.54999923706055,38.70000076293945,38.70000076293945,231300,658,2,-0.6418485111760797,62.16215213082627
2017-12-28,39.29999923706055,41.20000076293945,38.95000076293945,40.79999923706055,40.79999923706055,722800,659,3,3.8167939672260287,65.85364673622188
2017-12-29,40.79999923706055,41.150001525878906,39.79999923706055,39.849998474121094,39.849998474121094,344800,660,4,-2.3284332860391888,58.01884891216413
2018-01-02,40.29999923706055,41.20000076293945,39.83000183105469,40.45000076293945,40.45000076293945,539500,661,1,0.3722122300711117,61.36362848203591
2018-01-03,40.75,41.95000076293945,40.5,41.70000076293945,41.70000076293945,496000,662,2,2.3312902158023396,64.73027889694848
2018-01-04,41.849998474121094,41.849998474121094,39.5,39.75,39.75,625600,663,3,-5.017917683843354,48.971194190864075
2018-01-05,40.20000076293945,41.75,39.900001525878906,41.5,41.5,708200,664,4,3.2338288865382925,61.599999023438095
2018-01-08,41.95000076293945,42.0,39.75,40.95000076293945,40.95000076293945,647000,665,0,-2.3837901831063713,55.41666176584187
2018-01-09,41.25,43.0,40.95000076293945,42.70000076293945,42.70000076293945,744300,666,1,3.5151533647016953,65.11628319599438
2018-01-10,42.349998474121094,43.72999954223633,41.650001525878906,43.650001525878906,43.650001525878906,434400,667,2,3.0696649317524916,71.6475103625277
2018-01-11,43.599998474121094,44.79999923706055,43.04999923706055,44.75,44.75,483200,668,3,2.637618270930653,73.75886409696797
2018-01-12,44.900001525878906,45.45000076293945,43.900001525878906,44.150001525878906,44.150001525878906,468700,669,4,-1.670378562387631,69.50354820993283
2018-01-16,44.400001525878906,44.45000076293945,42.45000076293945,42.75,42.75,746500,670,1,-3.716219525166431,62.745100483593816
2018-01-17,42.849998474121094,47.25,42.79999923706055,46.5,46.5,1677200,671,2,8.518090212029517,69.92084151211775
2018-01-18,46.04999923706055,46.04999923706055,43.29999923706055,43.54999923706055,43.54999923706055,904600,672,3,-5.428881740323732,61.20091947412507
2018-01-19,43.849998474121094,47.5,43.15999984741211,46.900001525878906,46.900001525878906,1233700,673,4,6.955537418223234,63.31877918388486
2018-01-22,46.70000076293945,48.650001525878906,43.349998474121094,44.25,44.25,2073900,674,0,-5.246254224654622,58.94309031340057
2018-01-23,44.599998474121094,46.0,44.29999923706055,44.70000076293945,44.70000076293945,827400,675,1,0.22422038618765683,58.691204916761606
2018-01-24,44.849998474121094,45.0,41.36000061035156,43.150001525878906,43.150001525878906,865900,676,2,-3.790405810655939,52.92929401909507
2018-01-25,43.45000076293945,43.5099983215332,42.599998474121094,43.0,43.0,490300,677,3,-1.0356749252885655,57.08060860947913
2018-01-26,42.5,42.599998474121094,40.349998474121094,41.45000076293945,41.45000076293945,873400,678,4,-2.4705864401424638,49.890111585325876
2018-01-29,41.349998474121094,41.75,40.95000076293945,41.04999923706055,41.04999923706055,506200,679,0,-0.7255120873784326,50.22123550246639
2018-01-30,40.5,40.66999816894531,39.70000076293945,40.25,40.25,890500,680,1,-0.6172839506172867,44.34180101944896
2018-01-31,40.5,41.04999923706055,38.400001525878906,39.04999923706055,39.04999923706055,823300,681,2,-3.580248797381369,39.497714230472106
2018-02-01,39.400001525878906,41.33000183105469,39.29999923706055,40.70000076293945,40.70000076293945,599300,682,3,3.2994903216099436,40.97996052766844
2018-02-02,40.29999923706055,40.900001525878906,39.04999923706055,39.150001525878906,39.150001525878906,517600,683,4,-2.8535923894611015,39.31624349626975
2018-02-05,38.75,39.45000076293945,37.349998474121094,38.400001525878906,38.400001525878906,877700,684,0,-0.9032218686995996,40.43956699930816
2018-02-06,36.5,38.0,35.75,37.29999923706055,37.29999923706055,897400,685,1,2.1917787316727333,27.114437255567708
2018-02-07,37.5,38.599998474121094,37.400001525878906,38.099998474121094,38.099998474121094,467700,686,2,1.599995930989584,34.81894647674088
2018-02-08,38.099998474121094,39.45000076293945,37.099998474121094,37.150001525878906,37.150001525878906,1000400,687,3,-2.4934304102071314,18.649523837560167
2018-02-09,37.400001525878906,37.79999923706055,34.900001525878906,37.20000076293945,37.20000076293945,797000,688,4,-0.5347613764161596,22.779927329284945
2018-02-12,37.54999923706055,39.33000183105469,36.849998474121094,38.650001525878906,38.650001525878906,433100,689,0,2.9294335850017728,28.31541610688153
2018-02-13,38.54999923706055,38.54999923706055,37.83000183105469,38.099998474121094,38.099998474121094,306300,690,1,-1.1673171772902058,30.501925611367625
2018-02-14,37.900001525878906,39.900001525878906,37.900001525878906,39.400001525878906,39.400001525878906,383900,691,2,3.957783481817989,37.234053490148895
2018-02-15,39.599998474121094,39.70000076293945,38.650001525878906,39.150001525878906,39.150001525878906,332500,692,3,-1.1363559736909168,41.01563279982238
2018-02-16,39.20000076293945,39.79999923706055,37.849998474121094,38.349998474121094,38.349998474121094,448400,693,4,-2.168373143558633,39.77273088512769
2018-02-20,38.099998474121094,38.45000076293945,37.16999816894531,37.25,37.25,459900,694,1,-2.230967213026125,38.888895168222405
2018-02-21,37.25,39.04999923706055,37.25,38.099998474121094,38.099998474121094,408800,695,2,2.2818750983116587,46.38783126571023
2018-02-22,38.29999923706055,39.0,37.79999923706055,38.45000076293945,38.45000076293945,354100,696,3,0.3916489004359036,40.50633400377543
2018-02-23,38.54999923706055,39.70000076293945,38.150001525878906,39.400001525878906,39.400001525878906,291100,697,4,2.2049346449823037,51.11111035759118
2018-02-26,39.45000076293945,40.04999923706055,38.75,38.900001525878906,38.900001525878906,475900,698,0,-1.3941678743317865,52.27272569640718
2018-02-27,38.95000076293945,39.29999923706055,37.29999923706055,38.099998474121094,38.099998474121094,759600,699,1,-2.182290814297305,53.738311259801
2018-02-28,38.849998474121094,40.599998474121094,38.099998474121094,38.900001525878906,38.900001525878906,1012600,700,2,0.12870798898774183,53.73832775271093
2018-03-01,38.849998474121094,39.75,38.20000076293945,38.75,38.75,783100,701,3,-0.25739633989356747,58.08078667401348
2018-03-02,38.599998474121094,39.75,38.400001525878906,39.650001525878906,39.650001525878906,366200,702,4,2.720215267525905,61.39533216728003
2018-03-05,39.599998474121094,41.5,39.29999923706055,41.29999923706055,41.29999923706055,513100,703,0,4.2929313849605855,62.10042846477646
2018-03-06,41.099998474121094,41.79999923706055,40.70000076293945,41.70000076293945,41.70000076293945,537600,704,1,1.459859637698413,66.66665489292546
2018-03-07,41.400001525878906,43.150001525878906,41.29999923706055,43.04999923706055,43.04999923706055,612200,705,2,3.9855015709365116,66.82025057440147
2018-03-08,43.0,44.099998474121094,42.54999923706055,44.099998474121094,44.099998474121094,465300,706,3,2.558135986328125,71.24460540016634
2018-03-09,43.95000076293945,45.20000076293945,43.70000076293945,44.849998474121094,44.849998474121094,778300,707,4,2.0477763266401494,78.01722663762237
2018-03-12,45.150001525878906,45.380001068115234,44.0,45.150001525878906,45.150001525878906,976000,708,0,0.0,86.57404496675919
2018-03-13,45.150001525878906,45.380001068115234,44.0,44.900001525878906,44.900001525878906,636100,709,1,-0.5537098373223914,83.3333084007013
2018-03-14,40.29999923706055,43.599998474121094,39.54999923706055,43.150001525878906,43.150001525878906,1780200,710,2,7.071966111099703,70.2586066567068
2018-03-15,43.45000076293945,44.599998474121094,42.54999923706055,43.18000030517578,43.18000030517578,1800800,711,3,-0.6214049551731327,67.69661035110906
2018-03-16,43.25,45.04999923706055,43.150001525878906,44.70000076293945,44.70000076293945,1097400,712,4,3.35260292009123,74.78630374684514
2018-03-19,44.54999923706055,44.70000076293945,43.22999954223633,44.599998474121094,44.599998474121094,460200,713,0,0.11223173494232519,79.54543405329336
2018-03-20,44.75,45.54999923706055,43.849998474121094,45.349998474121094,45.349998474121094,808500,714,1,1.3407787131197724,79.45202854716183
2018-03-21,45.150001525878906,45.349998474121094,43.900001525878906,44.04999923706055,44.04999923706055,341800,715,2,-2.4363283535834723,71.9008191509116
2018-03-22,43.75,44.849998474121094,43.650001525878906,44.04999923706055,44.04999923706055,437000,716,3,0.6857125418526788,69.64284558685537
2018-03-23,44.25,45.79999923706055,43.75,44.45000076293945,44.45000076293945,654600,717,4,0.4519791252868943,65.82914611395626
2018-03-26,44.79999923706055,45.65999984741211,43.779998779296875,44.900001525878906,44.900001525878906,483700,718,0,0.22321939848524153,65.99999771118252
2018-03-27,45.20000076293945,45.75,44.75,45.150001525878906,45.150001525878906,549300,719,1,-0.11061777924026295,61.79775858809995
2018-03-28,44.900001525878906,47.0,44.900001525878906,45.79999923706055,45.79999923706055,730300,720,2,2.0044491772743367,60.0
2018-03-29,46.099998474121094,46.45000076293945,45.20000076293945,45.79999923706055,45.79999923706055,486800,721,3,-0.6507575856622982,56.129034163427455
2018-04-02,45.599998474121094,45.599998474121094,44.099998474121094,44.150001525878906,44.150001525878906,503900,722,0,-3.1798179753560474,44.50549358418116
2018-04-03,44.400001525878906,45.43000030517578,43.849998474121094,45.20000076293945,45.20000076293945,830500,723,1,1.8018000215478835,51.51514801221473
2018-04-04,44.5,45.75,44.0,45.5,45.5,420900,724,2,2.2471910112359605,63.90532143689089
2018-04-05,45.599998474121094,46.0,45.0,45.29999923706055,45.29999923706055,579700,725,3,-0.6578930857438547,62.29697908687111
2018-04-06,45.099998474121094,45.279998779296875,43.529998779296875,44.099998474121094,44.099998474121094,523800,726,4,-2.2172949752399918,46.38552804836853
2018-04-09,44.5,45.95000076293945,44.5,45.349998474121094,45.349998474121094,517400,727,0,1.910108930609189,53.968255249751735
2018-04-10,45.650001525878906,46.349998474121094,45.29999923706055,45.79999923706055,45.79999923706055,771600,728,1,0.3285820507511028,52.459021177620265
2018-04-11,45.70000076293945,46.29999923706055,45.20000076293945,45.650001525878906,45.650001525878906,404700,729,2,-0.10940751909372937,60.00001907349542
2018-04-12,45.70000076293945,46.45000076293945,44.95000076293945,46.04999923706055,46.04999923706055,443300,730,3,0.7658609809147343,61.90477055487537
2018-04-13,46.0,46.20000076293945,45.04999923706055,45.25,45.25,400900,731,4,-1.6304347826086918,54.54545454545455
2018-04-16,45.75,45.95000076293945,45.04999923706055,45.29999923706055,45.29999923706055,683700,732,0,-0.9836082250042733,52.38094156830563
2018-04-17,45.79999923706055,46.54999923706055,45.08000183105469,46.349998474121094,46.349998474121094,617200,733,1,1.2008717166429594,56.52173011648938
2018-04-18,46.70000076293945,48.650001525878906,46.29999923706055,48.04999923706055,48.04999923706055,961300,734,2,2.8907889765869887,60.97561792559213
2018-04-19,47.75,49.75,47.54999923706055,48.849998474121094,48.849998474121094,814800,735,3,2.303661725908057,63.800912006777395
2018-04-20,48.70000076293945,49.45000076293945,47.5099983215332,48.5,48.5,603300,736,4,-0.4106791782468533,72.30770193849372
2018-04-23,48.75,48.900001525878906,47.04999923706055,47.5,47.5,682000,737,0,-2.564102564102566,61.855674562833414
2018-04-24,47.75,48.5,46.45000076293945,46.75,46.75,1206400,738,1,-2.0942408376963373,56.15763917076325
2018-04-25,46.79999923706055,47.70000076293945,46.400001525878906,47.349998474121094,47.349998474121094,634500,739,2,1.1752120641596253,59.71564392321858
2018-04-26,47.45000076293945,48.04999923706055,46.599998474121094,47.599998474121094,47.599998474121094,421300,740,3,0.31611740520518516,68.2291840513713
2018-04-27,47.650001525878906,48.04999923706055,46.45000076293945,47.70000076293945,47.70000076293945,277200,741,4,0.10493018984143454,63.90535028655397
2018-04-30,48.0,48.060001373291016,46.79999923706055,46.900001525878906,46.900001525878906,308200,742,0,-2.2916634877522823,56.25001896513234
2018-05-01,46.900001525878906,47.29999923706055,46.349998474121094,46.95000076293945,46.95000076293945,601700,743,1,0.10660817789729382,57.47126587978608
2018-05-02,46.79999923706055,47.70000076293945,46.75,46.849998474121094,46.849998474121094,467400,744,2,0.1068359783667594,54.76190151811369
2018-05-03,46.79999923706055,47.0,45.849998474121094,46.150001525878906,46.150001525878906,420100,745,3,-1.388884020893133,55.421698929218486
2018-05-04,46.099998474121094,46.099998474121094,45.599998474121094,45.849998474121094,45.849998474121094,594300,746,4,-0.5422993671905241,53.216370094376956
2018-05-07,45.849998474121094,46.04999923706055,44.849998474121094,45.099998474121094,45.099998474121094,799400,747,0,-1.6357688657793967,42.42424242424243
2018-05-08,45.20000076293945,45.349998474121094,43.79999923706055,44.650001525878906,44.650001525878906,647200,748,1,-1.2168124508340816,25.71428882832599
2018-05-09,50.29999923706055,50.29999923706055,46.599998474121094,47.95000076293945,47.95000076293945,1419800,749,2,-4.671965228161746,45.263168039088214
2018-05-10,48.29999923706055,51.099998474121094,47.54999923706055,49.900001525878906,49.900001525878906,1155100,750,3,3.312634190666164,56.30631404654206
2018-05-11,50.70000076293945,57.95000076293945,50.70000076293945,57.04999923706055,57.04999923706055,2699900,751,4,12.524651634251649,77.68116333033538
2018-05-14,57.45000076293945,57.689998626708984,54.900001525878906,57.150001525878906,57.150001525878906,1408600,752,0,-0.5221918765474953,81.32530868027548
2018-05-15,56.400001525878906,58.5,56.04999923706055,58.099998474121094,58.099998474121094,1127900,753,1,3.0141789046976397,81.71092016366067
2018-05-16,58.29999923706055,59.04999923706055,57.29999923706055,58.349998474121094,58.349998474121094,731500,754,2,0.08576198578877925,81.71092016366067
2018-05-17,58.45000076293945,58.79999923706055,55.95000076293945,56.5,56.5,1135900,755,3,-3.3361860350494044,73.52941836453056
2018-05-18,56.75,56.75,55.29999923706055,56.099998474121094,56.099998474121094,964200,756,4,-1.1453771381126132,75.13660997149607
2018-05-21,56.04999923706055,56.099998474121094,52.95000076293945,55.0,55.0,1144200,757,0,-1.8733260505850002,70.80103736137218
2018-05-22,54.900001525878906,55.25,53.849998474121094,54.54999923706055,54.54999923706055,669800,758,1,-0.6375269200190714,69.54315595630331
2018-05-23,54.54999923706055,55.75,54.099998474121094,54.95000076293945,54.95000076293945,908600,759,2,0.7332750347815775,72.68041308063779
2018-05-24,55.150001525878906,55.75,54.70000076293945,55.650001525878906,55.650001525878906,589200,760,3,0.9066182886058094,74.74748817539904
2018-05-25,56.0,58.0,55.79999923706055,57.25,57.25,746700,761,4,2.2321428571428603,79.41889858850618
2018-05-29,56.75,57.900001525878906,55.0,56.04999923706055,56.04999923706055,684500,762,1,-1.2334815205981564,76.63551151976307
2018-05-30,56.400001525878906,57.54999923706055,56.20000076293945,57.349998474121094,57.349998474121094,573400,763,2,1.684391706631927,74.22680108298088
2018-05-31,57.5,57.9900016784668,56.25,56.349998474121094,56.349998474121094,732900,764,3,-2.0000026537024485,67.47966941766
2018-06-01,56.54999923706055,57.75,56.25,57.70000076293945,57.70000076293945,766200,765,4,2.033601311041644,52.56917568171497
2018-06-04,58.0,58.939998626708984,56.54999923706055,58.04999923706055,58.04999923706055,805100,766,0,0.08620558113887622,53.48836384056692
2018-06-05,58.29999923706055,58.54999923706055,55.0,55.150001525878906,55.150001525878906,856000,767,1,-5.403083623334304,40.067349322011346
2018-06-06,55.04999923706055,56.20000076293945,54.54999923706055,54.70000076293945,54.70000076293945,631700,768,2,-0.6357828864155035,37.873761142148304
2018-06-07,55.0,55.150001525878906,53.29999923706055,54.20000076293945,54.20000076293945,597700,769,3,-1.4545440673828125,41.605842667971274
2018-06-08,54.29999923706055,55.45000076293945,53.880001068115234,54.0,54.0,722100,770,4,-0.5524847905629349,42.22222787362558
2018-06-11,54.04999923706055,55.54999923706055,53.650001525878906,54.70000076293945,54.70000076293945,638700,771,0,1.202593034327415,48.85496494410305
2018-06-12,55.0,55.849998474121094,53.5,54.0,54.0,486000,772,1,-1.8181818181818188,47.940078116985745
2018-06-13,54.25,54.70000076293945,53.650001525878906,54.04999923706055,54.04999923706055,466700,773,2,-0.3686650008100534,46.53845566969652
2018-06-14,54.45000076293945,54.68000030517578,53.099998474121094,53.75,53.75,566700,774,3,-1.285584486926028,42.46031049217472
2018-06-15,53.650001525878906,55.099998474121094,53.150001525878906,54.95000076293945,54.95000076293945,908100,775,4,2.423111276955825,40.573774208082966
2018-06-18,54.79999923706055,54.900001525878906,53.900001525878906,54.150001525878906,54.150001525878906,522600,776,0,-1.1861272266990408,41.94916172022168
2018-06-19,54.04999923706055,55.25,53.70000076293945,55.20000076293945,55.20000076293945,643700,777,1,2.1276624275886835,40.692649986144886
2018-06-20,55.70000076293945,58.54999923706055,55.58000183105469,58.04999923706055,58.04999923706055,1562900,778,2,4.219027723397617,56.34328751235863
2018-06-21,58.849998474121094,61.099998474121094,56.95000076293945,58.349998474121094,58.349998474121094,1863600,779,3,-0.8496176940766986,52.63157081888149
2018-06-22,58.150001525878906,58.849998474121094,55.650001525878906,57.04999923706055,57.04999923706055,1064300,780,4,-1.8916633877108624,46.240600209837105
2018-06-25,56.599998474121094,57.25,55.400001525878906,56.650001525878906,56.650001525878906,535000,781,0,0.08834461679478878,56.94444738788494
2018-06-26,56.650001525878906,58.150001525878906,56.20000076293945,57.400001525878906,57.400001525878906,692600,782,1,1.323918763986942,62.162171450448255
2018-06-27,57.29999923706055,59.45000076293945,57.29999923706055,58.150001525878906,58.150001525878906,961300,783,2,1.4834246075671853,67.40089260597048
2018-06-28,58.0,60.04999923706055,57.70000076293945,58.349998474121094,58.349998474121094,738200,784,3,0.6034456450363601,69.16300433027305
2018-06-29,58.95000076293945,61.25,58.45000076293945,59.849998474121094,59.849998474121094,1258700,785,4,1.526713654849421,71.19342351933896
2018-07-02,59.650001525878906,59.75,55.900001525878906,56.54999923706055,56.54999923706055,942300,786,0,-5.196986101456236,58.644071917056266
2018-07-03,56.54999923706055,56.70000076293945,53.099998474121094,53.400001525878906,53.400001525878906,832500,787,1,-5.57028780491523,48.17927679698551
2018-07-05,53.70000076293945,54.0,49.900001525878906,51.20000076293945,51.20000076293945,1232900,788,3,-4.65549341616649,43.54430198822137
2018-07-06,50.900001525878906,52.95000076293945,50.02000045776367,52.400001525878906,52.400001525878906,691100,789,4,2.9469547250158046,43.54430198822137
2018-07-09,52.5,52.599998474121094,49.75,52.099998474121094,52.099998474121094,877200,790,0,-0.7619076683407777,44.675314638336836
2018-07-10,52.45000076293945,52.79999923706055,51.75,52.70000076293945,52.70000076293945,423600,791,1,0.47664441632695453,43.35106221082863
2018-07-11,52.650001525878906,54.25,52.349998474121094,52.95000076293945,52.95000076293945,495100,792,2,0.5697991042091122,34.25926100351988
2018-07-12,53.45000076293945,53.9900016784668,52.099998474121094,53.650001525878906,53.650001525878906,526000,793,3,0.37418290006485666,35.84338138473524
2018-07-13,53.650001525878906,53.79999923706055,51.5,51.70000076293945,51.70000076293945,449000,794,4,-3.634670470603507,34.49275804602581
2018-07-16,51.95000076293945,52.95000076293945,51.95000076293945,52.70000076293945,52.70000076293945,356300,795,0,1.4436958402030298,38.93557351134397
2018-07-17,52.849998474121094,53.75,52.20000076293945,53.54999923706055,53.54999923706055,470100,796,1,1.324504793093273,39.27576009699319
2018-07-18,53.599998474121094,54.70000076293945,52.70000076293945,54.70000076293945,54.70000076293945,472100,797,2,2.052243134576681,40.599454134559636
2018-07-19,54.5,54.599998474121094,53.25,54.25,54.25,421700,798,3,-0.4587155963302725,38.97850234214132
2018-07-20,54.29999923706055,55.04999923706055,53.900001525878906,54.880001068115234,54.880001068115234,367900,799,4,1.068143350283557,35.984220542340864
2018-07-23,54.849998474121094,56.349998474121094,54.66999816894531,55.349998474121094,55.349998474121094,624800,800,0,0.9115770536181733,45.97315324555095
2018-07-24,55.900001525878906,56.400001525878906,54.29999923706055,54.400001525878906,54.400001525878906,714600,801,1,-2.683363075232792,53.937006454946044
2018-07-25,54.150001525878906,54.650001525878906,52.29999923706055,54.54999923706055,54.54999923706055,572100,802,2,0.738684579704918,65.72769011338067
2018-07-26,54.29999923706055,54.52000045776367,52.95000076293945,53.349998474121094,53.349998474121094,419700,803,3,-1.7495410244703358,54.460078930194264
2018-07-27,53.5,54.0,53.04999923706055,53.45000076293945,53.45000076293945,475400,804,4,-0.09345651787018294,56.45934062323753
2018-07-30,53.25,53.75,52.599998474121094,52.95000076293945,52.95000076293945,950800,805,0,-0.5633788489399993,51.20772964665209
2018-07-31,53.29999923706055,54.45000076293945,52.47999954223633,52.95000076293945,52.95000076293945,499600,806,1,-0.6566575593452084,50.0
2018-08-01,52.95000076293945,54.75,52.75,53.29999923706055,53.29999923706055,555800,807,2,0.6609980530275283,48.2051157653479
2018-08-02,53.29999923706055,55.5,53.150001525878906,54.29999923706055,54.29999923706055,697400,808,3,1.8761726347355845,64.77272628752601
2018-08-03,54.25,55.45000076293945,52.54999923706055,52.75,52.75,716100,809,4,-2.7649769585253448,50.26737575197518
2018-08-06,52.900001525878906,54.04999923706055,52.25,53.0,53.0,846200,810,0,0.18903302691244406,46.8571458466212
2018-08-07,52.95000076293945,54.70000076293945,52.75,53.349998474121094,53.349998474121094,787400,811,1,0.7554253171259795,41.50941223381667
2018-08-08,52.95000076293945,55.5,45.25,48.70000076293945,48.70000076293945,2530800,812,2,-8.026439922121098,27.16047832261188
2018-08-09,48.650001525878906,48.849998474121094,46.720001220703125,48.099998474121094,48.099998474121094,1712400,813,3,-1.1305303895319363,22.029672197037442
2018-08-10,48.0,49.04999923706055,45.599998474121094,46.150001525878906,46.150001525878906,1497600,814,4,-3.8541634877522823,16.176459038538567
2018-08-13,46.0,46.34000015258789,43.29999923706055,43.5,43.5,1691100,815,0,-5.434782608695654,14.379069323292455
2018-08-14,43.400001525878906,44.0,41.79999923706055,42.70000076293945,42.70000076293945,1598000,816,1,-1.6129049270241391,12.852662252618629
2018-08-15,42.79999923706055,43.349998474121094,42.04999923706055,43.25,43.25,791000,817,2,1.0514036704696972,16.993459163528897
2018-08-16,43.29999923706055,44.099998474121094,43.099998474121094,43.5,43.5,1011700,818,3,0.46189553455759924,17.7993359707841
2018-08-17,43.150001525878906,45.099998474121094,43.150001525878906,44.79999923706055,44.79999923706055,1092800,819,4,3.8238647806120296,24.92306045441164
2018-08-20,44.79999923706055,45.33000183105469,44.20000076293945,44.400001525878906,44.400001525878906,483100,820,0,-0.8928520490927738,24.324311320722302
2018-08-21,44.70000076293945,45.04999923706055,43.900001525878906,44.349998474121094,44.349998474121094,631100,821,1,-0.7830028698982638,22.62995814564121
2018-08-22,44.099998474121094,45.04999923706055,43.95000076293945,44.650001525878906,44.650001525878906,397300,822,2,1.247172496118254,19.169331877004396
2018-08-23,44.45000076293945,45.650001525878906,44.0,44.849998474121094,44.849998474121094,500700,823,3,0.8998823494175134,22.377608200054524
2018-08-24,44.79999923706055,45.38999938964844,44.400001525878906,44.54999923706055,44.54999923706055,400100,824,4,-0.5580357237890077,20.55747767337938
2018-08-27,44.849998474121094,44.93000030517578,44.29999923706055,44.75,44.75,443700,825,0,-0.22296204575970036,19.718308724053344
2018-08-28,45.0,45.400001525878906,43.79999923706055,44.95000076293945,44.95000076293945,610100,826,1,-0.11110941569010269,30.769230769230774
2018-08-29,45.150001525878906,45.75,44.150001525878906,45.45000076293945,45.45000076293945,392700,827,2,0.6644501149985382,36.2694386543168
2018-08-30,45.150001525878906,45.25,43.349998474121094,43.5,43.5,632200,828,3,-3.654488305904413,36.26942431681352
2018-08-31,43.25,44.400001525878906,42.459999084472656,44.29999923706055,44.29999923706055,586900,829,4,2.427743900718027,55.12820073917102
2018-09-04,43.95000076293945,44.18000030517578,43.0,43.95000076293945,43.95000076293945,750000,830,1,0.0,58.50340312587258
2018-09-05,43.900001525878906,45.79999923706055,43.599998474121094,45.29999923706055,45.29999923706055,1018300,831,2,3.18906073467069,62.57668596794811
2018-09-06,45.5,46.16999816894531,45.099998474121094,45.79999923706055,45.79999923706055,836200,832,3,0.6593389825506613,63.69047537952842
2018-09-07,45.849998474121094,48.279998779296875,45.79999923706055,48.20000076293945,48.20000076293945,879300,833,4,5.125414104745851,67.89474487304688
2018-09-10,48.349998474121094,49.0,47.29999923706055,47.849998474121094,47.849998474121094,1256100,834,0,-1.0341261960279513,68.25394326478184
2018-09-11,47.599998474121094,49.25,47.20000076293945,48.79999923706055,48.79999923706055,580800,835,1,2.521010086989528,71.49758347274482
2018-09-12,48.900001525878906,49.5,47.75,49.150001525878906,49.150001525878906,537300,836,2,0.5112474278097912,71.634612210404
2018-09-13,49.29999923706055,49.54999923706055,48.099998474121094,48.849998474121094,48.849998474121094,414600,837,3,-0.9127804663355277,69.04760520745762
2018-09-14,48.650001525878906,48.79999923706055,46.70000076293945,48.04999923706055,48.04999923706055,595600,838,4,-1.233303741006453,65.90907987485028
2018-09-17,47.70000076293945,47.79999923706055,45.849998474121094,46.0,46.0,444800,839,0,-3.5639428422405195,54.863810919350506
2018-09-18,46.599998474121094,48.25,45.90999984741211,46.900001525878906,46.900001525878906,648200,840,1,0.643783393951014,57.19557112464256
2018-09-19,46.75,48.20000076293945,46.349998474121094,47.900001525878906,47.900001525878906,590000,841,2,2.459896312040444,58.71885966400814
2018-09-20,47.95000076293945,50.349998474121094,47.900001525878906,49.900001525878906,49.900001525878906,793200,842,3,4.066737709932644,72.69503104783466
2018-09-21,50.25,50.5,48.54999923706055,48.900001525878906,48.900001525878906,1025700,843,4,-2.686564127604163,66.08391636373628
2018-09-24,48.900001525878906,49.849998474121094,48.54999923706055,49.5,49.5,401100,844,0,1.2269907063368057,69.07215332611294
2018-09-25,49.650001525878906,50.349998474121094,48.79999923706055,49.349998474121094,49.349998474121094,406000,845,1,-0.6042357352223693,65.16852519912848
2018-09-26,49.54999923706055,50.25,48.45000076293945,49.5,49.5,585500,846,2,-0.10090663537921651,64.23075963760408
2018-09-27,49.650001525878906,50.45000076293945,49.099998474121094,49.95000076293945,49.95000076293945,323300,847,3,0.6042280520458299,57.91854438197476
2018-09-28,50.04999923706055,50.900001525878906,49.5099983215332,50.349998474121094,50.349998474121094,519000,848,4,0.5993990841830055,61.26125506907692
2018-10-01,50.779998779296875,51.380001068115234,48.939998626708984,49.09000015258789,49.09000015258789,418600,849,0,-3.328079297626929,51.27081867857057
2018-10-02,49.18000030517578,49.47999954223633,47.63999938964844,48.650001525878906,48.650001525878906,505800,850,1,-1.0776713623588563,47.82608695652174
2018-10-03,49.06999969482422,49.65999984741211,47.810001373291016,49.5099983215332,49.5099983215332,306900,851,2,0.8966754217351047,52.73631919480113
2018-10-04,49.4900016784668,49.4900016784668,47.61000061035156,47.95000076293945,47.95000076293945,912000,852,3,-3.111741489791464,49.60999010915635
2018-10-05,48.459999084472656,49.209999084472656,47.630001068115234,48.0099983215332,48.0099983215332,386700,853,4,-0.9286024998783837,59.27977888121136
2018-10-08,47.869998931884766,48.189998626708984,46.5099983215332,46.9900016784668,46.9900016784668,315900,854,0,-1.8383063986906145,50.41096014489598
2018-10-09,46.81999969482422,47.869998931884766,46.59000015258789,47.16999816894531,47.16999816894531,399400,855,1,0.7475405305476412,46.39681809246722
2018-10-10,47.15999984741211,47.58000183105469,46.09000015258789,46.5,46.5,537800,856,2,-1.3994907751220587,30.68176596606125
2018-10-11,46.119998931884766,48.38999938964844,46.08000183105469,47.599998474121094,47.599998474121094,1049400,857,3,3.2090190297318966,42.696594538711985
2018-10-12,48.70000076293945,48.79999923706055,46.810001373291016,47.43000030517578,47.43000030517578,423800,858,4,-2.607803773855666,37.780371958705686
2018-10-15,47.41999816894531,47.70000076293945,46.20000076293945,46.66999816894531,46.66999816894531,434900,859,0,-1.5816111956140189,35.24225484421463
2018-10-16,46.720001220703125,48.47999954223633,45.9900016784668,48.310001373291016,48.310001373291016,576700,860,1,3.4032536623378906,44.37085710305512
2018-10-17,48.38999938964844,48.689998626708984,46.90999984741211,48.58000183105469,48.58000183105469,509700,861,2,0.39264815830293287,43.40711488281808
2018-10-18,48.79999923706055,49.470001220703125,47.689998626708984,47.90999984741211,47.90999984741211,361100,862,3,-1.8237692695956764,38.55533698747983
2018-10-19,48.56999969482422,48.790000915527344,47.900001525878906,48.20000076293945,48.20000076293945,405900,863,4,-0.7617849170466262,45.40763381377324
2018-10-22,48.40999984741211,49.029998779296875,47.689998626708984,48.34000015258789,48.34000015258789,341200,864,0,-0.14459759356508783,48.349298342615505
2018-10-23,47.88999938964844,48.11000061035156,46.400001525878906,47.34000015258789,47.34000015258789,516600,865,1,-1.1484636543541704,38.61489934873891
2018-10-24,47.41999816894531,48.13999938964844,45.599998474121094,45.779998779296875,45.779998779296875,503200,866,2,-3.458455193957488,38.61488389184186
2018-10-25,45.720001220703125,48.31999969482422,45.0099983215332,47.77000045776367,47.77000045776367,367500,867,3,4.483812734747383,48.952888817876484
2018-10-26,47.22999954223633,47.86000061035156,46.400001525878906,47.380001068115234,47.380001068115234,263300,868,4,0.3175979829192377,51.8005508943227
2018-10-29,47.97999954223633,48.79999923706055,45.77000045776367,46.54999923706055,46.54999923706055,377700,869,0,-2.980409168026288,47.2996579069354
2018-10-30,46.540000915527344,47.84000015258789,46.209999084472656,47.40999984741211,47.40999984741211,409900,870,1,1.8693573587672763,53.898882167138524
2018-10-31,48.09000015258789,48.709999084472656,47.54999923706055,47.560001373291016,47.560001373291016,501500,871,2,-1.1020976868688082,49.81344657846613
2018-11-01,47.84000015258789,48.31999969482422,47.290000915527344,47.349998474121094,47.349998474121094,530200,872,3,-1.0242509968727331,49.62824488047892
2018-11-02,47.599998474121094,48.400001525878906,46.16999816894531,46.5099983215332,46.5099983215332,786300,873,4,-2.2899163603555484,49.261994372977625
2018-11-05,46.4900016784668,47.15999984741211,41.310001373291016,41.70000076293945,41.70000076293945,1671600,874,0,-10.303292627640348,26.40972161714734
2018-11-06,41.77000045776367,42.09000015258789,39.66999816894531,41.650001525878906,41.650001525878906,1175000,875,1,-0.28728496664993664,24.873110909972084
2018-11-07,44.0,46.18000030517578,41.959999084472656,45.189998626708984,45.189998626708984,1109000,876,2,2.704542333429516,41.83673282470714
2018-11-08,45.189998626708984,46.150001525878906,44.619998931884766,45.560001373291016,45.560001373291016,541700,877,3,0.8187713162782551,42.11469975106487
2018-11-09,45.459999084472656,45.81999969482422,44.880001068115234,45.27000045776367,45.27000045776367,418500,878,4,-0.41794683355785844,40.911786799842986
2018-11-12,44.93000030517578,45.25,44.13999938964844,44.70000076293945,44.70000076293945,345500,879,0,-0.5119063892145892,41.98056405583268
2018-11-13,44.790000915527344,45.90999984741211,44.33000183105469,45.11000061035156,45.11000061035156,399600,880,1,0.7144444927065896,47.811894376525196
2018-11-14,45.33000183105469,45.5,42.84000015258789,43.060001373291016,43.060001373291016,429600,881,2,-5.007721963533074,34.677949763151275
2018-11-15,43.029998779296875,43.869998931884766,42.279998779296875,43.11000061035156,43.11000061035156,511300,882,3,0.1859210628032404,35.795077442402004
2018-11-16,42.84000015258789,44.029998779296875,42.13999938964844,43.93000030517578,43.93000030517578,558700,883,4,2.54435142088123,41.278299427312874
2018-11-19,43.9900016784668,44.13999938964844,42.029998779296875,42.310001373291016,42.310001373291016,230400,884,0,-3.8190503320624902,33.84030776728508
2018-11-20,41.810001373291016,42.9900016784668,41.459999084472656,42.2400016784668,42.2400016784668,228000,885,1,1.0284627865390972,33.05732251935292
2018-11-21,42.119998931884766,43.15999984741211,41.41999816894531,42.779998779296875,42.779998779296875,299400,886,2,1.5669512444182132,35.745470312215176
2018-11-23,42.560001373291016,43.439998626708984,42.209999084472656,42.81999969482422,42.81999969482422,226500,887,4,0.6108982921611661,37.88574988146379
2018-11-26,43.45000076293945,43.880001068115234,42.470001220703125,43.5,43.5,319300,888,0,0.11507304069644508,58.10810857252241
2018-11-27,43.04999923706055,43.630001068115234,42.29999923706055,43.5099983215332,43.5099983215332,355900,889,1,1.06852286324004,58.408670197850455
2018-11-28,43.77000045776367,45.349998474121094,43.18000030517578,45.15999984741211,45.15999984741211,533600,890,2,3.1756896849697958,49.83642974216468
2018-11-29,45.20000076293945,45.599998474121094,44.5,44.75,44.75,341100,891,3,-0.9955768923535446,45.602596149266155
2018-11-30,45.099998474121094,47.439998626708984,44.58000183105469,47.41999816894531,47.41999816894531,954700,892,4,5.144123665892053,59.2752333829343
2018-12-03,48.13999938964844,49.25,46.95000076293945,48.86000061035156,48.86000061035156,647900,893,0,1.4956402780053724,66.69342466567045
2018-12-04,48.4900016784668,49.22999954223633,45.970001220703125,46.0099983215332,46.0099983215332,862200,894,1,-5.114463334891783,53.020127011517054
2018-12-06,40.0,40.93000030517578,38.75,40.540000915527344,40.540000915527344,2278400,895,3,1.3500022888183638,43.12226794631188
2018-12-07,40.66999816894531,40.959999084472656,36.0,36.529998779296875,36.529998779296875,1788600,896,4,-10.179492441702752,35.23338825949804
2018-12-10,37.34000015258789,38.40999984741211,36.470001220703125,37.90999984741211,37.90999984741211,941600,897,0,1.5265122991294788,36.82136511045169
2018-12-11,38.150001525878906,38.79999923706055,36.65999984741211,36.97999954223633,36.97999954223633,813100,898,1,-3.0668464923885086,37.96839398672864
2018-12-12,37.97999954223633,38.0,37.060001373291016,37.20000076293945,37.20000076293945,445300,899,2,-2.0537092909373666,38.69955106322269
2018-12-13,37.18000030517578,37.459999084472656,35.529998779296875,35.599998474121094,35.599998474121094,584600,900,3,-4.249601447245654,34.63185408265545
2018-12-14,35.400001525878906,37.27000045776367,35.15999984741211,35.7599983215332,35.7599983215332,1020500,901,4,1.0169400568842413,34.96593011730191
2018-12-17,36.0,37.650001525878906,35.43000030517578,35.81999969482422,35.81999969482422,763400,902,0,-0.5000008477105022,33.20210512474189
2018-12-18,36.099998474121094,36.84000015258789,34.709999084472656,35.0,35.0,871200,903,1,-3.0470873147256383,32.023669485867
2018-12-19,35.20000076293945,35.93000030517578,33.189998626708984,33.349998474121094,33.349998474121094,589500,904,2,-5.2556882065927235,25.052816694281702
2018-12-20,33.220001220703125,34.75,31.889999389648438,32.849998474121094,32.849998474121094,793100,905,3,-1.113795102305537,24.957919539462196
2018-12-21,32.84000015258789,33.029998779296875,30.920000076293945,31.0,31.0,1064400,906,4,-5.602923702918716,14.211004881280488
2018-12-24,30.770000457763672,31.65999984741211,30.049999237060547,30.84000015258789,30.84000015258789,368800,907,0,0.22749331746128032,8.402598713182954
2018-12-26,30.8700008392334,32.45000076293945,30.510000228881836,32.369998931884766,32.369998931884766,523500,908,2,4.85908018099237,16.470017873184787
2018-12-27,31.889999389648438,32.650001525878906,31.0,32.56999969482422,32.56999969482422,416300,909,3,2.13233088175131,23.556744037228583
2018-12-28,32.66999816894531,33.0,31.860000610351562,32.36000061035156,32.36000061035156,437100,910,4,-0.9488753473161249,31.499571481374673
2018-12-31,32.720001220703125,33.25,32.119998931884766,33.220001220703125,33.220001220703125,391600,911,0,1.528117302402876,28.18606063982564
2019-01-02,32.599998474121094,33.18000030517578,32.2400016784668,32.77000045776367,32.77000045776367,433900,912,2,0.5214785018395895,29.50342096856869
2019-01-03,32.720001220703125,34.0,32.290000915527344,32.79999923706055,32.79999923706055,545300,913,3,0.24449270590736205,28.174599570392502
2019-01-04,32.97999954223633,34.849998474121094,32.599998474121094,34.34000015258789,34.34000015258789,507600,914,4,4.1237132481152905,43.71258351312282
2019-01-07,34.47999954223633,35.9900016784668,33.7599983215332,34.900001525878906,34.900001525878906,612100,915,0,1.2181032169913397,45.87333669895491
2019-01-08,35.209999084472656,35.65999984741211,34.36000061035156,35.38999938964844,35.38999938964844,624900,916,1,0.5112192838856444,48.01843149470759
2019-01-09,35.4900016784668,36.61000061035156,34.959999084472656,35.959999084472656,35.959999084472656,689800,917,2,1.3243093372154568,54.52829822011958
2019-01-10,35.900001525878906,36.540000915527344,35.290000915527344,35.95000076293945,35.95000076293945,365800,918,3,0.13927363491754718,64.50894900351625
2019-01-11,35.939998626708984,38.0,35.79999923706055,37.720001220703125,37.720001220703125,624500,919,4,4.9527063494969825,73.80256490954353
2019-01-14,37.41999816894531,37.86000061035156,36.650001525878906,36.90999984741211,36.90999984741211,515300,920,0,-1.3629031172867623,82.15451975278765
2019-01-15,37.119998931884766,38.209999084472656,36.5,37.83000183105469,37.83000183105469,489400,921,1,1.9127233825431356,85.12563388187014
2019-01-16,37.849998474121094,38.31999969482422,36.36000061035156,37.41999816894531,37.41999816894531,589000,922,2,-1.1360642602661675,78.59567388549782
2019-01-17,37.43000030517578,38.09000015258789,36.77000045776367,37.15999984741211,37.15999984741211,507600,923,3,-0.7213477305965665,75.81551461277404
2019-01-18,37.16999816894531,38.06999969482422,36.369998931884766,38.04999923706055,38.04999923706055,481800,924,4,2.367503662807424,79.72829958237651
2019-01-22,37.970001220703125,38.150001525878906,36.869998931884766,37.619998931884766,37.619998931884766,513600,925,1,-0.9217863512406721,74.07000092237178
2019-01-23,37.90999984741211,38.400001525878906,36.52000045776367,37.0,37.0,483900,926,2,-2.400421659390295,72.71750224640974
2019-01-24,37.0099983215332,37.099998474121094,35.810001373291016,36.08000183105469,36.08000183105469,433400,927,3,-2.512825000420016,66.07844288557143
2019-01-25,36.349998474121094,36.4900016784668,35.470001220703125,36.34000015258789,36.34000015258789,566800,928,4,-0.027505700008001455,61.210764633130395
2019-01-28,36.29999923706055,36.33000183105469,35.25,36.150001525878906,36.150001525878906,670500,929,0,-0.41321684389596935,57.309945434184165
2019-01-29,36.45000076293945,37.040000915527344,35.70000076293945,36.7599983215332,36.7599983215332,426300,930,1,0.8504733939784792,57.90080636680867
2019-01-30,36.790000915527344,37.970001220703125,36.290000915527344,37.099998474121094,37.099998474121094,471600,931,2,0.8426136202212442,56.75355503788937
2019-01-31,37.41999816894531,38.58000183105469,37.25,38.130001068115234,38.130001068115234,490800,932,3,1.897388920128673,61.52220145958558
2019-02-01,38.0,38.0,35.88999938964844,37.689998626708984,37.689998626708984,867400,933,4,-0.8157930876079411,49.8154822259999
2019-02-04,37.790000915527344,37.869998931884766,36.59000015258789,36.880001068115234,36.880001068115234,683300,934,0,-2.4080439940878717,49.815505600052546
2019-02-05,36.88999938964844,39.15999984741211,36.630001068115234,38.189998626708984,38.189998626708984,772500,935,1,3.523988231415731,52.11265902980347
2019-02-06,38.31999969482422,38.91999816894531,37.83000183105469,38.380001068115234,38.380001068115234,295100,936,2,0.1565797854093498,55.78315584249053
2019-02-07,38.25,38.5,37.290000915527344,37.81999969482422,37.81999969482422,273100,937,3,-1.1241838043811292,53.83721079808396
2019-02-08,37.619998931884766,37.619998931884766,36.97999954223633,37.45000076293945,37.45000076293945,257900,938,4,-0.4518824395851606,46.28713549077909
2019-02-11,37.7599983215332,38.349998474121094,37.119998931884766,37.470001220703125,37.470001220703125,398500,939,0,-0.7680008308281749,49.0221784772334
2019-02-12,37.65999984741211,38.5,37.349998474121094,38.2400016784668,38.2400016784668,339200,940,1,1.5401004604479462,57.92840365567217
2019-02-13,38.36000061035156,38.72999954223633,37.220001220703125,37.88999938964844,37.88999938964844,477400,941,2,-1.2252377821294735,62.482741783405174
2019-02-14,37.88999938964844,38.34000015258789,37.619998931884766,38.2400016784668,38.2400016784668,419200,942,3,0.9237326325056028,62.94278269022285
2019-02-15,38.54999923706055,39.400001525878906,38.29999923706055,39.099998474121094,39.099998474121094,860300,943,4,1.4267165964864548,68.41445793690178
2019-02-19,39.029998779296875,39.20000076293945,37.959999084472656,38.09000015258789,38.09000015258789,475100,944,1,-2.4084003487276573,57.90726071289902
2019-02-20,38.099998474121094,38.5099983215332,37.29999923706055,37.65999984741211,37.65999984741211,512100,945,2,-1.154852084857294,53.29412424687813
2019-02-21,37.72999954223633,37.97999954223633,36.5,36.630001068115234,36.630001068115234,383100,946,3,-2.9154478862097988,41.17647058823529
2019-02-22,36.65999984741211,37.119998931884766,35.900001525878906,36.75,36.75,945900,947,4,0.2454995989156883,44.254284657682064
2019-02-25,37.31999969482422,37.779998779296875,36.59000015258789,37.209999084472656,37.209999084472656,917000,948,0,-0.2947497621947126,52.107267560400615
2019-02-26,37.20000076293945,37.58000183105469,36.630001068115234,36.880001068115234,36.880001068115234,837700,949,1,-0.8602142157561943,40.43797189486358
2019-02-27,39.4900016784668,43.04999923706055,39.060001373291016,41.9900016784668,41.9900016784668,1776400,950,2,6.330716368045142,65.33560594716982
2019-02-28,41.7400016784668,41.900001525878906,40.5,40.84000015258789,40.84000015258789,788200,951,3,-2.156208648029856,62.2168334979888
2019-03-01,40.869998931884766,42.290000915527344,40.720001220703125,41.130001068115234,41.130001068115234,529000,952,4,0.6361686885869355,64.98371608708942
2019-03-04,41.279998779296875,41.61000061035156,38.630001068115234,39.02000045776367,39.02000045776367,779100,953,0,-5.474802297394099,55.39317798285058
2019-03-05,39.029998779296875,39.97999954223633,38.31999969482422,39.5099983215332,39.5099983215332,473400,954,1,1.229822078526266,54.50673162934453
2019-03-06,39.279998779296875,39.47999954223633,37.45000076293945,37.630001068115234,37.630001068115234,747100,955,2,-4.200605301574745,49.16773858417017
2019-03-07,37.59000015258789,38.279998779296875,37.06999969482422,37.470001220703125,37.470001220703125,463500,956,3,-0.31923099600335014,47.504857376450566
2019-03-08,37.279998779296875,38.060001373291016,37.09000015258789,37.61000061035156,37.61000061035156,450600,957,4,0.8851980736596765,44.93542240211445
2019-03-11,37.81999969482422,39.09000015258789,37.279998779296875,38.939998626708984,38.939998626708984,465300,958,0,2.9613932864151815,52.82767456628415
2019-03-12,38.91999816894531,39.099998474121094,38.0,38.2599983215332,38.2599983215332,318600,959,1,-1.6957859158861166,51.96334692944154
2019-03-13,38.560001373291016,38.90999984741211,38.29999923706055,38.5,38.5,354500,960,2,-0.15560521564861318,56.45272498232839
2019-03-14,38.47999954223633,38.900001525878906,37.599998474121094,37.7400016784668,37.7400016784668,540100,961,3,-1.9230713944195732,53.271652702549034
2019-03-15,37.810001373291016,38.65999984741211,37.7400016784668,38.0,38.0,702300,962,4,0.5025089124783833,52.64568420321079
2019-03-18,38.0099983215332,38.869998931884766,37.95000076293945,38.369998931884766,38.369998931884766,469300,963,0,0.9471208267526121,54.976614901941595
2019-03-19,38.619998931884766,38.84000015258789,37.72999954223633,38.02000045776367,38.02000045776367,440600,964,1,-1.5535952633746297,30.55825395069958
2019-03-20,38.0099983215332,38.61000061035156,37.34000015258789,38.040000915527344,38.040000915527344,550400,965,2,0.07893342625364674,34.58148567491435
2019-03-21,37.81999969482422,38.560001373291016,37.65999984741211,37.790000915527344,37.790000915527344,522900,966,3,-0.07931988244035404,31.526526313213182
2019-03-22,37.72999954223633,38.380001068115234,35.630001068115234,35.65999984741211,35.65999984741211,772100,967,4,-5.486349642032162,31.456929662125233
2019-03-25,35.630001068115234,35.66999816894531,33.93000030517578,34.279998779296875,34.279998779296875,641100,968,0,-3.788948213157528,23.71857712843959
2019-03-26,34.5,34.83000183105469,33.939998626708984,34.209999084472656,34.209999084472656,422300,969,1,-0.8405823638473753,28.992605388098795
2019-03-27,34.220001220703125,34.810001373291016,33.689998626708984,34.380001068115234,34.380001068115234,469500,970,2,0.46756236617346847,31.042938525317197
2019-03-28,34.0,34.38999938964844,32.900001525878906,34.310001373291016,34.310001373291016,530000,971,3,0.9117687449735845,29.579207628641015
2019-03-29,34.68000030517578,35.709999084472656,34.459999084472656,35.040000915527344,35.040000915527344,645800,972,4,1.0380640345549086,23.930494987599687
2019-04-01,35.33000183105469,35.689998626708984,34.5,35.66999816894531,35.66999816894531,661300,973,0,0.9623445238312156,32.57065022906164
2019-04-02,35.779998779296875,36.650001525878906,35.58000183105469,36.47999954223633,36.47999954223633,618200,974,1,1.956402422642034,37.3749911189037
2019-04-03,36.779998779296875,37.599998474121094,36.630001068115234,36.959999084472656,36.959999084472656,675400,975,2,0.4893972570687133,44.94816803055317
2019-04-04,36.97999954223633,38.529998779296875,36.97999954223633,38.27000045776367,38.27000045776367,504900,976,3,3.488374611941203,51.5393411839828
2019-04-05,38.369998931884766,39.08000183105469,37.970001220703125,38.79999923706055,38.79999923706055,482800,977,4,1.1206680144534964,52.40761640806751
2019-04-08,38.939998626708984,39.150001525878906,38.33000183105469,38.869998931884766,38.869998931884766,282600,978,0,-0.1797629617177332,54.913285110864344
2019-04-09,38.810001373291016,39.099998474121094,38.04999923706055,38.11000061035156,38.11000061035156,401100,979,1,-1.80366075282129,50.3727353534303
2019-04-10,38.099998474121094,39.040000915527344,38.0,38.61000061035156,38.61000061035156,327800,980,2,1.3385883376790142,54.25311071961657
2019-04-11,38.88999938964844,38.88999938964844,38.02000045776367,38.20000076293945,38.20000076293945,331500,981,3,-1.7742315184829938,66.03536302247397
2019-04-12,38.380001068115234,38.54999923706055,37.119998931884766,37.7599983215332,37.7599983215332,548400,982,4,-1.6154318116919142,74.92836511792498
2019-04-15,37.84000015258789,38.040000915527344,37.13999938964844,37.720001220703125,37.720001220703125,492800,983,0,-0.3171219117359292,75.25182501783851
2019-04-16,37.90999984741211,38.470001220703125,37.02000045776367,37.849998474121094,37.849998474121094,706300,984,1,-0.15827320900163588,75.10854785739089
2019-04-17,38.029998779296875,38.029998779296875,34.720001220703125,35.060001373291016,35.060001373291016,1251600,985,2,-7.809617410828562,53.894085192620636
2019-04-18,35.02000045776367,36.209999084472656,33.459999084472656,36.06999969482422,36.06999969482422,960600,986,3,2.9982844755439553,55.196770860759926
2019-04-22,36.08000183105469,36.68000030517578,35.59000015258789,36.369998931884766,36.369998931884766,571800,987,0,0.8037613251462572,53.65345232439932
2019-04-23,36.540000915527344,37.31999969482422,35.970001220703125,37.279998779296875,37.279998779296875,497000,988,1,2.025171990225849,54.1322322191751
2019-04-24,37.470001220703125,37.79999923706055,36.72999954223633,36.959999084472656,36.959999084472656,398100,989,2,-1.361094527930462,50.0
2019-04-25,37.060001373291016,37.25,35.709999084472656,36.54999923706055,36.54999923706055,409800,990,3,-1.3761525022447096,40.023180293829476
2019-04-26,36.630001068115234,36.97999954223633,35.400001525878906,36.279998779296875,36.279998779296875,528600,991,4,-0.9555071761191414,34.92820739568546
2019-04-29,36.2400016784668,37.220001220703125,36.15999984741211,36.86000061035156,36.86000061035156,343800,992,0,1.7108137504672216,38.669671406730124
2019-04-30,37.099998474121094,37.099998474121094,36.16999816894531,36.72999954223633,36.72999954223633,450000,993,1,-0.9973017442112764,41.62620106339393
2019-05-01,36.650001525878906,36.880001068115234,35.95000076293945,36.52000045776367,36.52000045776367,742500,994,2,-0.35470958445510403,36.855333599162776
2019-05-02,36.459999084472656,36.959999084472656,35.880001068115234,36.939998626708984,36.939998626708984,420500,995,3,1.3165100227354287,42.08540522096514
2019-05-03,37.130001068115234,38.06999969482422,36.810001373291016,37.779998779296875,37.779998779296875,604300,996,4,1.7505997642963012,50.11962011771733
2019-05-06,37.27000045776367,38.52000045776367,37.20000076293945,38.34000015258789,38.34000015258789,378200,997,0,2.870940922141374,53.490987556259306
2019-05-07,38.04999923706055,38.7400016784668,36.380001068115234,36.959999084472656,36.959999084472656,1085100,998,1,-2.8646522324400903,45.607109422719034
2019-05-08,32.0,38.150001525878906,30.5,35.65999984741211,35.65999984741211,3070000,999,2,11.437499523162842,53.472213637190485
2019-05-09,34.86000061035156,36.709999084472656,34.529998779296875,36.5,36.5,816500,1000,3,4.704530582140731,52.53837215586662
2019-05-10,36.4900016784668,36.90999984741211,35.880001068115234,36.40999984741211,36.40999984741211,388900,1001,4,-0.21924315531587357,50.24213622991626
2019-05-13,35.720001220703125,35.720001220703125,33.2400016784668,33.380001068115234,33.380001068115234,888000,1002,0,-6.550952051008441,31.213885790621646
2019-05-14,33.38999938964844,34.13999938964844,32.90999984741211,33.380001068115234,33.380001068115234,591000,1003,1,-0.029944060245479243,32.206771731352816
2019-05-15,33.02000045776367,33.59000015258789,32.72999954223633,33.34000015258789,33.34000015258789,438000,1004,2,0.9691086928770076,33.436541405005
2019-05-16,33.439998626708984,34.119998931884766,32.970001220703125,33.59000015258789,33.59000015258789,340200,1005,3,0.4485691747579734,36.09101305636086
2019-05-17,33.13999938964844,33.77000045776367,33.029998779296875,33.25,33.25,363000,1006,4,0.33192701381257184,30.858958146744882
2019-05-20,33.0,33.4900016784668,32.7599983215332,33.099998474121094,33.099998474121094,320300,1007,0,0.3030256791548336,30.793646692859582
2019-05-21,33.209999084472656,33.900001525878906,33.119998931884766,33.869998931884766,33.869998931884766,343900,1008,1,1.987352802188691,36.76323196631787
2019-05-22,33.79999923706055,33.970001220703125,33.2599983215332,33.75,33.75,276900,1009,2,-0.14792674020455143,33.573647403433384
2019-05-23,33.47999954223633,33.95000076293945,32.7599983215332,32.869998931884766,32.869998931884766,485300,1010,3,-1.8219851215410698,24.820523454510237
2019-05-24,33.150001525878906,33.75,33.08000183105469,33.599998474121094,33.599998474121094,325000,1011,4,1.3574567949593996,26.10886728509358
2019-05-28,33.61000061035156,33.86000061035156,32.060001373291016,32.06999969482422,32.06999969482422,396300,1012,1,-4.581972292654579,25.719962572780403
2019-05-29,31.899999618530273,32.15999984741211,31.110000610351562,32.0099983215332,32.0099983215332,340800,1013,2,0.3448235245088638,29.331818975155656
2019-05-30,32.15999984741211,32.93000030517578,30.799999237060547,30.979999542236328,30.979999542236328,549700,1014,3,-3.6691551951942403,19.401329392325522
2019-05-31,30.670000076293945,30.90999984741211,29.709999084472656,30.030000686645508,30.030000686645508,593100,1015,4,-2.0867277080417024,17.712552111838605
2019-06-03,29.940000534057617,30.600000381469727,29.649999618530273,29.959999084472656,29.959999084472656,488100,1016,0,0.06679542437646457,25.2890100918559
2019-06-04,30.360000610351562,31.299999237060547,30.360000610351562,31.170000076293945,31.170000076293945,907400,1017,1,2.6679823770036526,36.40836295822392
2019-06-05,31.350000381469727,31.56999969482422,30.280000686645508,30.969999313354492,30.969999313354492,343800,1018,2,-1.2121246044381029,35.70566928702688
2019-06-06,30.959999084472656,31.389999389648438,30.1200008392334,30.540000915527344,30.540000915527344,366000,1019,3,-1.356583273143419,31.995284548451608
2019-06-07,30.770000457763672,31.3700008392334,30.610000610351562,30.690000534057617,30.690000534057617,276200,1020,4,-0.2599932483454692,34.54106730889947
2019-06-10,30.860000610351562,31.68000030517578,30.68000030517578,30.760000228881836,30.760000228881836,418200,1021,0,-0.3240452997145482,35.73171602552219
2019-06-11,31.1200008392334,31.3799991607666,30.360000610351562,30.899999618530273,30.899999618530273,350400,1022,1,-0.7069447775392312,30.38308995104134
2019-06-12,30.920000076293945,31.649999618530273,30.639999389648438,31.549999237060547,31.549999237060547,308400,1023,2,2.037513451526851,36.419745818667145
2019-06-13,31.68000030517578,32.11000061035156,31.479999542236328,32.099998474121094,32.099998474121094,360600,1024,3,1.3257517831421595,45.045039958602906
2019-06-14,32.150001525878906,32.279998779296875,31.309999465942383,31.40999984741211,31.40999984741211,313600,1025,4,-2.3017158424429196,35.834412437597834
2019-06-17,30.969999313354492,31.469999313354492,29.75,30.020000457763672,30.020000457763672,923600,1026,0,-3.067481035368236,36.49538717939439
2019-06-18,30.15999984741211,31.489999771118164,29.899999618530273,31.309999465942383,31.309999465942383,625300,1027,1,3.8129961019510716,46.03174980758905
2019-06-19,31.299999237060547,31.940000534057617,31.010000228881836,31.459999084472656,31.459999084472656,365300,1028,2,0.5111816335850339,53.02266911755521
2019-06-20,31.93000030517578,32.09000015258789,31.049999237060547,31.079999923706055,31.079999923706055,520000,1029,3,-2.6620744545747588,57.12347308488613
2019-06-21,30.899999618530273,30.979999542236328,30.25,30.850000381469727,30.850000381469727,665800,1030,4,-0.1618098306724991,55.90970861613244
2019-06-24,30.989999771118164,31.079999923706055,29.600000381469727,29.989999771118164,29.989999771118164,465300,1031,0,-3.226847393951815,41.78271929749994
2019-06-25,30.190000534057617,31.969999313354492,30.020000457763672,31.18000030517578,31.18000030517578,698900,1032,1,3.2792307174732693,51.28519697653445
2019-06-26,31.3700008392334,32.099998474121094,30.920000076293945,31.690000534057617,31.690000534057617,511000,1033,2,1.0200818816173074,56.96969949181262
2019-06-27,31.899999618530273,32.34000015258789,31.540000915527344,32.029998779296875,32.029998779296875,528500,1034,3,0.40752088501934125,57.93838490372966
2019-06-28,32.150001525878906,33.16999816894531,32.150001525878906,33.09000015258789,33.09000015258789,724400,1035,4,2.923790302007734,62.354195451365314
2019-07-01,33.45000076293945,33.45000076293945,32.77000045776367,33.27000045776367,33.27000045776367,392500,1036,0,-0.5381174919888543,62.51320995648545
2019-07-02,33.40999984741211,33.43000030517578,32.4900016784668,32.790000915527344,32.790000915527344,381500,1037,1,-1.8557286283040542,56.66667897214777
2019-07-03,33.13999938964844,33.13999938964844,32.599998474121094,32.79999923706055,32.79999923706055,138600,1038,2,-1.0259509923047583,53.99544065006663
2019-07-05,32.54999923706055,32.65999984741211,32.18000030517578,32.58000183105469,32.58000183105469,269500,1039,4,0.0921738700380148,57.056712492154325
2019-07-08,32.54999923706055,32.61000061035156,31.579999923706055,31.770000457763672,31.770000457763672,920600,1040,0,-2.3963096699823883,61.34890449842637
2019-07-09,31.579999923706055,32.630001068115234,31.579999923706055,32.209999084472656,32.209999084472656,267000,1041,1,1.99493084955229,56.55976887143542
2019-07-10,32.2400016784668,32.41999816894531,31.510000228881836,32.2400016784668,32.2400016784668,314400,1042,2,0.0,55.786371225627526
2019-07-11,32.33000183105469,32.52000045776367,31.440000534057617,31.979999542236328,31.979999542236328,415800,1043,3,-1.0825928518264583,56.797579338634144
2019-07-12,31.899999618530273,32.099998474121094,31.649999618530273,31.899999618530273,31.899999618530273,222200,1044,4,0.0,58.114366607078004
2019-07-15,31.940000534057617,32.25,31.639999389648438,32.099998474121094,32.099998474121094,220100,1045,0,0.5009328033444227,68.15833818377716
2019-07-16,32.099998474121094,32.209999084472656,31.709999084472656,31.950000762939453,31.950000762939453,184400,1046,1,-0.4672826115632578,58.07128930460499
2019-07-17,31.90999984741211,32.29999923706055,31.31999969482422,31.889999389648438,31.889999389648438,316700,1047,2,-0.06267771187499216,52.314802754883935
2019-07-18,31.850000381469727,32.70000076293945,31.549999237060547,32.31999969482422,32.31999969482422,388400,1048,3,1.4756650164059026,53.28799235330499
2019-07-19,32.27000045776367,32.61000061035156,31.860000610351562,32.02000045776367,32.02000045776367,311700,1049,4,-0.7747133450686228,35.342460742560036
2019-07-22,32.08000183105469,32.439998626708984,31.940000534057617,32.09000015258789,32.09000015258789,266100,1050,0,0.03116683591808389,33.333315373350345
2019-07-23,32.11000061035156,32.380001068115234,31.940000534057617,32.08000183105469,32.08000183105469,274200,1051,1,-0.09342503496311272,38.43648147756968
2019-07-24,32.099998474121094,32.79999923706055,31.770000457763672,32.779998779296875,32.779998779296875,228500,1052,2,2.118381113706258,49.73403607734918
2019-07-25,32.959999084472656,32.959999084472656,31.850000381469727,32.0,32.0,679500,1053,3,-2.912618662434696,43.28700944226777
2019-07-26,32.119998931884766,32.79999923706055,31.729999542236328,32.43000030517578,32.43000030517578,336000,1054,4,0.9651350672471137,58.37564360998638
2019-07-29,32.560001373291016,32.939998626708984,32.189998626708984,32.779998779296875,32.779998779296875,213900,1055,0,0.6756676803653994,57.40260370789088
2019-07-30,32.439998626708984,33.58000183105469,32.16999816894531,33.349998474121094,33.349998474121094,426800,1056,1,2.8051784399980573,62.642356253421504
2019-07-31,33.400001525878906,34.11000061035156,32.959999084472656,33.369998931884766,33.369998931884766,431100,1057,2,-0.0898281216271668,66.74702062239463
2019-08-01,33.34000015258789,33.790000915527344,32.5099983215332,32.75,32.75,451600,1058,3,-1.769646520358803,59.06185883553858
2019-08-02,32.630001068115234,33.02000045776367,32.33000183105469,32.529998779296875,32.529998779296875,474700,1059,4,-0.30647344635265084,54.56476735973876
2019-08-05,31.940000534057617,32.869998931884766,31.260000228881836,32.09000015258789,32.09000015258789,603000,1060,0,0.46962935511014603,51.39999603270879
2019-08-06,32.20000076293945,33.43000030517578,31.8799991607666,33.29999923706055,33.29999923706055,547500,1061,1,3.416144248627262,61.463431880872086
2019-08-07,30.799999237060547,31.0,27.979999542236328,28.309999465942383,28.309999465942383,2687500,1062,2,-8.084415041549853,31.27915899912361
2019-08-08,28.260000228881836,29.559999465942383,27.59000015258789,28.65999984741211,28.65999984741211,853800,1063,3,1.4154268056992825,34.38660075790584
2019-08-09,28.639999389648438,28.780000686645508,27.780000686645508,28.389999389648438,28.389999389648438,700400,1064,4,-0.872905046535577,33.12042131554254
2019-08-12,28.059999465942383,28.389999389648438,27.829999923706055,28.280000686645508,28.280000686645508,476400,1065,0,0.7840385776562542,32.82095863826933
2019-08-13,28.1200008392334,29.469999313354492,28.1200008392334,28.790000915527344,28.790000915527344,600600,1066,1,2.3826460039046315,31.646735712601213
2019-08-14,28.200000762939453,28.65999984741211,27.31999969482422,27.520000457763672,27.520000457763672,421200,1067,2,-2.411348534676072,30.281686593652353
2019-08-15,27.579999923706055,27.860000610351562,26.979999542236328,27.010000228881836,27.010000228881836,224500,1068,3,-2.0667139100833842,26.311181684512775
2019-08-16,27.18000030517578,27.389999389648438,26.899999618530273,27.110000610351562,27.110000610351562,441400,1069,4,-0.2575411848354081,24.664884428976563
2019-08-19,27.40999984741211,27.809999465942383,27.170000076293945,27.510000228881836,27.510000228881836,882800,1070,0,0.3648317476337759,23.502726799272992
2019-08-20,27.389999389648438,27.829999923706055,27.0,27.18000030517578,27.18000030517578,585600,1071,1,-0.7666998508660816,22.683143378435204
2019-08-21,27.440000534057617,27.709999084472656,27.190000534057617,27.43000030517578,27.43000030517578,458300,1072,2,-0.03644398209622368,25.72992637215995
2019-08-22,27.489999771118164,27.600000381469727,26.90999984741211,27.1200008392334,27.1200008392334,349500,1073,3,-1.3459401053669606,25.520365396303134
2019-08-23,27.15999984741211,27.40999984741211,25.940000534057617,26.1299991607666,26.1299991607666,574500,1074,4,-3.7923442283953057,24.310341397307127
2019-08-26,26.350000381469727,26.670000076293945,26.290000915527344,26.530000686645508,26.530000686645508,388600,1075,0,0.6831131027321025,18.62837451690973
2019-08-27,26.729999542236328,27.0,25.31999969482422,25.469999313354492,25.469999313354492,597300,1076,1,-4.713805650804059,29.300303785389502
2019-08-28,25.8799991607666,27.200000762939453,25.850000381469727,26.770000457763672,26.770000457763672,731400,1077,2,3.4389541184618233,37.90013998610885
2019-08-29,27.020000457763672,27.68000030517578,26.469999313354492,26.940000534057617,26.940000534057617,528000,1078,3,-0.29607669263775893,40.59664103993233
2019-08-30,26.959999084472656,27.5,26.5,27.030000686645508,27.030000686645508,345300,1079,4,0.259649868508971,41.87256838050111
2019-09-03,26.829999923706055,27.450000762939453,26.3799991607666,26.770000457763672,26.770000457763672,474900,1080,1,-0.22362827474095015,36.424739521512265
2019-09-04,26.93000030517578,27.239999771118164,26.6200008392334,27.100000381469727,27.100000381469727,421000,1081,2,0.6312665219735392,46.769233026446095
2019-09-05,27.360000610351562,27.84000015258789,27.149999618530273,27.610000610351562,27.610000610351562,626500,1082,3,0.9137426696745443,54.61538348677695
2019-09-06,27.549999237060547,27.610000610351562,27.059999465942383,27.290000915527344,27.290000915527344,438900,1083,4,-0.9437325906835214,51.33928698139031
2019-09-09,27.559999465942383,28.229999542236328,27.06999969482422,28.15999984741211,28.15999984741211,581800,1084,0,2.1770696411339996,54.520161511743986
2019-09-10,27.959999084472656,28.5,27.829999923706055,28.110000610351562,28.110000610351562,604500,1085,1,0.5364861616258265,56.72937635529332
2019-09-11,28.079999923706055,28.729999542236328,27.860000610351562,28.579999923706055,28.579999923706055,526900,1086,2,1.7806267854647784,58.064510088479
2019-09-12,28.530000686645508,28.739999771118164,27.479999542236328,27.889999389648438,27.889999389648438,571000,1087,3,-2.2432572085308244,55.12648559139839
2019-09-13,28.1200008392334,28.59000015258789,27.219999313354492,27.530000686645508,27.530000686645508,450700,1088,4,-2.098151262373771,60.17442811431449
2019-09-16,27.40999984741211,28.420000076293945,27.260000228881836,28.260000228881836,28.260000228881836,589900,1089,0,3.101059417006824,61.99722442380076
2019-09-17,28.239999771118164,29.559999465942383,28.219999313354492,29.270000457763672,29.270000457763672,968800,1090,1,3.6473112428949683,76.5363284753647
2019-09-18,29.1299991607666,29.729999542236328,28.43000030517578,28.700000762939453,28.700000762939453,720500,1091,2,-1.4761359773957206,65.00778661414286
2019-09-19,28.850000381469727,29.809999465942383,28.6299991607666,28.979999542236328,28.979999542236328,837800,1092,3,0.45060367087585984,65.59633415489374
2019-09-20,28.850000381469727,29.75,28.850000381469727,29.420000076293945,29.420000076293945,776300,1093,4,1.975735484531671,67.3439834877207
2019-09-23,29.170000076293945,29.25,27.920000076293945,27.969999313354492,27.969999313354492,679700,1094,0,-4.113818168669381,57.42573906844387
2019-09-24,28.1200008392334,28.280000686645508,27.3700008392334,28.190000534057617,28.190000534057617,891600,1095,1,0.24893205097828996,56.83814621926045
2019-09-25,28.190000534057617,28.799999237060547,27.940000534057617,28.469999313354492,28.469999313354492,392500,1096,2,0.9932556721969465,55.55555007938665
2019-09-26,28.420000076293945,28.690000534057617,27.3700008392334,27.510000228881836,27.510000228881836,482100,1097,3,-3.2019698978508093,51.31264579674071
2019-09-27,27.610000610351562,28.190000534057617,27.309999465942383,27.469999313354492,27.469999313354492,431200,1098,4,-0.5070673448104968,45.43045842319559
2019-09-30,27.510000228881836,27.670000076293945,27.1299991607666,27.479999542236328,27.479999542236328,378200,1099,0,-0.10905374916722055,45.80558449454742
2019-10-01,27.600000381469727,27.920000076293945,26.360000610351562,26.6200008392334,26.6200008392334,348500,1100,1,-3.5507229300412835,37.59493890929564
2019-10-02,26.489999771118164,27.079999923706055,26.049999237060547,26.649999618530273,26.649999618530273,325400,1101,2,0.6040009392018098,41.43646088629061
2019-10-03,26.600000381469727,27.270000457763672,26.290000915527344,27.18000030517578,27.18000030517578,290300,1102,3,2.1804508097304387,47.63832335514301
2019-10-04,27.329999923706055,27.719999313354492,26.450000762939453,26.920000076293945,26.920000076293945,884000,1103,4,-1.5001823950115512,40.345818315937244
2019-10-07,26.719999313354492,27.18000030517578,26.559999465942383,26.760000228881836,26.760000228881836,545300,1104,0,0.14970402902425572,29.392438816842173
2019-10-08,26.43000030517578,26.670000076293945,25.459999084472656,25.479999542236328,25.479999542236328,415000,1105,1,-3.5944031478252203,26.32351777957666
2019-10-09,25.549999237060547,26.229999542236328,25.3799991607666,25.739999771118164,25.739999771118164,373200,1106,2,0.7436420341728311,26.106198798032906
2019-10-10,25.799999237060547,26.239999771118164,25.149999618530273,25.219999313354492,25.219999313354492,344000,1107,3,-2.2480617862690067,19.38775226490678
2019-10-11,25.489999771118164,26.34000015258789,25.420000076293945,25.860000610351562,25.860000610351562,769700,1108,4,1.4515529327412402,32.561997488605556
2019-10-14,25.770000457763672,25.93000030517578,25.15999984741211,25.190000534057617,25.190000534057617,415800,1109,0,-2.2506787481694435,26.92307692307692
2019-10-15,25.18000030517578,26.280000686645508,24.770000457763672,26.209999084472656,26.209999084472656,512400,1110,1,4.090543156527127,34.39226311927911
2019-10-16,26.209999084472656,27.049999237060547,26.100000381469727,26.18000030517578,26.18000030517578,475400,1111,2,-0.11445547632485953,39.46117245425612
2019-10-17,26.389999389648438,26.90999984741211,26.030000686645508,26.59000015258789,26.59000015258789,624200,1112,3,0.7578657353736196,43.41317835455735
2019-10-18,26.3799991607666,26.6200008392334,25.299999237060547,25.670000076293945,25.670000076293945,419300,1113,4,-2.6914295188022463,38.07641709879389
2019-10-21,25.979999542236328,26.829999923706055,25.75,26.649999618530273,26.649999618530273,599300,1114,0,2.578907190528268,50.194544635921496
2019-10-22,26.969999313354492,26.979999542236328,26.389999389648438,26.56999969482422,26.56999969482422,376800,1115,1,-1.4831280263778446,49.48453658926256
2019-10-23,26.540000915527344,26.860000610351562,26.329999923706055,26.610000610351562,26.610000610351562,437400,1116,2,0.2637516669536488,46.079782263180505
2019-10-24,26.65999984741211,26.81999969482422,26.299999237060547,26.600000381469727,26.600000381469727,213900,1117,3,-0.22505426213723645,47.72080004303761
2019-10-25,26.520000457763672,27.520000457763672,26.34000015258789,27.479999542236328,27.479999542236328,433000,1118,4,3.6199059875642536,54.65115849254396
2019-10-28,27.56999969482422,28.3700008392334,27.450000762939453,28.139999389648438,28.139999389648438,396700,1119,0,2.067463551445825,68.67977701162357
2019-10-29,28.149999618530273,28.829999923706055,28.149999618530273,28.3700008392334,28.3700008392334,468600,1120,1,0.7815318780974412,68.5472567807722
2019-10-30,28.399999618530273,28.43000030517578,27.1299991607666,27.719999313354492,27.719999313354492,428400,1121,2,-2.39436730390693,67.31301646342752
2019-10-31,27.510000228881836,27.809999465942383,27.190000534057617,27.790000915527344,27.790000915527344,430700,1122,3,1.0178141923515627,64.51127716035148
2019-11-01,27.829999923706055,28.799999237060547,27.829999923706055,28.770000457763672,28.770000457763672,393600,1123,4,3.377651946225524,75.71838659156026
2019-11-04,28.8799991607666,28.889999389648438,28.329999923706055,28.440000534057617,28.440000534057617,461000,1124,0,-1.523540995481476,67.7830989505936
2019-11-05,28.65999984741211,29.360000610351562,28.540000915527344,29.1299991607666,29.1299991607666,487300,1125,1,1.6399138724940698,71.28425623197755
2019-11-06,21.969999313354492,22.0,19.350000381469727,19.93000030517578,19.93000030517578,6732100,1126,2,-9.285384942814702,28.816796023396805
2019-11-07,20.0,21.360000610351562,19.959999084472656,21.149999618530273,21.149999618530273,2316900,1127,3,5.749998092651376,35.89263318162651
2019-11-08,20.959999084472656,21.889999389648438,20.489999771118164,21.719999313354492,21.719999313354492,1010000,1128,4,3.625955448847562,34.20884012680142
2019-11-11,21.6299991607666,22.190000534057617,21.360000610351562,21.850000381469727,21.850000381469727,847500,1129,0,1.0171115545033027,34.929761224581014
2019-11-12,22.0,22.479999542236328,21.5,21.6299991607666,21.6299991607666,508700,1130,1,-1.6818219965154424,34.280300498884785
2019-11-13,21.5,22.09000015258789,21.200000762939453,21.899999618530273,21.899999618530273,477100,1131,2,1.8604633420012728,35.40372641374201
2019-11-14,21.690000534057617,22.030000686645508,21.5,21.829999923706055,21.829999923706055,320700,1132,3,0.6454559068756582,31.52387647019566
2019-11-15,21.899999618530273,22.100000381469727,21.610000610351562,22.079999923706055,22.079999923706055,411600,1133,4,0.8219192160326738,29.637102640587784
2019-11-18,21.920000076293945,22.18000030517578,21.700000762939453,22.040000915527344,22.040000915527344,619500,1134,0,0.5474490821885336,28.454732152560354
2019-11-19,22.1299991607666,22.3700008392334,21.709999084472656,21.739999771118164,21.739999771118164,634700,1135,1,-1.7623109102500645,29.149234732898037
2019-11-20,21.6200008392334,22.059999465942383,21.510000228881836,21.899999618530273,21.899999618530273,729400,1136,2,1.2950914358373478,29.591122831018538
2019-11-21,21.959999084472656,22.440000534057617,21.780000686645508,21.81999969482422,21.81999969482422,473300,1137,3,-0.6375200158702521,24.31632893576422
2019-11-22,21.90999984741211,22.149999618530273,21.729999542236328,21.760000228881836,21.760000228881836,352000,1138,4,-0.6846171591735062,24.811458707622975
2019-11-25,21.959999084472656,22.75,21.8700008392334,22.65999984741211,22.65999984741211,435300,1139,0,3.1876174504688715,25.98366873359832
2019-11-26,22.639999389648438,22.790000915527344,22.239999771118164,22.399999618530273,22.399999618530273,333200,1140,1,-1.060069688994325,77.26268144545847
2019-11-27,22.40999984741211,22.799999237060547,22.350000381469727,22.65999984741211,22.65999984741211,231600,1141,2,1.1155734123258876,71.14845309821132
2019-11-29,22.940000534057617,23.600000381469727,22.75,23.3799991607666,23.3799991607666,417900,1142,4,1.9180410482368737,72.31181858454269
2019-12-02,23.25,23.360000610351562,22.329999923706055,22.68000030517578,22.68000030517578,645800,1143,0,-2.4516115906418,59.673661020943044
2019-12-03,22.350000381469727,23.260000228881836,22.350000381469727,23.040000915527344,23.040000915527344,1552700,1144,1,3.0872506589740167,65.91424678000254
2019-12-04,23.190000534057617,23.190000534057617,22.510000228881836,22.90999984741211,22.90999984741211,930700,1145,2,-1.207419923230657,61.77156716069528
2019-12-05,22.860000610351562,22.889999389648438,21.889999389648438,21.959999084472656,21.959999084472656,766900,1146,3,-3.937014443785114,51.257245249982574
2019-12-06,22.110000610351562,22.969999313354492,21.989999771118164,22.829999923706055,22.829999923706055,783300,1147,4,3.256441852006997,56.476682913716694
2019-12-09,22.770000457763672,23.06999969482422,22.549999237060547,22.690000534057617,22.690000534057617,646600,1148,0,-0.35133913964756625,55.517822371802076
2019-12-10,23.200000762939453,23.200000762939453,21.860000610351562,22.6299991607666,22.6299991607666,1125700,1149,1,-2.456903376845543,57.87609866627417
2019-12-11,22.6200008392334,22.6200008392334,21.760000228881836,21.81999969482422,21.81999969482422,691000,1150,2,-3.5366981199293934,49.365080085921505
2019-12-12,21.90999984741211,22.6200008392334,21.739999771118164,22.489999771118164,22.489999771118164,707400,1151,3,2.647192732749204,54.8621186514577
2019-12-13,22.5,22.649999618530273,22.25,22.329999923706055,22.329999923706055,429900,1152,4,-0.7555558946397589,54.07725005689301
2019-12-16,22.5,23.059999465942383,22.280000686645508,22.81999969482422,22.81999969482422,1537400,1153,0,1.4222208658854152,51.21580397331336
2019-12-17,22.989999771118164,23.010000228881836,22.360000610351562,22.989999771118164,22.989999771118164,963500,1154,1,0.0,54.54545454545455
2019-12-18,22.59000015258789,22.950000762939453,22.530000686645508,22.729999542236328,22.729999542236328,640500,1155,2,0.6197405431730418,50.53928872666143
2019-12-19,22.84000015258789,23.489999771118164,22.739999771118164,23.489999771118164,23.489999771118164,449700,1156,3,2.8458827241147233,50.84227080133731
2019-12-20,23.530000686645508,23.540000915527344,23.239999771118164,23.31999969482422,23.31999969482422,1651800,1157,4,-0.8924818771487542,55.33332485623369
2019-12-23,23.329999923706055,24.030000686645508,23.09000015258789,24.010000228881836,24.010000228881836,635600,1158,0,2.914703417914799,57.661917381419784
2019-12-24,24.139999389648438,24.229999542236328,23.809999465942383,24.139999389648438,24.139999389648438,331700,1159,1,0.0,59.71563338419595
2019-12-26,24.139999389648438,24.290000915527344,23.6200008392334,23.729999542236328,23.729999542236328,538100,1160,3,-1.6984252600599659,65.28497562942495
2019-12-27,23.959999084472656,23.959999084472656,23.299999237060547,23.649999618530273,23.649999618530273,422700,1161,4,-1.2938208588800792,58.19999694824219
2019-12-30,23.799999237060547,23.8700008392334,23.270000457763672,23.350000381469727,23.350000381469727,379100,1162,0,-1.8907515546895404,56.39534754776319
2019-12-31,23.219999313354492,23.899999618530273,23.110000610351562,23.719999313354492,23.719999313354492,439800,1163,1,2.1533161704808235,59.96344304835602
2020-01-02,23.90999984741211,23.969999313354492,23.059999465942383,23.709999084472656,23.709999084472656,438900,1164,3,-0.8364732924124207,70.23554743786207
2020-01-03,23.3799991607666,23.719999313354492,23.260000228881836,23.600000381469727,23.600000381469727,506600,1165,4,0.9409804473915706,63.503667588320525
2020-01-06,23.350000381469727,23.90999984741211,23.040000915527344,23.670000076293945,23.670000076293945,376700,1166,0,1.370448349449127,66.66668248217434
2020-01-07,23.68000030517578,23.719999313354492,23.239999771118164,23.360000610351562,23.360000610351562,431000,1167,1,-1.351350045186761,57.031268626469256
2020-01-08,23.450000762939453,23.959999084472656,23.3700008392334,23.709999084472656,23.709999084472656,330900,1168,2,1.1087348105510708,58.955227067305294
2020-01-09,23.700000762939453,23.90999984741211,23.489999771118164,23.649999618530273,23.649999618530273,266900,1169,3,-0.21097528607412208,62.041904815164145
2020-01-10,23.850000381469727,24.610000610351562,23.700000762939453,24.25,24.25,592700,1170,4,1.6771472206811966,60.3825334529163
2020-01-13,24.280000686645508,24.5,23.40999984741211,23.610000610351562,23.610000610351562,584800,1171,0,-2.759473053320216,53.5109125453862
2020-01-14,23.709999084472656,23.920000076293945,23.34000015258789,23.790000915527344,23.790000915527344,606700,1172,1,0.33741811110856723,46.9613297511643
2020-01-15,23.649999618530273,24.760000228881836,23.649999618530273,24.579999923706055,24.579999923706055,472800,1173,2,3.932348076856229,55.14020149299294
2020-01-16,24.600000381469727,24.860000610351562,24.329999923706055,24.520000457763672,24.520000457763672,622800,1174,3,-0.3252029368516429,60.05092096476107
2020-01-17,24.690000534057617,24.690000534057617,24.290000915527344,24.440000534057617,24.440000534057617,350000,1175,4,-1.012555668660875,60.05092096476107
2020-01-21,24.34000015258789,25.15999984741211,24.110000610351562,24.690000534057617,24.690000534057617,550700,1176,1,1.437963760376193,67.26807240464962
2020-01-22,24.780000686645508,25.0,24.299999237060547,24.3700008392334,24.3700008392334,424400,1177,2,-1.654559467518768,58.48567245346162
2020-01-23,24.280000686645508,24.280000686645508,23.760000228881836,24.209999084472656,24.209999084472656,555300,1178,3,-0.28830972072976246,56.28141377816457
2020-01-24,24.270000457763672,24.270000457763672,23.360000610351562,23.56999969482422,23.56999969482422,403300,1179,4,-2.8842222898085357,49.6673978880432
2020-01-27,23.110000610351562,23.6299991607666,22.93000030517578,23.450000762939453,23.450000762939453,331700,1180,0,1.4712251995164127,47.587724526728216
2020-01-28,23.6200008392334,24.06999969482422,23.450000762939453,23.790000915527344,23.790000915527344,268000,1181,1,0.7197293406170147,54.6841029221103
2020-01-29,23.770000457763672,24.3799991607666,23.700000762939453,23.809999465942383,23.809999465942383,320000,1182,2,0.16827516789401642,51.17371438549518
2020-01-30,23.530000686645508,23.760000228881836,23.229999542236328,23.440000534057617,23.440000534057617,310900,1183,3,-0.3824910750596433,47.70241494761674
2020-01-31,23.31999969482422,23.360000610351562,22.770000457763672,22.8700008392334,22.8700008392334,404800,1184,4,-1.9296692173229157,34.801755266745516
2020-02-03,22.979999542236328,23.190000534057617,22.709999084472656,23.0,23.0,439200,1185,0,0.08703419565745385,42.431744757624436
2020-02-04,23.1299991607666,23.950000762939453,23.079999923706055,23.440000534057617,23.440000534057617,311500,1186,1,1.3402567424941614,45.92073690430301
2020-02-05,23.600000381469727,23.90999984741211,23.440000534057617,23.8700008392334,23.8700008392334,325300,1187,2,1.1440697177940384,40.966924700914845
2020-02-06,23.940000534057617,24.200000762939453,23.670000076293945,23.969999313354492,23.969999313354492,185700,1188,3,0.125308181402084,43.073025591651096
2020-02-07,23.889999389648438,24.0,23.65999984741211,23.93000030517578,23.93000030517578,283800,1189,4,0.1674379093733913,43.511438526262964
2020-02-10,23.84000015258789,24.100000381469727,23.639999389648438,23.81999969482422,23.81999969482422,317300,1190,0,-0.08389453706232342,38.52240181293969
2020-02-11,23.860000610351562,23.90999984741211,23.3700008392334,23.450000762939453,23.450000762939453,427700,1191,1,-1.7183563995142204,38.02081496555591
2020-02-12,23.579999923706055,23.75,23.3700008392334,23.639999389648438,23.639999389648438,654400,1192,2,0.25445066215654677,42.63564630678318
2020-02-13,23.559999465942383,24.219999313354492,23.489999771118164,23.940000534057617,23.940000534057617,375100,1193,3,1.6129077959638805,55.240815395845864
2020-02-14,23.8700008392334,24.09000015258789,23.649999618530273,24.0,24.0,444200,1194,4,0.5446131386511288,57.92507568945009
2020-02-18,23.920000076293945,24.139999389648438,23.440000534057617,23.559999465942383,23.559999465942383,340400,1195,1,-1.5050192692446673,46.77868574374701
2020-02-19,23.540000915527344,24.3700008392334,23.3700008392334,24.360000610351562,24.360000610351562,300500,1196,2,3.483431023502348,56.32185722409962
2020-02-20,24.229999542236328,24.229999542236328,23.81999969482422,23.93000030517578,23.93000030517578,641600,1197,3,-1.2381314186061143,55.55555555555556
2020-02-21,23.93000030517578,24.15999984741211,23.600000381469727,23.989999771118164,23.989999771118164,768300,1198,4,0.2507290646770466,64.35896909213086
2020-02-24,23.280000686645508,23.989999771118164,23.110000610351562,23.950000762939453,23.950000762939453,1166900,1199,0,2.878007115688308,62.46720960222995
2020-02-25,24.049999237060547,24.75,22.850000381469727,22.940000534057617,22.940000534057617,821800,1200,1,-4.615379368879335,44.29223386373336
2020-02-26,20.420000076293945,20.459999084472656,17.790000915527344,19.520000457763672,19.520000457763672,2327100,1201,2,-4.4074417980786595,20.488452254541343
2020-02-27,19.360000610351562,19.3700008392334,17.979999542236328,18.0,18.0,992700,1202,3,-7.02479631960542,16.04095570545759
2020-02-28,17.450000762939453,18.190000534057617,17.3700008392334,17.989999771118164,17.989999771118164,1000900,1203,4,3.0945500548376303,16.095888248533612
2020-03-02,18.049999237060547,18.709999084472656,17.399999618530273,18.700000762939453,18.700000762939453,947900,1204,0,3.601116639076163,22.64958013879628
2020-03-03,18.639999389648438,19.56999969482422,18.110000610351562,18.229999542236328,18.229999542236328,917700,1205,1,-2.1995700688692055,22.410149994979605
2020-03-04,18.65999984741211,19.049999237060547,18.420000076293945,19.030000686645508,19.030000686645508,693500,1206,2,1.982855531934602,27.11024715398925
2020-03-05,18.530000686645508,19.0,18.190000534057617,18.229999542236328,18.229999542236328,621800,1207,3,-1.6190023383290453,22.989602338765508
2020-03-06,17.56999969482422,18.0,16.850000381469727,17.389999389648438,17.389999389648438,622000,1208,4,-1.0244752891419018,20.88107023878983
2020-03-09,16.260000228881836,16.639999389648438,15.399999618530273,15.9399995803833,15.9399995803833,766700,1209,0,-1.9680236408000429,19.174771158771662
2020-03-10,16.6200008392334,16.709999084472656,15.430000305175781,16.34000015258789,16.34000015258789,521800,1210,1,-1.684721254553334,16.471583467121448
2020-03-11,15.90999984741211,16.31999969482422,15.670000076293945,16.149999618530273,16.149999618530273,637100,1211,2,1.508483805279237,16.808885051047582
2020-03-12,15.149999618530273,16.459999084472656,15.119999885559082,16.010000228881836,16.010000228881836,823300,1212,3,5.6765718284222055,16.186456828232494
2020-03-13,16.5,16.93000030517578,15.34000015258789,16.360000610351562,16.360000610351562,1235100,1213,4,-0.8484811493844724,18.66227834958832
2020-03-16,15.0,16.68000030517578,14.850000381469727,15.039999961853027,15.039999961853027,968200,1214,0,0.2666664123535112,18.196472313014482
2020-03-17,15.170000076293945,15.430000305175781,13.930000305175781,14.609999656677246,14.609999656677246,1310200,1215,1,-3.6914991219532567,23.966080772615186
2020-03-18,13.949999809265137,15.130000114440918,13.119999885559082,14.449999809265137,14.449999809265137,915000,1216,2,3.584229439687281,28.004972810849424
2020-03-19,14.329999923706055,16.979999542236328,14.270000457763672,16.639999389648438,16.639999389648438,800100,1217,3,16.120024272442322,43.41463596178233
2020-03-20,16.65999984741211,18.059999465942383,15.600000381469727,15.729999542236328,15.729999542236328,908700,1218,4,-5.582234776072004,35.789474068465935
2020-03-23,16.049999237060547,16.950000762939453,15.579999923706055,16.510000228881836,16.510000228881836,597800,1219,0,2.8660499295172226,42.00744113855199
2020-03-24,17.020000457763672,17.639999389648438,16.34000015258789,17.010000228881836,17.010000228881836,722700,1220,1,-0.05875574978186915,40.34416874815602
2020-03-25,16.940000534057617,17.850000381469727,16.270000457763672,16.639999389648438,16.639999389648438,736100,1221,2,-1.770963016240945,42.07377995325761
2020-03-26,16.670000076293945,17.280000686645508,15.6899995803833,16.270000457763672,16.270000457763672,794800,1222,3,-2.3995177966381953,44.142265842064376
2020-03-27,15.859999656677246,16.510000228881836,15.670000076293945,16.06999969482422,16.06999969482422,382800,1223,4,1.3240860195010251,50.78219060191522
2020-03-30,16.190000534057617,17.299999237060547,16.170000076293945,17.15999984741211,17.15999984741211,526900,1224,0,5.991348248037309,54.55555289468705
2020-03-31,17.239999771118164,18.350000381469727,16.93000030517578,17.989999771118164,17.989999771118164,770600,1225,1,4.3503480855983545,59.54356797213846
2020-04-01,17.549999237060547,17.899999618530273,16.610000610351562,17.290000915527344,17.290000915527344,774300,1226,2,-1.4814719819711497,56.27451270051001
2020-04-02,17.100000381469727,17.579999923706055,16.549999237060547,17.09000015258789,17.09000015258789,537000,1227,3,-0.05848086934940877,53.63183810502563
2020-04-03,17.06999969482422,17.579999923706055,16.65999984741211,17.31999969482422,17.31999969482422,436400,1228,4,1.4645577297567325,62.72321274142941
2020-04-06,17.780000686645508,18.3700008392334,17.469999313354492,18.299999237060547,18.299999237060547,479400,1229,0,2.9246261548550256,69.40063018723406
2020-04-07,18.479999542236328,18.989999771118164,17.8700008392334,18.030000686645508,18.030000686645508,450500,1230,1,-2.4350588026928244,68.60707707781836
2020-04-08,18.170000076293945,19.030000686645508,18.079999923706055,18.56999969482422,18.56999969482422,625200,1231,2,2.201428821412854,62.1079104976961
2020-04-09,18.780000686645508,19.219999313354492,18.34000015258789,18.809999465942383,18.809999465942383,491600,1232,3,0.15973790308860814,71.09589760512696
2020-04-13,18.829999923706055,19.110000610351562,18.510000228881836,18.709999084472656,18.709999084472656,356700,1233,0,-0.637285394156184,66.61631302428701
2020-04-14,19.020000457763672,19.3799991607666,18.610000610351562,19.34000015258789,19.34000015258789,591000,1234,1,1.6824378923376848,67.25926357107193
2020-04-15,18.93000030517578,19.43000030517578,18.770000457763672,18.860000610351562,18.860000610351562,547000,1235,2,-0.3697817944835369,66.18077447287922
2020-04-16,18.860000610351562,19.239999771118164,18.079999923706055,18.700000762939453,18.700000762939453,531700,1236,3,-0.8483554731397613,68.27068527474721
2020-04-17,19.290000915527344,20.110000610351562,19.219999313354492,19.8700008392334,19.8700008392334,576800,1237,4,3.0067387049172556,74.93440044775151
2020-04-20,19.770000457763672,20.059999465942383,17.450000762939453,17.649999618530273,17.649999618530273,1543600,1238,0,-10.723322155518089,52.799999302455205
2020-04-21,17.360000610351562,18.5,17.360000610351562,18.260000228881836,18.260000228881836,542600,1239,1,5.184329417555511,51.582652382196045
2020-04-22,18.280000686645508,19.190000534057617,17.84000015258789,18.1200008392334,18.1200008392334,309400,1240,2,-0.8752726553724832,55.207026318780926
2020-04-23,18.229999542236328,19.0,18.049999237060547,18.850000381469727,18.850000381469727,321900,1241,3,3.400992072418574,60.35294484597259
2020-04-24,18.8700008392334,19.239999771118164,18.84000015258789,18.950000762939453,18.950000762939453,251800,1242,4,0.42395294196131417,59.737164134549
2020-04-27,19.06999969482422,19.780000686645508,19.06999969482422,19.579999923706055,19.579999923706055,227600,1243,0,2.6743588728019407,57.980055598509225
2020-04-28,19.8700008392334,20.139999389648438,19.40999984741211,19.489999771118164,19.489999771118164,547300,1244,1,-1.912436094944303,59.311218469751736
2020-04-29,20.219999313354492,23.709999084472656,20.010000228881836,23.56999969482422,23.56999969482422,1248700,1245,2,16.567757147534557,71.96836349167455
2020-04-30,23.3700008392334,23.940000534057617,22.940000534057617,23.399999618530273,23.399999618530273,627900,1246,3,0.12836447676336515,70.29177539901696
2020-05-01,22.950000762939453,23.6200008392334,22.690000534057617,23.219999313354492,23.219999313354492,428000,1247,4,1.1764642328511155,69.79806723143605
2020-05-04,23.030000686645508,23.030000686645508,21.90999984741211,22.139999389648438,22.139999389648438,652700,1248,0,-3.8645300497674673,61.824320950065804
2020-05-05,22.399999618530273,22.860000610351562,22.09000015258789,22.170000076293945,22.170000076293945,364200,1249,1,-1.0267836881839187,64.53028572883065
2020-05-06,24.290000915527344,24.290000915527344,22.0,23.170000076293945,23.170000076293945,1074900,1250,2,-4.61095428990882,68.27472928674995
2020-05-07,23.670000076293945,24.690000534057617,23.299999237060547,23.329999923706055,23.329999923706055,738300,1251,3,-1.4364180460160192,65.41888907323946
2020-05-08,23.940000534057617,24.040000915527344,22.829999923706055,23.100000381469727,23.100000381469727,502700,1252,4,-3.5087724889265814,79.52329920494762
2020-05-11,23.09000015258789,23.489999771118164,22.5,23.309999465942383,23.309999465942383,599100,1253,0,0.9527904369885265,78.59569859305466
2020-05-12,23.600000381469727,24.1299991607666,22.93000030517578,22.950000762939453,22.950000762939453,521400,1254,1,-2.7542356272190593,76.68509032510293
2020-05-13,22.889999389648438,23.389999389648438,22.260000228881836,23.15999984741211,23.15999984741211,545200,1255,2,1.1795564218572085,75.26378104613528
2020-05-14,22.700000762939453,22.969999313354492,22.059999465942383,22.940000534057617,22.940000534057617,493900,1256,3,1.057267678642515,73.06359368030043
2020-05-15,23.0,23.549999237060547,22.799999237060547,23.399999618530273,23.399999618530273,376400,1257,4,1.7391287762185792,72.52359445429109
