Date,Open,High,Low,Close,Adj Close,Volume,Count,Week Day,Change,RSI
2015-05-19,70.63999938964844,71.31999969482422,70.11000061035156,70.68000030517578,66.18302917480469,1088300,0,1,0.056626438098761334,29.8700008392334
2015-05-20,71.0999984741211,71.88999938964844,70.63999938964844,71.48999786376953,66.94149780273438,582500,1,2,0.5485223600818934,29.8700008392334
2015-05-21,71.8499984741211,72.86000061035156,71.52999877929688,72.25,67.65313720703125,555700,2,3,0.5567175147860093,29.8700008392334
2015-05-22,71.9800033569336,72.16000366210938,71.56999969482422,72.0,67.41905975341797,414300,3,4,0.027780830972234938,29.8700008392334
2015-05-26,71.27999877929688,71.4800033569336,69.55999755859375,70.12999725341797,65.66802215576172,602300,4,1,-1.6133579483350369,29.8700008392334
2015-05-27,69.77999877929688,70.37000274658203,69.58999633789062,70.0199966430664,65.71965026855469,582700,5,2,0.3439350357809623,29.8700008392334
2015-05-28,69.56999969482422,70.73999786376953,69.02999877929688,70.69999694824219,66.35787200927734,587300,6,3,1.6242593910806624,29.8700008392334
2015-05-29,70.62999725341797,71.01000213623047,70.13999938964844,70.51000213623047,66.17955017089844,579900,7,4,-0.16989256952250065,29.8700008392334
2015-06-01,70.7300033569336,71.4800033569336,69.69999694824219,70.70999908447266,66.36725616455078,547900,8,0,-0.028282583785532722,29.8700008392334
2015-06-02,70.7699966430664,72.9000015258789,70.7699966430664,72.45999908447266,68.00979614257812,734700,9,1,2.388021084598746,29.8700008392334
2015-06-03,72.69000244140625,74.0999984741211,72.38999938964844,72.6500015258789,68.18812561035156,487900,10,2,-0.0550294596008416,29.8700008392334
2015-06-04,71.80000305175781,71.80999755859375,70.55000305175781,70.7699966430664,66.423583984375,947000,11,3,-1.4345492547526928,29.8700008392334
2015-06-05,70.29000091552734,71.55999755859375,69.91000366210938,70.95999908447266,66.60193634033203,458300,12,4,0.9531912935248021,29.8700008392334
2015-06-08,70.80999755859375,71.47000122070312,70.22000122070312,70.26000213623047,65.94490814208984,415000,13,0,-0.7767200131706953,29.8700008392334
2015-06-09,70.66000366210938,71.66000366210938,70.31999969482422,70.70999908447266,66.36725616455078,493900,14,1,0.07075491051820038,50.14954527890271
2015-06-10,71.45999908447266,72.58000183105469,71.41000366210938,72.2300033569336,67.7939224243164,421200,15,2,1.0775318812287216,53.44508898824619
2015-06-11,72.2300033569336,72.93000030517578,71.83000183105469,72.27999877929688,67.8408432006836,512100,16,3,0.06921697361168544,50.14954527890271
2015-06-12,71.52999877929688,72.1500015258789,71.1500015258789,72.02999877929688,67.60618591308594,435600,17,4,0.6990074214075381,50.14954527890271
2015-06-15,71.0,71.69000244140625,70.58000183105469,71.56999969482422,67.1744613647461,493200,18,0,0.8028164715834007,58.35268710613892
2015-06-16,71.44999694824219,72.47000122070312,71.23999786376953,72.16000366210938,67.72822570800781,423400,19,1,0.9937113284714583,61.75828229602894
2015-06-17,72.5999984741211,72.81999969482422,70.48999786376953,71.5199966430664,67.12751770019531,645900,20,2,-1.4876058591649421,54.52538203792295
2015-06-18,71.87000274658203,72.61000061035156,71.06999969482422,72.33000183105469,67.88777160644531,483400,21,3,0.6400432265108336,59.400809754890325
2015-06-19,72.06999969482422,72.44000244140625,71.73999786376953,71.8499984741211,67.437255859375,473700,22,4,-0.3052604712567075,55.722875877072035
2015-06-22,72.2699966430664,72.94000244140625,71.80000305175781,72.94000244140625,68.46031188964844,379700,23,0,0.9270870754968019,52.580656011248806
2015-06-23,73.01000213623047,73.05000305175781,72.12999725341797,72.54000091552734,68.08486938476562,253900,24,1,-0.643749084989953,49.421659721876814
2015-06-24,72.12000274658203,72.76000213623047,71.52999877929688,71.63999938964844,67.24014282226562,429100,25,2,-0.6655620336292078,55.09965144578001
2015-06-25,71.93000030517578,71.95999908447266,71.33999633789062,71.54000091552734,67.14629364013672,453100,26,3,-0.5421929486915,53.43602259887006
2015-06-26,71.58000183105469,71.63999938964844,70.33000183105469,70.6500015258789,66.3109359741211,1258300,27,4,-1.2992459924362598,52.25955086575303
2015-06-29,69.66000366210938,69.88999938964844,67.91999816894531,67.9800033569336,63.8049430847168,765400,28,0,-2.4117143509275962,37.41939929711264
2015-06-30,68.69000244140625,69.56999969482422,68.27999877929688,68.58999633789062,64.37747192382812,774100,29,1,-0.14559047890693178,31.690124088829393
2015-07-01,69.05000305175781,69.16999816894531,66.55999755859375,66.69000244140625,62.59415817260742,950400,30,2,-3.4178139117279627,26.2935017536594
2015-07-02,67.16000366210938,67.2300033569336,66.05000305175781,66.33000183105469,62.25626754760742,600000,31,3,-1.2358573344196544,26.050451416181218
2015-07-06,65.44000244140625,65.62000274658203,64.19999694824219,64.30999755859375,60.360328674316406,815100,32,0,-1.7267800132255262,23.03122436914441
2015-07-07,64.19999694824219,64.2699966430664,61.650001525878906,64.02999877929688,60.09752655029297,1779400,33,1,-0.26479466826511144,19.087455427541684
2015-07-08,63.41999816894531,63.83000183105469,63.08000183105469,63.290000915527344,59.4029655456543,757500,34,2,-0.20497833044975655,18.94341234890919
2015-07-09,64.72000122070312,65.33999633789062,64.19000244140625,64.41000366210938,60.454193115234375,506100,35,3,-0.47898262167304084,20.79646167072518
2015-07-10,65.45999908447266,65.75,64.11000061035156,65.38999938964844,61.37400436401367,511500,36,4,-0.10693506844369205,27.02701382788051
2015-07-13,65.91999816894531,66.0,65.0199966430664,65.33000183105469,61.317684173583984,649200,37,0,-0.895018741321163,20.79811882196846
2015-07-14,64.87999725341797,66.55999755859375,64.69000244140625,66.45999908447266,62.378292083740234,432900,38,1,2.4352680301191754,27.906936771297467
2015-07-15,66.75,66.88999938964844,65.63999938964844,65.87999725341797,61.833919525146484,605200,39,2,-1.3033749012464901,28.571388023989485
2015-07-16,66.4000015258789,66.54000091552734,65.66999816894531,65.95999908447266,61.90898513793945,324800,40,3,-0.662654263998419,29.210100830934223
2015-07-17,65.75,65.80000305175781,64.38999938964844,64.70999908447266,60.73575210571289,412900,41,4,-1.5817504418666806,28.44699003969727
2015-07-20,64.55999755859375,64.55999755859375,62.7599983215332,62.95000076293945,59.083858489990234,557700,42,0,-2.493799344080039,30.45839559023993
2015-07-21,62.86000061035156,64.55000305175781,62.86000061035156,63.279998779296875,59.39358901977539,310600,43,1,0.6681485282648003,28.91182557212936
2015-07-22,63.02000045776367,63.459999084472656,62.540000915527344,62.7599983215332,58.905521392822266,617900,44,2,-0.4125708256773608,32.47098225603537
2015-07-23,63.47999954223633,63.47999954223633,62.20000076293945,62.59000015258789,58.7459602355957,428500,45,3,-1.4020154317365363,33.03083433575935
2015-07-24,62.25,62.310001373291016,59.86000061035156,60.630001068115234,56.90635299682617,480300,46,4,-2.602407922706451,33.21167591047286
2015-07-27,59.9900016784668,60.869998931884766,59.13999938964844,59.81999969482422,56.146087646484375,521300,47,0,-0.2833838621204787,31.67970991012048
2015-07-28,60.08000183105469,62.38999938964844,59.52000045776367,62.0,58.192195892333984,572300,48,1,3.1957358695566596,45.01159456206188
2015-07-29,62.29999923706055,64.19000244140625,61.72999954223633,63.18000030517578,59.29973220825195,622800,49,2,1.4125217959741976,45.26557243407822
2015-07-30,62.939998626708984,63.4900016784668,62.18000030517578,63.29999923706055,59.412353515625,304000,50,3,0.5719742901277858,41.38499058904556
2015-07-31,63.2400016784668,63.869998931884766,62.20000076293945,62.470001220703125,58.63334274291992,378600,51,4,-1.2175844992519336,38.914721071569666
2015-08-03,62.20000076293945,62.84000015258789,61.369998931884766,61.84000015258789,58.042030334472656,730800,52,0,-0.5787791092215944,31.370968610265535
2015-08-04,63.90999984741211,67.83999633789062,63.90999984741211,65.55000305175781,61.524173736572266,1093400,53,1,2.56611361017256,48.937558829366836
2015-08-05,66.33999633789062,67.23999786376953,65.83000183105469,66.20999908447266,62.14362716674805,754200,54,2,-0.195956075661885,50.77591591844738
2015-08-06,66.16000366210938,67.19000244140625,65.3499984741211,65.45999908447266,61.43968963623047,754900,55,3,-1.0580479729290326,52.40230729416388
2015-08-07,65.2699966430664,65.91000366210938,62.90999984741211,62.959999084472656,59.09323501586914,688700,56,4,-3.539141531178769,50.03057591681671
2015-08-10,62.099998474121094,64.75,62.0,64.41999816894531,60.46358108520508,961100,57,0,3.7359094232361834,53.2608686163819
2015-08-11,63.290000915527344,63.470001220703125,61.22999954223633,61.90999984741211,58.107723236083984,920600,58,1,-2.1804409040175443,47.817157796855845
2015-08-12,61.540000915527344,63.220001220703125,60.849998474121094,62.900001525878906,59.036922454833984,954100,59,2,2.209945710300465,50.76392660814706
2015-08-13,63.130001068115234,63.130001068115234,61.290000915527344,61.349998474121094,57.582122802734375,482500,60,3,-2.819582708502688,51.8108585697227
2015-08-14,61.59000015258789,62.0099983215332,59.849998474121094,60.34000015258789,56.63414764404297,665500,61,4,-2.0295502466360693,51.294821984892806
2015-08-17,60.040000915527344,60.38999938964844,58.959999084472656,60.33000183105469,56.62477111816406,526900,62,0,0.48301284327985083,45.33780419075791
2015-08-18,60.220001220703125,60.279998779296875,58.2400016784668,58.61000061035156,55.010406494140625,1140000,63,1,-2.673531347917102,37.615174930260295
2015-08-19,58.119998931884766,58.54999923706055,56.459999084472656,57.619998931884766,54.08120346069336,1499100,64,2,-0.8602890729333734,35.30020601734937
2015-08-20,57.56999969482422,57.959999084472656,56.20000076293945,56.470001220703125,53.001834869384766,1118600,65,3,-1.9107147471810526,34.72505044179789
2015-08-21,55.900001525878906,55.900001525878906,54.66999816894531,54.689998626708984,51.33115768432617,677500,66,4,-2.1645847337047996,32.80422989173893
2015-08-24,50.0099983215332,54.939998626708984,50.0099983215332,52.31999969482422,49.10670852661133,969000,67,0,4.619079085824285,15.989703257693137
2015-08-25,54.220001220703125,54.220001220703125,51.04999923706055,51.04999923706055,47.91470718383789,1031400,68,1,-5.846554615037814,12.213362887409971
2015-08-26,51.560001373291016,52.959999084472656,51.560001373291016,52.599998474121094,49.369510650634766,629100,69,2,2.017061817552257,19.175454856003412
2015-08-27,53.810001373291016,55.5,53.369998931884766,54.619998931884766,51.26544952392578,839700,70,3,1.505291837802858,29.538764191637057
2015-08-28,54.45000076293945,56.08000183105469,54.0099983215332,54.7400016784668,51.37808609008789,772700,71,4,0.5326003883634911,24.579847464238725
2015-08-31,54.189998626708984,55.709999084472656,53.310001373291016,55.22999954223633,51.83797836303711,656200,72,0,1.9191750173153777,30.37603223171837
2015-09-01,53.290000915527344,54.11000061035156,51.7400016784668,51.970001220703125,48.77820587158203,913000,73,1,-2.4770119574901384,21.66925923684701
2015-09-02,52.54999923706055,52.849998474121094,50.970001220703125,51.84000015258789,48.82670593261719,913700,74,2,-1.3510924734170815,23.391161471854176
2015-09-03,51.779998779296875,53.060001373291016,51.119998931884766,51.599998474121094,48.60066223144531,1160500,75,3,-0.34762516303448177,24.444442957233235
2015-09-04,51.08000183105469,51.31999969482422,50.560001373291016,50.65999984741211,47.715293884277344,1250200,76,4,-0.8222434780478682,23.183581274514935
2015-09-08,51.15999984741211,51.810001373291016,50.66999816894531,51.58000183105469,48.581825256347656,805800,77,1,0.8209577499907361,29.599543210570815
2015-09-09,52.63999938964844,53.790000915527344,52.119998931884766,52.27000045776367,49.23171615600586,1111200,78,2,-0.7028855170494674,34.1996503907755
2015-09-10,52.459999084472656,53.099998474121094,51.209999084472656,51.400001525878906,48.41229248046875,1313700,79,3,-2.0205824954112384,34.774777086524665
2015-09-11,51.029998779296875,51.59000015258789,50.2400016784668,51.279998779296875,48.299259185791016,919500,80,4,0.48990790903453707,38.62575228290138
2015-09-14,51.279998779296875,51.34000015258789,50.16999816894531,50.61000061035156,47.66820526123047,1031900,81,0,-1.3065487224929617,43.56659530973101
2015-09-15,50.56999969482422,51.349998474121094,50.45000076293945,50.52000045776367,47.58343505859375,543500,82,1,-0.09887134143222731,47.8117309967605
2015-09-16,51.0,53.220001220703125,50.790000915527344,52.689998626708984,49.62730407714844,1260400,83,2,3.313722797468599,50.353496291532785
2015-09-17,50.470001220703125,52.65999984741211,50.470001220703125,51.5,48.50647735595703,1016400,84,3,2.040813858499302,36.890758268999036
2015-09-18,50.810001373291016,52.38999938964844,50.5,52.11000061035156,49.081016540527344,2024900,85,4,2.558549895540674,39.38659399753014
2015-09-21,53.099998474121094,55.7599983215332,52.439998626708984,55.70000076293945,52.462345123291016,2097000,86,0,4.896426296670242,51.51711196101078
2015-09-22,54.0,55.63999938964844,53.86000061035156,54.70000076293945,51.520469665527344,1588900,87,1,1.2962977091471428,60.31745894442738
2015-09-23,54.61000061035156,54.7599983215332,52.099998474121094,52.130001068115234,49.099857330322266,984200,88,2,-4.541291914518375,50.92533806449979
2015-09-24,51.29999923706055,52.86000061035156,50.70000076293945,52.63999938964844,49.58020782470703,841400,89,3,2.6120861062700396,53.262237308708656
2015-09-25,53.439998626708984,53.7400016784668,52.470001220703125,52.970001220703125,49.891029357910156,798900,90,4,-0.8794861865339954,57.53425202934208
2015-09-28,52.20000076293945,52.310001373291016,49.65999984741211,49.81999969482422,46.92411804199219,1253500,91,0,-4.5593889527391855,44.98860369895343
2015-09-29,49.84000015258789,50.77000045776367,49.2599983215332,49.970001220703125,47.065406799316406,889700,92,1,0.26083681323680885,43.24324566627317
2015-09-30,50.77000045776367,52.11000061035156,50.400001525878906,51.88999938964844,48.873802185058594,1282000,93,2,2.2060250576844354,51.355832518109786
2015-10-01,51.900001525878906,53.38999938964844,51.29999923706055,52.900001525878906,49.82509231567383,794200,94,3,1.926782216954992,54.27215934812132
2015-10-02,52.310001373291016,54.209999084472656,51.7599983215332,54.20000076293945,51.04953384399414,814100,95,4,3.613074632059665,59.16283850082983
2015-10-05,55.02000045776367,56.380001068115234,55.02000045776367,55.779998779296875,52.53769302368164,856900,96,0,1.3813128229917426,62.47627802775789
2015-10-06,55.72999954223633,58.58000183105469,55.70000076293945,57.66999816894531,54.31782913208008,1540300,97,1,3.4810670063593063,61.97115318485969
2015-10-07,57.97999954223633,59.66999816894531,57.650001525878906,59.08000183105469,55.64588165283203,1516300,98,2,1.8972098956590244,68.03044788384159
2015-10-08,59.380001068115234,61.119998931884766,58.880001068115234,60.77000045776367,57.23764419555664,1157100,99,3,2.3408544369239115,69.59275780662179
2015-10-09,61.04999923706055,61.529998779296875,59.349998474121094,59.61000061035156,56.14506530761719,981200,100,4,-2.358720138746262,59.93899200077263
2015-10-12,59.790000915527344,59.83000183105469,58.18000030517578,58.790000915527344,55.37272644042969,647100,101,0,-1.6725204627657142,60.492559775165795
2015-10-13,57.97999954223633,59.779998779296875,57.29999923706055,58.91999816894531,55.49517059326172,770200,102,1,1.6212463506906971,69.91201584945257
2015-10-14,58.77000045776367,59.869998931884766,58.47999954223633,59.54999923706055,56.08854293823242,658300,103,2,1.3272056716375769,70.12230357921649
2015-10-15,59.5,59.7400016784668,58.130001068115234,59.65999984741211,56.19216537475586,562800,104,3,0.26890730657498363,69.73450833505689
2015-10-16,59.86000061035156,60.119998931884766,58.880001068115234,59.939998626708984,56.455894470214844,602200,105,4,0.13364185690232233,85.9375012699855
2015-10-19,59.189998626708984,60.2599983215332,58.56999969482422,58.83000183105469,55.410404205322266,424400,106,0,-0.6082054468773856,79.45480241178255
2015-10-20,58.81999969482422,60.34000015258789,58.38999938964844,59.310001373291016,55.862510681152344,534300,107,1,0.8330528408858839,77.27942976985305
2015-10-21,59.45000076293945,59.91999816894531,58.09000015258789,58.15999984741211,54.779354095458984,458500,108,2,-2.169892176572552,69.14119577762249
2015-10-22,58.84000015258789,60.91999816894531,58.7599983215332,60.7599983215332,57.22821807861328,945800,109,3,3.263083215442286,71.80851225725681
2015-10-23,60.900001525878906,61.16999816894531,59.61000061035156,59.939998626708984,56.455894470214844,709000,110,4,-1.5763594008482484,64.56583093245072
2015-10-26,59.869998931884766,60.0,59.13999938964844,59.45000076293945,55.99436950683594,620600,111,0,-0.7015169140442978,56.90995147809229
2015-10-27,58.06999969482422,58.630001068115234,56.33000183105469,57.0099983215332,53.69618606567383,864900,112,1,-1.8253855327391988,42.559293071205985
2015-10-28,57.099998474121094,59.720001220703125,56.81999969482422,59.54999923706055,56.08854293823242,885500,113,2,4.290719489335615,45.86720299882871
2015-10-29,59.04999923706055,60.310001373291016,59.04999923706055,59.65999984741211,56.19216537475586,329600,114,3,1.0330239089465065,50.18234593111339
2015-10-30,59.97999954223633,60.689998626708984,58.54999923706055,60.27000045776367,56.76670455932617,812400,115,4,0.48349602824377946,55.481481334963576
2015-11-02,60.130001068115234,60.77000045776367,59.52000045776367,60.290000915527344,56.785545349121094,753900,116,0,0.26608987954426233,55.115768517663845
2015-11-03,60.290000915527344,63.5099983215332,58.84000015258789,62.09000015258789,58.48091506958008,1597200,117,1,2.9855684354401335,58.722532079094194
2015-11-04,62.25,63.560001373291016,61.150001525878906,61.25,57.68973922729492,1217100,118,2,-1.6064257028112428,55.19947826707427
2015-11-05,60.369998931884766,60.91999816894531,59.11000061035156,60.18000030517578,56.681941986083984,727700,119,3,-0.3147235879917054,50.746273967890595
2015-11-06,59.810001373291016,61.40999984741211,59.43000030517578,61.22999954223633,57.670894622802734,980200,120,4,2.374181802944131,57.49062934645093
2015-11-09,61.189998626708984,62.31999969482422,59.599998474121094,60.61000061035156,57.086944580078125,593600,121,0,-0.9478640780754222,54.02227490512239
2015-11-10,60.36000061035156,60.86000061035156,59.349998474121094,60.58000183105469,57.05868148803711,669900,122,1,0.3644818066244282,58.04522091134251
2015-11-11,60.7599983215332,60.95000076293945,59.43000030517578,59.47999954223633,56.022621154785156,472400,123,2,-2.106647160395403,45.27326922914383
2015-11-12,60.189998626708984,60.279998779296875,57.34000015258789,57.400001525878906,54.06352996826172,634300,124,3,-4.635316771035836,41.41892827105797
2015-11-13,57.45000076293945,58.06999969482422,56.540000915527344,57.61000061035156,54.26132583618164,986600,125,4,0.2785027768273274,43.66391152004384
2015-11-16,57.439998626708984,59.2599983215332,57.439998626708984,59.13999938964844,55.70238494873047,1070900,126,0,2.9596114268515494,57.825134348287826
2015-11-17,59.130001068115234,59.939998626708984,58.439998626708984,59.04999923706055,55.61761474609375,510900,127,1,-0.13529820667943504,47.759855834472155
2015-11-18,59.83000183105469,60.040000915527344,58.90999984741211,59.95000076293945,56.46530532836914,624400,128,2,0.20056648539577004,51.21339326187025
2015-11-19,59.93000030517578,60.95000076293945,58.90999984741211,59.77000045776367,56.29576110839844,735500,129,3,-0.26697788519498555,47.8298604787314
2015-11-20,60.029998779296875,61.209999084472656,59.040000915527344,59.20000076293945,55.75890350341797,428600,130,4,-1.382638736024211,45.48467056901586
2015-11-23,59.130001068115234,60.31999969482422,58.65999984741211,59.18000030517578,55.74005889892578,844000,131,0,0.0845581534878459,35.86005506659781
2015-11-24,59.75,60.81999969482422,59.08000183105469,60.54999923706055,57.030426025390625,1025500,132,1,1.3389108570051045,46.765244780614275
2015-11-25,60.220001220703125,60.95000076293945,59.95000076293945,60.029998779296875,56.54065704345703,271700,133,2,-0.31551384515902114,49.269709956623124
2015-11-27,59.88999938964844,60.04999923706055,59.029998779296875,59.77000045776367,56.29576110839844,205600,134,4,-0.20036555870378558,42.299579417365095
2015-11-30,59.93000030517578,60.56999969482422,59.849998474121094,60.04999923706055,56.55949020385742,488700,135,0,0.20023182258253058,46.93653367390166
2015-12-01,60.47999954223633,60.650001525878906,59.7400016784668,60.599998474121094,57.0775260925293,549800,136,1,0.19841093385088993,50.10350233581196
2015-12-02,60.41999816894531,60.529998779296875,58.599998474121094,58.790000915527344,55.5390739440918,556400,137,2,-2.697777727268713,46.67309929882348
2015-12-03,59.15999984741211,59.81999969482422,58.0099983215332,58.5,55.26511001586914,510600,138,3,-1.115618406210972,56.410251850218344
2015-12-04,58.040000915527344,58.93000030517578,57.11000061035156,58.27000045776367,55.04783248901367,556100,139,4,0.39627763371519187,53.83721079808396
2015-12-07,57.4900016784668,57.689998626708984,55.5099983215332,56.09000015258789,52.988380432128906,967500,140,0,-2.435208705870129,33.513510838487306
2015-12-08,55.2400016784668,56.02000045776367,53.84000015258789,54.790000915527344,51.76025390625,731200,141,1,-0.8146284382081537,29.636710095640993
2015-12-09,55.310001373291016,57.38999938964844,55.150001525878906,56.20000076293945,53.0922966003418,641500,142,2,1.6091111327981578,32.90792073492602
2015-12-10,55.75,56.220001220703125,54.970001220703125,55.279998779296875,52.22317123413086,375600,143,3,-0.8430515169562836,30.828336924883658
2015-12-11,54.18000030517578,54.54999923706055,53.720001220703125,54.04999923706055,51.061187744140625,609000,144,4,-0.23994290768362125,29.18349410371539
2015-12-14,53.880001068115234,53.880001068115234,51.970001220703125,52.86000061035156,49.936988830566406,625000,145,0,-1.893096580443987,26.661732538313217
2015-12-15,53.709999084472656,54.209999084472656,53.130001068115234,54.02000045776367,51.03284454345703,752200,146,1,0.5771762773696176,25.50637051858729
2015-12-16,54.45000076293945,55.439998626708984,54.18000030517578,55.0099983215332,51.96809387207031,738500,147,2,1.0284619848433652,31.811581483227073
2015-12-17,54.7599983215332,55.20000076293945,53.380001068115234,53.689998626708984,50.72108840942383,547100,148,3,-1.95398051063026,29.54237986906803
2015-12-18,53.75,54.4900016784668,53.279998779296875,53.34000015258789,50.390438079833984,588600,149,4,-0.762790413789971,27.52845821767444
2015-12-21,53.7599983215332,54.5099983215332,52.900001525878906,53.4900016784668,50.53214645385742,607500,150,0,-0.5022259142412611,25.533381763115358
2015-12-22,53.79999923706055,54.209999084472656,53.459999084472656,54.060001373291016,51.07063293457031,534700,151,1,0.48327535300662916,32.204663001992316
2015-12-23,54.709999084472656,56.88999938964844,54.709999084472656,56.849998474121094,53.70634841918945,573500,152,2,3.911532490330072,44.77516710748706
2015-12-24,56.400001525878906,57.02000045776367,55.5,55.599998474121094,52.52546691894531,255500,153,3,-1.418445088854714,42.058289775949426
2015-12-28,55.040000915527344,55.36000061035156,54.18000030517578,54.7400016784668,51.7130241394043,241300,154,0,-0.5450567443139542,45.642352081264676
2015-12-29,55.5,55.79999923706055,54.790000915527344,55.65999984741211,52.5821533203125,287800,155,1,0.2882880133551424,52.878886683213025
2015-12-30,55.11000061035156,55.380001068115234,54.650001525878906,54.810001373291016,51.7791633605957,254600,156,2,-0.5443644234041201,45.223365787563914
2015-12-31,54.45000076293945,55.34000015258789,54.0,54.31999969482422,51.316253662109375,275900,157,3,-0.23875310614085432,46.600566801838184
2016-01-04,53.93000030517578,54.06999969482422,52.15999984741211,53.599998474121094,50.63606643676758,646300,158,0,-0.6119077121959804,48.3467997018872
2016-01-05,53.599998474121094,53.9900016784668,52.279998779296875,53.150001525878906,50.21095657348633,714800,159,1,-0.8395465691280801,51.12665577881256
2016-01-06,51.810001373291016,51.869998931884766,50.029998779296875,50.54999923706055,47.75471878051758,738100,160,2,-2.431967000255708,37.87559866264244
2016-01-07,49.08000183105469,49.33000183105469,47.79999923706055,48.2599983215332,45.591346740722656,1058500,161,3,-1.6707487345744898,28.379234352525103
2016-01-08,48.84000015258789,48.869998931884766,47.2400016784668,47.279998779296875,44.665550231933594,743100,162,4,-3.1941059959402107,29.01112358250954
2016-01-11,47.540000915527344,47.540000915527344,44.4900016784668,45.15999984741211,42.662784576416016,1367900,163,0,-5.006312625748999,25.997642229610832
2016-01-12,46.130001068115234,46.529998779296875,44.31999969482422,45.7599983215332,43.22959518432617,1234500,164,1,-0.8020870106542732,27.901636154887697
2016-01-13,46.459999084472656,46.459999084472656,43.45000076293945,43.970001220703125,41.5385856628418,973900,165,2,-5.359444495989473,23.03579150738952
2016-01-14,44.13999938964844,45.68000030517578,42.900001525878906,45.33000183105469,42.82338333129883,952900,166,3,2.6959729448599035,16.666659308064766
2016-01-15,41.34000015258789,44.970001220703125,41.34000015258789,44.540000915527344,42.07706069946289,760500,167,4,7.7406888029223575,17.12246499412599
2016-01-19,44.97999954223633,45.43000030517578,42.349998474121094,43.11000061035156,40.726139068603516,842500,168,1,-4.157400958016533,16.561230513286404
2016-01-20,41.939998626708984,42.689998626708984,40.439998626708984,42.15999984741211,39.828670501708984,1109000,169,2,0.524561821427949,11.251431059084453
2016-01-21,42.29999923706055,43.939998626708984,41.560001373291016,43.400001525878906,41.000099182128906,802500,170,3,2.600478271060136,17.96743692416763
2016-01-22,44.93000030517578,46.25,44.68000030517578,45.7599983215332,43.22959518432617,1378600,171,4,1.8473136227907139,28.252025152970745
2016-01-25,44.97999954223633,45.439998626708984,43.380001068115234,43.779998779296875,41.35908126831055,1047000,172,0,-2.6678541021607827,26.552048405496222
2016-01-26,44.18000030517578,45.56999969482422,43.810001373291016,45.540000915527344,43.02175521850586,1120600,173,1,3.07831734032884,32.89887503291784
2016-01-27,44.97999954223633,46.650001525878906,43.43000030517578,45.310001373291016,42.804481506347656,916600,174,2,0.7336634824658406,36.82092910533823
2016-01-28,46.65999984741211,47.66999816894531,46.279998779296875,46.56999969482422,43.99480438232422,1468400,175,3,-0.19288502546551678,45.51724375193896
2016-01-29,46.90999984741211,47.22999954223633,43.20000076293945,45.47999954223633,42.9650764465332,3611800,176,4,-3.048391195538813,45.253165384671874
2016-02-01,45.06999969482422,45.93000030517578,44.130001068115234,45.22999954223633,42.72890090942383,1851000,177,0,0.3550029920024178,50.20479727859572
2016-02-02,45.22999954223633,45.2400016784668,43.43000030517578,43.79999923706055,41.37797546386719,1177100,178,1,-3.1616191015885975,44.531251995691434
2016-02-03,44.77000045776367,44.970001220703125,42.41999816894531,44.93000030517578,42.44551086425781,1454800,179,2,0.3573818310836474,52.78099352739221
2016-02-04,45.209999084472656,47.02000045776367,44.88999938964844,46.22999954223633,43.673606872558594,1047200,180,3,2.256139080776909,52.61627230017585
2016-02-05,45.720001220703125,46.77000045776367,45.20000076293945,46.06999969482422,43.52245330810547,1224700,181,4,0.7655259509542711,54.61677370994395
2016-02-08,45.06999969482422,45.849998474121094,42.45000076293945,43.54999923706055,41.141807556152344,1027300,182,0,-3.3725326559925106,51.245749237006535
2016-02-09,42.95000076293945,44.2400016784668,42.130001068115234,43.5,41.09456253051758,1224400,183,1,1.2805569901994662,53.997614220719406
2016-02-10,43.4900016784668,44.27000045776367,42.16999816894531,42.380001068115234,40.03650665283203,795400,184,2,-2.552312180988392,46.93509396330874
2016-02-11,41.689998626708984,43.0099983215332,41.2599983215332,42.29999923706055,39.96092224121094,963400,185,3,1.4631821310753468,37.952649939379256
2016-02-12,43.47999954223633,44.13999938964844,42.22999954223633,43.86000061035156,41.434669494628906,705500,186,4,0.8739675071663733,50.28695056328346
2016-02-16,44.45000076293945,45.029998779296875,42.810001373291016,43.58000183105469,41.170135498046875,1442500,187,1,-1.957252906528939,42.13483455662866
2016-02-17,43.52000045776367,44.84000015258789,42.68000030517578,44.15999984741211,41.718074798583984,1497200,188,2,1.4705868173635617,45.51131247051873
2016-02-18,44.70000076293945,44.95000076293945,43.88999938964844,44.43000030517578,41.97314453125,1064200,189,3,-0.6040278594078408,40.94754887944071
2016-02-19,44.18000030517578,44.18000030517578,42.47999954223633,42.79999923706055,40.43328094482422,962500,190,4,-3.12358772879765,39.15857535261257
2016-02-22,43.52000045776367,45.0099983215332,43.36000061035156,45.0099983215332,42.52106857299805,1113300,191,0,3.4237082906641403,49.23183929681702
2016-02-23,42.380001068115234,43.810001373291016,40.41999816894531,41.0099983215332,38.74225616455078,1766800,192,1,-3.232663313009587,41.74067194686436
2016-02-24,39.91999816894531,41.880001068115234,39.900001525878906,41.880001068115234,39.56414794921875,1484500,193,2,4.909827126932709,40.82982849920461
2016-02-25,41.91999816894531,43.619998931884766,41.11000061035156,43.279998779296875,41.064701080322266,1217700,194,3,3.24427640686078,41.183500168389365
2016-02-26,44.15999984741211,44.5099983215332,43.599998474121094,43.970001220703125,41.71938705444336,865600,195,4,-0.430250514867514,43.91657527749378
2016-02-29,44.150001525878906,44.650001525878906,43.029998779296875,43.119998931884766,40.91288757324219,1544200,196,0,-2.3329616271709375,48.62091021247296
2016-03-01,43.880001068115234,44.81999969482422,42.959999084472656,44.81999969482422,42.525882720947266,1439400,197,1,2.142202834612106,53.82830415961183
2016-03-02,44.59000015258789,45.86000061035156,44.220001220703125,45.75,43.40827560424805,1062400,198,2,2.6014798013962004,59.882690834908246
2016-03-03,45.599998474121094,46.4900016784668,45.31999969482422,45.709999084472656,43.37031173706055,794200,199,3,0.24122941673778708,60.023511623833755
2016-03-04,45.900001525878906,46.310001373291016,44.5,45.189998626708984,42.876930236816406,1468100,200,4,-1.546847223457315,54.16405008454675
2016-03-07,45.25,46.150001525878906,44.880001068115234,45.560001373291016,43.228004455566406,999000,201,0,0.6850859078254556,56.16437868093733
2016-03-08,45.0,45.290000915527344,42.4900016784668,42.869998931884766,40.67568588256836,1122300,202,1,-4.733335706922748,46.45019272919659
2016-03-09,43.83000183105469,44.47999954223633,43.18000030517578,44.33000183105469,42.06095886230469,1030800,203,2,1.1407711136478538,49.741739689685666
2016-03-10,44.04999923706055,45.209999084472656,43.56999969482422,44.91999816894531,42.62074661254883,1318700,204,3,1.9750259862724606,55.78601976769923
2016-03-11,45.59000015258789,47.27000045776367,45.33000183105469,46.7400016784668,44.34759521484375,798900,205,4,2.522486339175023,54.824321961020765
2016-03-14,45.880001068115234,46.34000015258789,45.02000045776367,45.77000045776367,43.427249908447266,741900,206,0,-0.2397572096570988,65.97314353742368
2016-03-15,45.0,45.09000015258789,44.029998779296875,44.84000015258789,42.54486083984375,560700,207,1,-0.35555521647135935,59.893035583237584
2016-03-16,45.119998931884766,46.61000061035156,44.79999923706055,46.5,44.1198844909668,1148100,208,2,3.05851307797802,60.57817915322835
2016-03-17,46.7599983215332,48.709999084472656,46.7599983215332,48.38999938964844,45.913143157958984,1041000,209,3,3.485887781489949,63.45917952015701
2016-03-18,48.650001525878906,49.58000183105469,47.79999923706055,48.349998474121094,45.875186920166016,1303300,210,4,-0.6166557910552761,66.7520675960901
2016-03-21,47.88999938964844,48.59000015258789,46.849998474121094,47.599998474121094,45.16357421875,690500,211,0,-0.6055563149370724,59.4815710711901
2016-03-22,47.15999984741211,47.83000183105469,46.70000076293945,47.41999816894531,44.992794036865234,649600,212,1,0.5513111161459694,56.002864174399804
2016-03-23,47.41999816894531,47.41999816894531,46.5,46.81999969482422,44.42350387573242,965200,213,2,-1.265285738694999,53.83552153233158
2016-03-24,45.470001220703125,46.529998779296875,45.470001220703125,46.380001068115234,44.00602340698242,522500,214,3,2.0013191620451787,54.13482231048068
2016-03-28,46.75,46.86000061035156,45.72999954223633,46.5099983215332,44.12936782836914,437300,215,0,-0.5133725742605288,53.356879313775124
2016-03-29,46.0,46.560001373291016,45.27000045776367,46.380001068115234,44.00602340698242,618600,216,1,0.8260892785113771,65.14237810738294
2016-03-30,46.849998474121094,47.59000015258789,46.56999969482422,46.91999816894531,44.51838684082031,428300,217,2,0.14941237375467598,62.13682584014581
2016-03-31,46.88999938964844,47.13999938964844,46.119998931884766,46.29999923706055,43.93012237548828,590500,218,3,-1.2582643639746816,56.448607260264836
2016-04-01,45.529998779296875,47.599998474121094,45.060001373291016,47.540000915527344,45.106651306152344,800200,219,4,4.4146764553493645,53.95256879748351
2016-04-04,47.4900016784668,47.4900016784668,44.9900016784668,44.9900016784668,42.68716812133789,905400,220,0,-5.264265975239091,46.666668840285325
2016-04-05,44.5099983215332,44.81999969482422,43.970001220703125,44.290000915527344,42.02300262451172,753800,221,1,-0.49426514109623954,47.602442339652036
2016-04-06,44.540000915527344,45.279998779296875,43.81999969482422,45.189998626708984,42.876930236816406,784600,222,2,1.4593572021123213,43.88420688576803
2016-04-07,44.66999816894531,45.0099983215332,43.5099983215332,43.68000030517578,41.444236755371094,641000,223,3,-2.216247827065687,27.20229812728772
2016-04-08,44.66999816894531,45.43000030517578,44.29999923706055,44.41999816894531,42.1463508605957,582900,224,4,-0.5596597498269018,32.18492213579097
2016-04-11,44.66999816894531,45.380001068115234,44.099998474121094,44.380001068115234,42.10840606689453,579100,225,0,-0.6491988196043463,34.39920807918912
2016-04-12,44.79999923706055,46.310001373291016,44.45000076293945,45.91999816894531,43.569576263427734,767200,226,1,2.4999976583889083,43.57875470795954
2016-04-13,46.470001220703125,46.9900016784668,46.2400016784668,46.7400016784668,44.34759521484375,402300,227,2,0.5810209827224577,49.663873385202606
2016-04-14,47.0,47.0,46.4900016784668,46.650001525878906,44.262210845947266,394200,228,3,-0.7446776045129666,51.16883477185602
2016-04-15,46.650001525878906,47.20000076293945,45.9900016784668,46.939998626708984,44.5373649597168,499100,229,4,0.6216443544363015,51.83604141379196
2016-04-18,46.040000915527344,47.70000076293945,45.79999923706055,47.630001068115234,45.192047119140625,651900,230,0,3.4535189421589507,55.09372909220694
2016-04-19,48.040000915527344,49.560001373291016,47.70000076293945,49.33000183105469,46.80503463745117,860200,231,1,2.6852641360179286,58.9724682667006
2016-04-20,49.2400016784668,49.400001525878906,48.29999923706055,48.93000030517578,46.42551040649414,634100,232,2,-0.6295722232409706,59.954587471097376
2016-04-21,49.27000045776367,52.81999969482422,49.0,51.54999923706055,48.911399841308594,2268600,233,3,4.627559890630373,63.74229052947973
2016-04-22,51.720001220703125,52.54999923706055,51.0,51.77000045776367,49.12013626098633,1128400,234,4,0.09667292320274523,77.65090463750403
2016-04-25,51.47999954223633,52.04999923706055,50.560001373291016,50.81999969482422,48.2187614440918,967200,235,0,-1.282050997049089,76.09912728470279
2016-04-26,51.18000030517578,51.75,50.63999938964844,51.54999923706055,48.911399841308594,877800,236,1,0.7229365566208346,75.76986425361747
2016-04-27,51.810001373291016,52.38999938964844,51.18000030517578,52.220001220703125,49.54710006713867,941600,237,2,0.791352705162196,87.13043876316236
2016-04-28,51.77000045776367,52.529998779296875,50.5,50.689998626708984,48.09541320800781,1156300,238,3,-2.08615379854169,75.5085355758406
2016-04-29,50.900001525878906,51.22999954223633,49.59000015258789,50.189998626708984,47.621009826660156,1204900,239,4,-1.3948975989891421,72.78429051759576
2016-05-02,50.41999816894531,50.65999984741211,49.060001373291016,50.189998626708984,47.621009826660156,1525400,240,0,-0.4561672958925067,69.04547924769204
2016-05-03,48.56999969482422,49.709999084472656,47.689998626708984,48.95000076293945,46.44448471069336,1774200,241,1,0.7823781562751986,59.50128184270465
2016-05-04,48.650001525878906,50.58000183105469,48.25,48.33000183105469,45.85621643066406,1463000,242,2,-0.6577588587618033,56.907893911293264
2016-05-05,49.15999984741211,49.25,46.81999969482422,46.880001068115234,44.480430603027344,1114200,243,3,-4.637914536968612,49.7747840630513
2016-05-06,46.79999923706055,47.56999969482422,46.52000045776367,47.34000015258789,44.91689682006836,563600,244,4,1.1538481289113278,48.89228102507791
2016-05-09,46.93000030517578,47.34000015258789,45.58000183105469,45.630001068115234,43.29441833496094,1063600,245,0,-2.770081458783147,35.87786215084243
2016-05-10,45.560001373291016,46.18000030517578,44.86000061035156,45.88999938964844,43.541107177734375,584700,246,1,0.7243152028324484,38.27160057762056
2016-05-11,45.84000015258789,46.209999084472656,45.09000015258789,45.790000915527344,43.44622802734375,629800,247,2,-0.10907337891385982,22.41379751335785
2016-05-12,46.56999969482422,46.970001220703125,44.95000076293945,45.0099983215332,42.70615005493164,715200,248,3,-3.3497989768387137,19.27271756258878
2016-05-13,44.880001068115234,45.130001068115234,43.630001068115234,43.7599983215332,41.5201301574707,1382600,249,4,-2.4955497324569587,18.761053761241115
2016-05-16,43.97999954223633,44.79999923706055,43.90999984741211,44.439998626708984,42.16532516479492,620500,250,0,1.0459278973636632,18.399997287326386
2016-05-17,44.45000076293945,46.06999969482422,44.209999084472656,45.43000030517578,43.10464859008789,1011300,251,1,2.204723341767423,20.656866488229838
2016-05-18,44.88999938964844,44.959999084472656,42.599998474121094,42.72999954223633,40.5428581237793,1253200,252,2,-4.81176181060542,18.759809971752063
2016-05-19,42.349998474121094,43.40999984741211,41.66999816894531,43.349998474121094,41.30657196044922,1570000,253,3,2.3612751736250326,23.405902578065593
2016-05-20,43.41999816894531,44.09000015258789,43.16999816894531,43.41999816894531,41.373268127441406,794600,254,4,0.0,23.820563436544575
2016-05-23,43.310001373291016,44.08000183105469,42.959999084472656,43.11000061035156,41.077884674072266,1096200,255,0,-0.46178886307491895,25.66665829552278
2016-05-24,43.41999816894531,43.59000015258789,42.689998626708984,43.209999084472656,41.17317199707031,1538800,256,1,-0.4836460002959009,27.700328170419994
2016-05-25,43.790000915527344,44.84000015258789,43.540000915527344,44.31999969482422,42.2308464050293,1184400,257,2,1.2103191783879197,38.50986359883614
2016-05-26,44.619998931884766,44.75,43.45000076293945,43.81999969482422,41.754417419433594,970400,258,3,-1.7929163070617649,34.25759587330151
2016-05-27,43.56999969482422,44.18000030517578,43.2400016784668,44.13999938964844,42.05933380126953,751600,259,4,1.3082389231504399,42.39018324969441
2016-05-31,44.16999816894531,44.61000061035156,43.790000915527344,44.130001068115234,42.04981231689453,3290900,260,1,-0.09055264316990552,40.77568733548114
2016-06-01,43.900001525878906,45.45000076293945,43.5,45.400001525878906,43.25994110107422,1494900,261,2,3.4168563732640322,48.17927440248871
2016-06-02,44.90999984741211,45.09000015258789,44.20000076293945,45.060001373291016,42.93596649169922,938900,262,3,0.33400473477744885,50.24344239582381
2016-06-03,45.290000915527344,45.290000915527344,43.869998931884766,44.90999984741211,42.79303741455078,830600,263,4,-0.8390396565104763,56.2704566821695
2016-06-06,45.459999084472656,45.790000915527344,44.97999954223633,45.63999938964844,43.48862075805664,859200,264,0,0.3959531649820436,56.50759815918049
2016-06-07,45.68000030517578,46.43000030517578,45.279998779296875,46.27000045776367,44.08892822265625,1391900,265,1,1.2915940206791987,54.740408896083906
2016-06-08,46.7400016784668,47.599998474121094,46.209999084472656,46.40999984741211,44.22233200073242,864500,266,2,-0.7060372683014293,79.20637284999268
2016-06-09,45.86000061035156,45.86000061035156,45.040000915527344,45.060001373291016,42.93596649169922,612900,267,3,-1.744437911934893,62.16219149359885
2016-06-10,45.810001373291016,47.470001220703125,44.2599983215332,46.400001525878906,44.212799072265625,5467100,268,4,1.2879286943918045,67.95183735224934
2016-06-13,45.970001220703125,46.810001373291016,44.849998474121094,44.88999938964844,42.77397918701172,2322100,269,0,-2.349362197902871,59.36841462787829
2016-06-14,44.66999816894531,45.849998474121094,43.209999084472656,43.650001525878906,41.592430114746094,1479800,270,1,-2.28340426433129,52.06768076431622
2016-06-15,44.20000076293945,44.540000915527344,43.36000061035156,43.38999938964844,41.344688415527344,1382300,271,2,-1.832582260881277,45.2502542481852
2016-06-16,42.81999969482422,43.58000183105469,42.209999084472656,43.459999084472656,41.41139221191406,1309800,272,3,1.4946272634509095,48.076919941899234
2016-06-17,43.61000061035156,44.290000915527344,43.31999969482422,43.79999923706055,41.73535919189453,943200,273,4,0.4356767348081325,48.18763265526894
2016-06-20,44.5,44.90999984741211,43.72999954223633,43.86000061035156,41.792537689208984,860800,274,0,-1.4382008756144704,48.568396925751784
2016-06-21,43.869998931884766,44.11000061035156,43.119998931884766,43.47999954223633,41.43043899536133,1034900,275,1,-0.8889888286844339,38.75877681397911
2016-06-22,43.90999984741211,44.09000015258789,43.5099983215332,43.59000015258789,41.53526306152344,680700,276,2,-0.728762687169715,41.15523283410254
2016-06-23,44.18000030517578,44.77000045776367,43.72999954223633,44.720001220703125,42.61199951171875,806200,277,3,1.2222745853265327,48.9774029603514
2016-06-24,43.0,43.38999938964844,42.16999816894531,42.47999954223633,40.477577209472656,1788900,278,4,-1.2093033901480754,35.37038037805745
2016-06-27,41.529998779296875,41.66999816894531,39.68000030517578,39.880001068115234,38.000144958496094,1132800,279,0,-3.9730261490019125,24.98043362667957
2016-06-28,40.97999954223633,41.209999084472656,39.47999954223633,40.5099983215332,38.600433349609375,1283800,280,1,-1.1469039188707564,27.75263734777893
2016-06-29,41.349998474121094,42.20000076293945,40.59000015258789,42.09000015258789,40.10597610473633,1297000,281,2,1.7896050925610751,38.99184576978806
2016-06-30,42.040000915527344,42.939998626708984,41.529998779296875,42.91999816894531,40.89684295654297,1803600,282,3,2.0932379501755527,36.594751706768
2016-07-01,42.84000015258789,44.119998931884766,42.79999923706055,43.349998474121094,41.30657196044922,947300,283,4,1.1904722682462232,43.529408747644666
2016-07-05,42.70000076293945,43.02000045776367,40.91999816894531,41.459999084472656,39.50565719604492,1008600,284,1,-2.90398514358583,41.27489279335471
2016-07-06,40.65999984741211,41.290000915527344,40.25,41.209999084472656,39.2674446105957,985200,285,2,1.352678896026993,41.30781440982014
2016-07-07,41.54999923706055,42.189998626708984,41.150001525878906,41.83000183105469,39.85821533203125,891000,286,3,0.6738931387136882,43.773885563779444
2016-07-08,42.560001373291016,43.72999954223633,42.560001373291016,43.4900016784668,41.439979553222656,626200,287,4,2.185151022479559,48.924366829243496
2016-07-11,43.7599983215332,44.369998931884766,43.369998931884766,43.63999938964844,41.58289337158203,966700,288,0,-0.27422060440462914,49.24137510102371
2016-07-12,44.220001220703125,44.91999816894531,44.11000061035156,44.650001525878906,42.545291900634766,784500,289,1,0.9724113371902376,53.86649669876172
2016-07-13,44.720001220703125,45.189998626708984,44.54999923706055,45.150001525878906,43.021724700927734,931300,290,2,0.9615391177062671,55.02577747190286
2016-07-14,45.529998779296875,45.70000076293945,45.02000045776367,45.38999938964844,43.25040817260742,751500,291,3,-0.307488235014175,52.289809619713985
2016-07-15,45.459999084472656,45.540000915527344,45.09000015258789,45.29999923706055,43.16465759277344,812300,292,4,-0.3519574365032474,61.29807956825438
2016-07-18,44.880001068115234,45.2400016784668,44.279998779296875,45.15999984741211,43.03125,774000,293,0,0.6238831832287905,76.34730812485105
2016-07-19,44.970001220703125,45.11000061035156,44.63999938964844,45.08000183105469,42.95502853393555,417700,294,1,0.2446088667236168,74.12885301649183
2016-07-20,44.9900016784668,46.529998779296875,44.79999923706055,46.5,44.3080940246582,869800,295,2,3.3562975443406584,73.68422562208085
2016-07-21,46.34000015258789,47.81999969482422,46.34000015258789,46.599998474121094,44.40336608886719,1214900,296,3,0.5610667256734647,71.44523771626636
2016-07-22,45.09000015258789,45.84000015258789,44.86000061035156,45.36000061035156,43.221832275390625,1436900,297,4,0.5988034084053462,60.70289616620557
2016-07-25,45.119998931884766,45.45000076293945,44.650001525878906,45.43000030517578,43.28852462768555,741500,298,0,0.6870597974947046,76.22196421336527
2016-07-26,45.52000045776367,46.08000183105469,45.0099983215332,45.75,43.59343338012695,634600,299,1,0.5052713970197242,79.71207992098975
2016-07-27,45.84000015258789,46.060001373291016,45.27000045776367,45.77000045776367,43.61250305175781,720800,300,2,-0.15270439483248133,77.98298664149542
2016-07-28,45.869998931884766,46.7599983215332,45.560001373291016,46.650001525878906,44.451019287109375,1100100,301,3,1.7004635102617183,75.23965292297042
2016-07-29,46.380001068115234,46.380001068115234,44.08000183105469,45.7400016784668,43.583919525146484,1345100,302,4,-1.3799037837634254,64.95729653976174
2016-08-01,45.54999923706055,45.72999954223633,44.59000015258789,44.9900016784668,42.86927032470703,870900,303,0,-1.2294128824883122,52.51479749064804
2016-08-02,45.04999923706055,45.27000045776367,43.650001525878906,43.91999816894531,41.849700927734375,752400,304,1,-2.5083264977852293,41.60979311105722
2016-08-03,43.75,45.41999816894531,43.5099983215332,45.349998474121094,43.2122917175293,596500,305,2,3.6571393694196486,49.7652527506575
2016-08-04,45.15999984741211,46.13999938964844,44.81999969482422,45.790000915527344,43.63155746459961,859300,306,3,1.3950422281751473,52.76212929803971
2016-08-05,46.04999923706055,46.75,45.77000045776367,46.29999923706055,44.11751174926758,920100,307,4,0.5428881740323632,56.1688292922579
2016-08-08,46.439998626708984,48.08000183105469,46.349998474121094,47.97999954223633,45.718326568603516,887700,308,0,3.3161088739603217,63.376373018266555
2016-08-09,48.13999938964844,48.36000061035156,47.209999084472656,47.810001373291016,45.55633544921875,1320000,309,1,-0.6854965113031963,56.83003833392801
2016-08-10,47.900001525878906,48.22999954223633,47.2599983215332,47.529998779296875,45.28953170776367,1362700,310,2,-0.7724482981114944,54.75946723891005
2016-08-11,47.7599983215332,49.029998779296875,47.65999984741211,48.88999938964844,46.58543014526367,2324200,311,3,2.3659989694885697,67.84629056632593
2016-08-12,48.720001220703125,49.599998474121094,48.189998626708984,48.41999816894531,46.137577056884766,982400,312,4,-0.6157697952403396,64.52864616543539
2016-08-15,48.779998779296875,49.59000015258789,48.650001525878906,49.43000030517578,47.0999755859375,892600,313,0,1.3325164865620742,66.75772597021066
2016-08-16,49.65999984741211,49.68000030517578,48.72999954223633,48.7400016784668,46.442501068115234,840200,314,1,-1.8525939826261495,62.746776337762526
2016-08-17,48.5,48.83000183105469,47.54999923706055,48.18000030517578,45.90890121459961,1048500,315,2,-0.6597931852045713,56.75197485332114
2016-08-18,48.36000061035156,49.720001220703125,48.18000030517578,49.70000076293945,47.357242584228516,811700,316,3,2.7708853095032016,66.58289675214266
2016-08-19,49.58000183105469,51.06999969482422,49.5099983215332,50.90999984741211,48.51021194458008,763900,317,4,2.682529179586224,73.87094273405305
2016-08-22,50.5,50.77000045776367,50.09000015258789,50.63999938964844,48.25293731689453,910400,318,0,0.2772265141553154,78.96550726239053
2016-08-23,51.77000045776367,53.630001068115234,51.54999923706055,51.97999954223633,49.5297737121582,1586100,319,1,0.40563856020048306,78.80103232084272
2016-08-24,51.93000030517578,52.0,50.400001525878906,50.66999816894531,48.281517028808594,1078600,320,2,-2.426347253660399,69.70918953429899
2016-08-25,50.65999984741211,51.54999923706055,50.65999984741211,51.540000915527344,49.11051940917969,880600,321,3,1.737072780824711,70.56514069904725
2016-08-26,51.86000061035156,52.400001525878906,50.81999969482422,51.2400016784668,48.824649810791016,902700,322,4,-1.1955243435940344,64.34859054425885
2016-08-29,50.95000076293945,51.59000015258789,50.150001525878906,51.27000045776367,48.853240966796875,772500,323,0,0.6280661237143326,65.41887858868552
2016-08-30,51.439998626708984,52.4900016784668,51.15999984741211,52.36000061035156,49.8918571472168,1160000,324,1,1.7884953503184864,70.07480988358046
2016-08-31,51.93000030517578,52.95000076293945,51.470001220703125,51.81999969482422,49.557716369628906,834800,325,2,-0.21182478279438977,63.06868220494134
2016-09-01,51.90999984741211,52.150001525878906,50.900001525878906,51.59000015258789,49.3377571105957,796900,326,3,-0.6164509646789607,64.44849830703326
2016-09-02,51.970001220703125,52.689998626708984,51.900001525878906,52.59000015258789,50.294097900390625,1015400,327,4,1.1929938759319914,64.41605388467296
2016-09-06,52.77000045776367,52.95000076293945,51.7599983215332,52.560001373291016,50.265403747558594,945000,328,1,-0.39795164421257967,68.54368234469743
2016-09-07,52.36000061035156,52.66999816894531,51.5099983215332,52.130001068115234,49.85417938232422,1104400,329,2,-0.4392657363545882,69.41986230333401
2016-09-08,52.2400016784668,52.93000030517578,51.779998779296875,51.95000076293945,49.682037353515625,1220900,330,3,-0.5551319031578128,62.740654209645
2016-09-09,50.849998474121094,52.119998931884766,50.439998626708984,50.529998779296875,48.32402801513672,1269300,331,4,-0.6293012869746151,47.89822528054256
2016-09-12,50.220001220703125,50.7599983215332,49.36000061035156,50.439998626708984,48.23796463012695,948400,332,0,0.4380673051739503,48.871328086620274
2016-09-13,49.81999969482422,50.09000015258789,48.29999923706055,48.7400016784668,46.612178802490234,1072100,333,1,-2.167800126401087,32.42951499564744
2016-09-14,48.86000061035156,49.209999084472656,48.130001068115234,48.75,46.621734619140625,928600,334,2,-0.22513427952814968,37.87879663612982
2016-09-15,48.95000076293945,50.439998626708984,48.95000076293945,50.119998931884766,47.931922912597656,1331500,335,3,2.3901902976702916,41.56767852863132
2016-09-16,49.279998779296875,50.41999816894531,49.220001220703125,50.20000076293945,48.00843811035156,1123300,336,4,1.8668871883760652,43.65852864280464
2016-09-19,50.689998626708984,51.189998626708984,50.209999084472656,50.58000183105469,48.37185287475586,672900,337,0,-0.21699901091798424,45.964919951582345
2016-09-20,50.70000076293945,50.869998931884766,49.2400016784668,49.31999969482422,47.1668586730957,1070900,338,1,-2.7218955569010217,32.56880453003987
2016-09-21,49.790000915527344,50.4900016784668,48.97999954223633,50.380001068115234,48.180572509765625,1855600,339,2,1.1849771876663917,42.20780105449113
2016-09-22,51.02000045776367,51.099998474121094,49.970001220703125,50.66999816894531,48.457916259765625,1491300,340,3,-0.6860099680087273,45.05375237034232
2016-09-23,50.58000183105469,51.93000030517578,50.18000030517578,50.29999923706055,48.10407257080078,1821500,341,4,-0.5535835979788906,36.79353287680153
2016-09-26,50.25,50.5,49.540000915527344,49.59000015258789,47.425071716308594,694400,342,0,-1.3134325321634055,34.11763793906765
2016-09-27,49.279998779296875,50.45000076293945,49.0099983215332,50.40999984741211,48.20927429199219,930600,343,1,2.293021704761,41.17042300850434
2016-09-28,50.689998626708984,51.470001220703125,49.70000076293945,51.380001068115234,49.13692092895508,1222600,344,2,1.3612200830533938,47.293448428764776
2016-09-29,51.540000915527344,53.099998474121094,51.2400016784668,52.7400016784668,50.437557220458984,1890600,345,3,2.328290146727441,60.55398016575538
2016-09-30,53.380001068115234,53.9900016784668,53.119998931884766,53.5,51.164371490478516,1630800,346,4,0.22480129165161067,63.734302463151685
2016-10-03,53.5099983215332,53.56999969482422,52.75,52.95000076293945,50.63838195800781,882200,347,0,-1.0465288285542718,71.07107099462429
2016-10-04,53.20000076293945,53.439998626708984,52.09000015258789,52.25,49.96894454956055,930900,348,1,-1.7857156942021168,66.38576732204689
2016-10-05,52.869998931884766,54.290000915527344,52.630001068115234,53.84000015258789,51.48952102661133,1208800,349,2,1.8346912054090003,67.06422339424016
2016-10-06,53.68000030517578,55.290000915527344,53.68000030517578,54.84000015258789,52.44587326049805,1231500,350,3,2.1609535037582006,69.6277475018896
2016-10-07,55.06999969482422,55.61000061035156,53.619998931884766,53.970001220703125,51.613853454589844,505000,351,4,-1.9974550212762732,63.76929350924947
2016-10-10,54.61000061035156,56.18000030517578,54.61000061035156,54.81999969482422,52.42674255371094,840800,352,0,0.38454327435559765,73.10925555022709
2016-10-11,54.5,54.77000045776367,54.029998779296875,54.540000915527344,52.15896987915039,1701900,353,1,0.07339617527952758,68.70504991528415
2016-10-12,54.41999816894531,54.630001068115234,53.709999084472656,53.720001220703125,51.37477493286133,1210200,354,2,-1.2862862399757313,63.090148711057324
2016-10-13,53.15999984741211,53.470001220703125,52.439998626708984,53.220001220703125,50.8965950012207,450600,355,3,0.11286940079615615,62.3939016630209
2016-10-14,53.34000015258789,53.869998931884766,52.34000015258789,52.349998474121094,50.0645751953125,598000,356,4,-1.8560211391727255,61.55778324529816
2016-10-17,52.2599983215332,52.869998931884766,52.189998626708984,52.86000061035156,50.552310943603516,622500,357,0,1.148110042267514,60.5331063539468
2016-10-18,53.79999923706055,54.08000183105469,53.27000045776367,53.29999923706055,50.973106384277344,595400,358,1,-0.9293680429191764,58.648641589553634
2016-10-19,53.54999923706055,53.54999923706055,52.880001068115234,53.43000030517578,51.09742736816406,612800,359,2,-0.2240876444340234,53.495434150858735
2016-10-20,52.88999938964844,53.65999984741211,52.88999938964844,53.220001220703125,50.8965950012207,787400,360,3,0.6239399411285929,48.497860576903406
2016-10-21,52.86000061035156,52.86000061035156,52.119998931884766,52.31999969482422,50.035888671875,973300,361,4,-1.021568122005645,46.74249773070926
2016-10-24,52.630001068115234,52.939998626708984,52.279998779296875,52.4900016784668,50.19847106933594,580100,362,0,-0.2660068151380979,51.31291900615902
2016-10-25,52.58000183105469,52.70000076293945,51.47999954223633,51.5,49.25168228149414,512800,363,1,-2.0540163435612824,36.29977250301624
2016-10-26,51.0099983215332,51.599998474121094,50.66999816894531,51.2599983215332,49.02216339111328,1132400,364,2,0.49009999652258607,26.992295102383835
2016-10-27,51.61000061035156,51.68000030517578,50.959999084472656,51.2400016784668,49.00303649902344,610600,365,3,-0.7169132484190599,30.30304531560408
2016-10-28,51.369998931884766,52.439998626708984,51.119998931884766,51.65999984741211,49.40469741821289,506200,366,4,0.5645336218750518,25.692323131665077
2016-10-31,51.54999923706055,51.97999954223633,51.400001525878906,51.790000915527344,49.52901840209961,606300,367,0,0.46557067316939094,28.34647750592329
2016-11-01,52.209999084472656,52.209999084472656,50.54999923706055,51.0099983215332,48.783077239990234,803100,368,1,-2.2984117678261695,28.526156634510812
2016-11-02,50.900001525878906,51.29999923706055,49.65999984741211,50.380001068115234,48.180572509765625,1019300,369,2,-1.0216118706780186,27.950330794350705
2016-11-03,50.380001068115234,50.970001220703125,49.77000045776367,49.84000015258789,47.66415023803711,752500,370,3,-1.0718557048008948,29.459930411481295
2016-11-04,49.630001068115234,50.709999084472656,49.209999084472656,50.220001220703125,48.02756118774414,781200,371,4,1.1887973803952567,27.92643889917339
2016-11-07,51.38999938964844,52.209999084472656,51.290000915527344,51.77000045776367,49.509891510009766,1078000,372,0,0.7394455587243609,39.210169794286244
2016-11-08,50.29999923706055,51.619998931884766,48.91999816894531,51.0099983215332,48.783077239990234,2128700,373,1,1.4115290163852157,34.32642224619309
2016-11-09,50.9900016784668,53.65999984741211,50.66999816894531,53.15999984741211,50.83921813964844,1093200,374,2,4.255732687809877,49.689434126034186
2016-11-10,53.47999954223633,54.709999084472656,53.09000015258789,54.25,51.881629943847656,1168500,375,3,1.4397914441931725,59.796949793193185
2016-11-11,54.11000061035156,54.40999984741211,52.45000076293945,53.04999923706055,50.7340202331543,752400,376,4,-1.958974979364958,52.57351703710353
2016-11-14,53.04999923706055,54.04999923706055,52.560001373291016,53.779998779296875,51.4321403503418,1277300,377,0,1.3760594773512214,60.734454753463574
2016-11-15,53.630001068115234,54.689998626708984,52.720001220703125,54.65999984741211,52.27373123168945,1101600,378,1,1.9205645325061305,65.0976948527344
2016-11-16,54.20000076293945,54.91999816894531,54.119998931884766,54.400001525878906,52.025081634521484,898600,379,2,0.36900509248001256,63.73912521391323
2016-11-17,54.650001525878906,55.029998779296875,53.119998931884766,53.20000076293945,50.87746810913086,832100,380,3,-2.6532492634109506,56.27035876152873
2016-11-18,53.2400016784668,53.45000076293945,52.56999969482422,52.83000183105469,50.523616790771484,964200,381,4,-0.7700973600418548,54.15335687151055
2016-11-21,53.97999954223633,56.040000915527344,53.650001525878906,55.84000015258789,53.402217864990234,1446300,382,0,3.445721797193091,66.37288756289723
2016-11-22,56.45000076293945,56.45000076293945,55.0,55.720001220703125,53.287452697753906,1018900,383,1,-1.2931789767407498,68.74999832571243
2016-11-23,55.25,55.54999923706055,54.84000015258789,55.2599983215332,52.8475341796875,1050300,384,2,0.01809650956234865,69.13840666386491
2016-11-25,55.15999984741211,55.9900016784668,55.02000045776367,55.56999969482422,53.14400100708008,227500,385,4,0.7432919661825244,68.98508505229302
2016-11-28,55.61000061035156,56.38999938964844,55.11000061035156,55.220001220703125,52.80928039550781,682600,386,0,-0.7013116082862259,63.38246666135943
2016-11-29,54.70000076293945,54.810001373291016,54.11000061035156,54.40999984741211,52.214866638183594,596600,387,1,-0.5301662001508167,63.137561377111346
2016-11-30,56.41999816894531,59.47999954223633,56.41999816894531,59.16999816894531,56.78282928466797,2302100,388,2,4.874158258150474,69.32475439358699
2016-12-01,59.970001220703125,61.529998779296875,58.599998474121094,58.709999084472656,56.341392517089844,1363800,389,3,-2.1010540446603887,64.94637946322192
2016-12-02,58.61000061035156,58.91999816894531,57.11000061035156,57.400001525878906,55.08424377441406,1201700,390,4,-2.0644925300665307,64.47107034654366
2016-12-05,57.900001525878906,58.77000045776367,57.38999938964844,57.61000061035156,55.2857666015625,1120400,391,0,-0.5008651258803898,63.19780593042368
2016-12-06,57.349998474121094,57.5099983215332,55.97999954223633,56.65999984741211,54.37409973144531,1208900,392,1,-1.2031362599256967,56.8587132900652
2016-12-07,56.88999938964844,57.29999923706055,56.0099983215332,57.189998626708984,54.88270950317383,1230300,393,2,0.5273321150977894,59.39393301080934
2016-12-08,57.41999816894531,58.25,56.81999969482422,57.93000030517578,55.59286117553711,886500,394,3,0.8881960161856828,66.43502778579686
2016-12-09,58.16999816894531,58.16999816894531,56.689998626708984,57.209999084472656,54.90190887451172,548300,395,4,-1.650333702408746,64.85752336567114
2016-12-12,57.52000045776367,58.75,57.060001373291016,57.119998931884766,54.81553268432617,968400,396,0,-0.69541293931773,55.41454658352219
2016-12-13,57.43000030517578,58.34000015258789,57.060001373291016,57.880001068115234,55.54487609863281,808200,397,1,0.7835639222500523,58.66773412852098
2016-12-14,57.33000183105469,58.09000015258789,56.630001068115234,56.7400016784668,54.450870513916016,678900,398,2,-1.0291298338460875,55.63167209162707
2016-12-15,56.4900016784668,57.5,56.0,57.22999954223633,54.92109680175781,642100,399,3,1.309962545197818,56.231232585772716
2016-12-16,57.16999816894531,58.150001525878906,56.97999954223633,58.099998474121094,55.75600051879883,1068000,400,4,1.626727890435653,60.404617107929504
2016-12-19,57.880001068115234,58.099998474121094,57.279998779296875,58.06999969482422,55.72720718383789,1145000,401,0,0.3282629979315166,64.01225727662614
2016-12-20,58.63999938964844,58.849998474121094,57.81999969482422,57.97999954223633,55.640838623046875,774300,402,1,-1.1255113476836387,42.90822852003763
2016-12-21,58.119998931884766,58.33000183105469,57.209999084472656,57.470001220703125,55.15142059326172,419300,403,2,-1.1183718567225442,42.65403657591839
2016-12-22,57.56999969482422,57.56999969482422,56.38999938964844,56.79999923706055,54.508445739746094,676600,404,3,-1.3375029735025357,46.15383110572923
2016-12-23,56.849998474121094,57.849998474121094,56.810001373291016,57.599998474121094,55.27617263793945,467200,405,4,1.319261249129866,49.94039250918892
2016-12-27,57.709999084472656,58.189998626708984,57.599998474121094,57.65999984741211,55.33375549316406,316100,406,1,-0.08663877638840356,56.666666666666664
2016-12-28,57.58000183105469,58.119998931884766,56.869998931884766,56.900001525878906,54.604408264160156,380300,407,2,-1.180966105508241,48.12421010347058
2016-12-29,56.84000015258789,57.290000915527344,56.33000183105469,56.470001220703125,54.19176483154297,259000,408,3,-0.6509481542777973,40.16172880888876
2016-12-30,56.59000015258789,56.869998931884766,55.83000183105469,55.9900016784668,53.73112487792969,483700,409,4,-1.060255296878021,41.50419218432966
2017-01-03,56.650001525878906,58.08000183105469,56.349998474121094,57.290000915527344,54.978675842285156,829200,410,1,1.1297429345276777,51.01312320205585
2017-01-04,57.38999938964844,58.7599983215332,57.08000183105469,58.560001373291016,56.19744873046875,910700,411,2,2.038686175441251,53.82022905344009
2017-01-05,58.36000061035156,60.349998474121094,58.36000061035156,59.45000076293945,57.05154037475586,1148600,412,3,1.8677178567310548,65.66474564550897
2017-01-06,59.59000015258789,59.630001068115234,58.630001068115234,59.29999923706055,56.90758514404297,775700,413,4,-0.48666037050638655,62.45487546914823
2017-01-09,58.599998474121094,59.43000030517578,58.220001220703125,58.220001220703125,55.87116241455078,571100,414,0,-0.6484594937076427,50.70424174802751
2017-01-10,58.369998931884766,58.689998626708984,57.72999954223633,58.040000915527344,55.69841766357422,562800,415,1,-0.5653555292034818,49.82699662265024
2017-01-11,58.279998779296875,59.439998626708984,57.83000183105469,59.2599983215332,56.86919021606445,1177200,416,2,1.6815366553927458,56.53060906730608
2017-01-12,60.02000045776367,60.16999816894531,59.150001525878906,60.040000915527344,57.617733001708984,1318900,417,3,0.03332298835576619,62.76067414453422
2017-01-13,59.86000061035156,61.29999923706055,59.86000061035156,60.2400016784668,57.809669494628906,776300,418,4,0.6348163452065236,67.91668223010416
2017-01-17,60.349998474121094,60.560001373291016,59.560001373291016,59.77000045776367,57.35862350463867,500900,419,1,-0.9610572179320487,61.704432990751314
2017-01-18,59.880001068115234,60.18000030517578,58.970001220703125,59.220001220703125,56.83081817626953,731300,420,2,-1.1022041343341615,57.99181168837514
2017-01-19,59.459999084472656,59.900001525878906,58.97999954223633,59.189998626708984,56.80201721191406,400800,421,3,-0.45408755788928223,62.679936007732465
2017-01-20,60.88999938964844,62.34000015258789,60.34000015258789,61.029998779296875,58.56778335571289,1481000,422,4,0.22992181154830593,71.83906366012079
2017-01-23,60.630001068115234,61.11000061035156,60.38999938964844,61.029998779296875,58.56778335571289,616300,423,0,0.6597356162541645,75.30118290050959
2017-01-24,61.599998474121094,64.77999877929688,61.599998474121094,64.08999633789062,61.504329681396484,1710000,424,1,4.042204424429663,79.01021635710771
2017-01-25,63.869998931884766,64.37999725341797,63.40999984741211,64.33000183105469,61.734657287597656,734900,425,2,0.7202174837367625,76.98782544897605
2017-01-26,64.26000213623047,65.0199966430664,63.810001373291016,64.02999877929688,61.446754455566406,647800,426,3,-0.35792615824380425,72.67323524157396
2017-01-27,63.84000015258789,64.19999694824219,63.34000015258789,63.36000061035156,60.80377960205078,370500,427,4,-0.7518789804026538,69.11487224543647
2017-01-30,62.61000061035156,62.68000030517578,61.290000915527344,62.209999084472656,59.70018005371094,853500,428,0,-0.6388780098698366,68.66227364307171
2017-01-31,62.31999969482422,62.31999969482422,61.220001220703125,61.90999984741211,59.412288665771484,833200,429,1,-0.657894495217981,67.90007265915938
2017-02-01,61.75,64.18000030517578,61.75,64.06999969482422,61.48514175415039,1343700,430,2,3.757084526031118,70.46807101498445
2017-02-02,63.88999938964844,64.1500015258789,62.91999816894531,63.34000015258789,60.78459930419922,592000,431,3,-0.8608534079116881,64.10255072647108
2017-02-03,63.5099983215332,64.16999816894531,63.25,63.56999969482422,61.005313873291016,748500,432,4,0.09447547610887952,64.19435626779094
2017-02-06,63.459999084472656,63.529998779296875,63.099998474121094,63.459999084472656,60.899749755859375,637800,433,0,0.0,66.22689752561499
2017-02-07,62.790000915527344,63.9900016784668,61.709999084472656,61.79999923706055,59.30672836303711,908000,434,1,-1.5766868355340025,60.336524574369584
2017-02-08,61.84000015258789,62.06999969482422,61.209999084472656,61.9900016784668,59.48906707763672,604800,435,2,0.24256391576451541,61.07595528839276
2017-02-09,62.54999923706055,63.38999938964844,62.310001373291016,63.22999954223633,60.67903137207031,668500,436,3,1.0871307969143595,59.13621220354126
2017-02-10,63.66999816894531,64.25,63.2599983215332,63.58000183105469,61.01490783691406,753800,437,4,-0.14134810818091648,60.290563386439395
2017-02-13,63.84000015258789,64.79000091552734,63.84000015258789,64.43000030517578,61.83061981201172,482300,438,0,0.9241857004663068,51.66995924497532
2017-02-14,64.27999877929688,64.62000274658203,63.83000183105469,64.2300033569336,61.63869094848633,532800,439,1,-0.07777757204840974,49.506910847434675
2017-02-15,64.27999877929688,64.56999969482422,63.59000015258789,64.13999938964844,61.552310943603516,881000,440,2,-0.21779619213920798,50.553880196228334
2017-02-16,64.2699966430664,64.7300033569336,62.58000183105469,62.650001525878906,60.122432708740234,1420700,441,3,-2.520608684927117,46.69767867687137
2017-02-17,62.18000030517578,62.40999984741211,61.31999969482422,61.65999984741211,59.1723747253418,1909300,442,4,-0.8362824947113823,47.403214215600634
2017-02-21,62.400001525878906,66.83000183105469,61.04999923706055,65.79000091552734,63.13576126098633,2760200,443,1,5.432691196718187,63.45353860740289
2017-02-22,65.43000030517578,66.12999725341797,64.43000030517578,64.55000305175781,61.94578552246094,920900,444,2,-1.3449445962303574,51.777790210865156
2017-02-23,65.91000366210938,65.91000366210938,63.2599983215332,63.400001525878906,60.8421745300293,1125800,445,3,-3.8082263643894,50.21552214346494
2017-02-24,62.4900016784668,64.2300033569336,62.189998626708984,63.61000061035156,61.22777557373047,1069500,446,4,1.7922850084843178,50.143888169554764
2017-02-27,63.349998474121094,64.25,63.130001068115234,63.84000015258789,61.449153900146484,645900,447,0,0.7734833311274114,51.35521061236772
2017-02-28,63.58000183105469,64.13999938964844,62.9900016784668,63.43000030517578,61.05451583862305,677300,448,1,-0.2359256394447562,56.38214960722361
2017-03-01,64.16999816894531,66.58999633789062,64.11000061035156,66.18000030517578,63.701515197753906,844300,449,2,3.1323082337303187,63.6660116401782
2017-03-02,65.7699966430664,66.36000061035156,65.33999633789062,65.37999725341797,62.93146896362305,1041900,450,3,-0.5929746230108002,57.219601237406565
2017-03-03,65.91999816894531,66.08999633789062,65.19000244140625,65.76000213623047,63.297245025634766,707400,451,4,-0.2427124350106835,57.305628210340075
2017-03-06,65.0999984741211,65.9000015258789,65.0999984741211,65.48999786376953,63.037357330322266,1103300,452,0,0.599077417495586,53.69594386813182
2017-03-07,65.43000030517578,66.27999877929688,64.95999908447266,65.8499984741211,63.38389587402344,998600,453,1,0.6419045804468615,55.58618418075648
2017-03-08,65.54000091552734,65.72000122070312,64.43000030517578,64.44999694824219,62.03630828857422,962700,454,2,-1.663112529842703,50.98038364096997
2017-03-09,64.25,64.83999633789062,63.27000045776367,64.16000366210938,61.757171630859375,978100,455,3,-0.14007212123055002,55.1676977570846
2017-03-10,64.81999969482422,64.94000244140625,63.7400016784668,64.36000061035156,61.94968795776367,949500,456,4,-0.7096561040394245,59.76845179915928
2017-03-13,64.66000366210938,65.55999755859375,64.51000213623047,65.47000122070312,63.01810836791992,682000,457,0,1.2527026178756673,48.51852034999131
2017-03-14,64.68000030517578,64.75,63.599998474121094,64.45999908447266,62.045936584472656,541500,458,1,-0.3401379401130278,49.57424832110129
2017-03-15,64.87999725341797,66.94000244140625,64.87999725341797,66.87000274658203,64.36569213867188,945600,459,2,3.067209582933872,64.66609655852025
2017-03-16,67.30000305175781,67.37999725341797,66.58999633789062,67.13999938964844,64.62556457519531,860400,460,3,-0.23774688685573864,64.84439316832719
2017-03-17,67.45999908447266,68.08000183105469,66.9800033569336,67.20999908447266,64.69295501708984,789200,461,4,-0.37058998427639267,64.36486304985023
2017-03-20,66.98999786376953,67.11000061035156,65.80000305175781,66.87999725341797,64.37531280517578,546100,462,0,-0.16420452882422998,64.80684221900603
2017-03-21,66.94999694824219,67.4800033569336,64.80999755859375,64.9000015258789,62.46946334838867,851300,463,1,-3.061979859309172,44.11765530859765
2017-03-22,64.68000030517578,65.18000030517578,64.12000274658203,64.80000305175781,62.37321090698242,686500,464,2,0.18553300249819493,47.1513055782264
2017-03-23,64.66999816894531,65.81999969482422,64.08000183105469,65.23999786376953,62.79671859741211,588500,465,3,0.8813974191481222,47.46091421691343
2017-03-24,65.37999725341797,65.58000183105469,64.26000213623047,64.63999938964844,62.219200134277344,669900,466,4,-1.1318413809368044,45.97918767399845
2017-03-27,63.630001068115234,64.52999877929688,62.7400016784668,64.23999786376953,61.83417510986328,800000,467,0,0.9586622433045422,42.41280474475649
2017-03-28,64.25,66.19000244140625,64.25,65.44999694824219,62.99885940551758,676700,468,1,1.8676995303380295,54.798472361338085
2017-03-29,65.30000305175781,66.5199966430664,65.30000305175781,65.5999984741211,63.14323806762695,542700,469,2,0.4594110388103756,57.003871846841996
2017-03-30,65.72000122070312,66.33000183105469,65.54000091552734,65.6500015258789,63.19136047363281,535300,470,3,-0.10651201083996531,56.367232306465255
2017-03-31,65.43000030517578,66.43000030517578,65.43000030517578,66.05000305175781,63.576385498046875,456700,471,4,0.9475817571301226,53.078566580653735
2017-04-03,66.25,66.4800033569336,64.75,65.54000091552734,63.085487365722656,443800,472,0,-1.0716967312794812,56.05382316565198
2017-04-04,65.63999938964844,66.16000366210938,65.43000030517578,66.11000061035156,63.6341438293457,324100,473,1,0.716028679270897,44.63274887956646
2017-04-05,66.68000030517578,67.5,65.26000213623047,65.31999969482422,62.87373733520508,917600,474,2,-2.0395929875933083,38.026315393210034
2017-04-06,65.4000015258789,66.7300033569336,65.16000366210938,66.55999755859375,64.06729125976562,645000,475,3,1.773694198242226,46.29417460271892
2017-04-07,66.27999877929688,67.44999694824219,65.83999633789062,67.19000244140625,64.6737060546875,1065400,476,4,1.3729687369783417,51.70895919745833
2017-04-10,67.33999633789062,67.86000061035156,66.58000183105469,67.30000305175781,64.77957916259766,569300,477,0,-0.0593900925270896,66.66666666666666
2017-04-11,67.37000274658203,67.61000061035156,66.4000015258789,67.33999633789062,64.81807708740234,765600,478,1,-0.04453971718582084,67.7870693505611
2017-04-12,67.08000183105469,67.16999816894531,64.93000030517578,65.1500015258789,62.7100944519043,1215800,479,2,-2.877161974498166,49.493833835380144
2017-04-13,64.91000366210938,65.20999908447266,62.61000061035156,62.709999084472656,60.36146926879883,1210800,480,3,-3.389315134056836,41.006525156729616
2017-04-17,62.91999816894531,63.38999938964844,62.470001220703125,62.86000061035156,60.50585174560547,824200,481,0,-0.09535530886801702,43.41604574723271
2017-04-18,62.47999954223633,63.27000045776367,61.72999954223633,62.31999969482422,59.986087799072266,1301100,482,1,-0.25608170388021767,34.046913363254646
2017-04-19,62.970001220703125,64.29000091552734,62.90999984741211,63.900001525878906,61.50691223144531,1819000,483,2,1.476894214939306,42.437739691159
2017-04-20,64.70999908447266,65.58000183105469,64.25,64.83000183105469,62.40208053588867,885500,484,3,0.18544699162392764,46.61716374175135
2017-04-21,64.69999694824219,65.05999755859375,63.72999954223633,64.30000305175781,61.891929626464844,763100,485,4,-0.6182286172352613,42.857142857142854
2017-04-24,65.31999969482422,65.55000305175781,64.48999786376953,64.7699966430664,62.344322204589844,781000,486,0,-0.8420132491234411,46.846827144417475
2017-04-25,65.22000122070312,65.48999786376953,64.80000305175781,65.3499984741211,62.902610778808594,542000,487,1,0.19932114533096623,46.89033332729808
2017-04-26,65.05999755859375,65.4800033569336,64.47000122070312,64.55999755859375,62.14218521118164,861200,488,2,-0.7685213937330571,46.89033332729808
2017-04-27,64.38999938964844,64.48999786376953,63.06999969482422,63.41999816894531,61.044883728027344,1167200,489,3,-1.5064470102465366,37.04620191968737
2017-04-28,63.5099983215332,63.52000045776367,61.869998931884766,62.25,59.918701171875,1221900,490,4,-1.983936946674425,30.489703923778293
2017-05-01,62.52000045776367,62.529998779296875,60.869998931884766,62.20000076293945,59.87057113647461,1184400,491,0,-0.5118357205393775,29.76187484691998
2017-05-02,65.36000061035156,67.81999969482422,63.150001525878906,64.33000183105469,61.92081069946289,2635500,492,1,-1.5758855105239222,39.75495040891804
2017-05-03,64.11000061035156,64.38999938964844,62.209999084472656,62.619998931884766,60.274845123291016,1333600,493,2,-2.324132996851369,41.09781112661866
2017-05-04,62.06999969482422,62.439998626708984,60.400001525878906,60.560001373291016,58.291996002197266,1224900,494,3,-2.4327345399666855,42.227049820836086
2017-05-05,60.77000045776367,62.47999954223633,60.630001068115234,62.130001068115234,59.80319595336914,849900,495,4,2.2379473426148655,47.606558279208386
2017-05-08,61.630001068115234,61.869998931884766,59.75,60.09000015258789,57.83959197998047,1470500,496,0,-2.498784502413509,43.343283432526874
2017-05-09,60.130001068115234,60.790000915527344,59.75,60.349998474121094,58.08985900878906,858300,497,1,0.3658696193213906,38.496420165740396
2017-05-10,60.61000061035156,61.70000076293945,60.40999984741211,61.630001068115234,59.321922302246094,855200,498,2,1.6828913504242093,39.86057736355986
2017-05-11,61.72999954223633,62.040000915527344,60.2599983215332,60.84000015258789,58.56150817871094,724800,499,3,-1.441761536122299,39.21445285363903
2017-05-12,61.20000076293945,62.20000076293945,61.16999816894531,61.720001220703125,59.40855407714844,884200,500,4,0.8496739400019271,40.72949977621996
2017-05-15,63.0,64.55999755859375,62.060001373291016,63.439998626708984,61.06412887573242,852400,501,0,0.6984105185856793,44.57077933245184
2017-05-16,63.45000076293945,64.02999877929688,62.810001373291016,63.709999084472656,61.32402420043945,916600,502,1,0.4097688233363428,47.510256328889035
2017-05-17,62.58000183105469,62.869998931884766,60.52000045776367,61.04999923706055,58.76364517211914,817700,503,2,-2.444874639225225,43.625608089210154
2017-05-18,60.43000030517578,61.83000183105469,59.58000183105469,61.529998779296875,59.22566223144531,687500,504,3,1.8202854022274062,47.988823577299186
2017-05-19,61.810001373291016,64.0,61.650001525878906,62.880001068115234,60.525115966796875,1077500,505,4,1.7311109384420487,51.77083370586228
2017-05-22,63.86000061035156,63.880001068115234,62.61000061035156,63.2400016784668,60.87162780761719,837300,506,0,-0.9708721045396662,46.87320741552461
2017-05-23,63.4900016784668,64.44000244140625,62.900001525878906,63.04999923706055,60.68873977661133,1063900,507,1,-0.6930263502504808,51.351351999370856
2017-05-24,63.18000030517578,63.72999954223633,62.36000061035156,62.84000015258789,60.486602783203125,626300,508,2,-0.5381452215030058,58.108100775256894
2017-05-25,62.77000045776367,63.70000076293945,62.02000045776367,62.33000183105469,60.1782341003418,451700,509,3,-0.700969608889912,50.76923347789076
2017-05-26,62.09000015258789,62.97999954223633,61.9900016784668,62.540000915527344,60.380985260009766,359100,510,4,0.7247556157731649,60.96687702709118
2017-05-30,62.18000030517578,62.470001220703125,61.380001068115234,61.91999816894531,59.782386779785156,1281400,511,1,-0.41814431481890235,56.808320998159815
2017-05-31,61.79999923706055,61.79999923706055,60.22999954223633,61.459999084472656,59.33827590942383,768900,512,2,-0.5501620659956186,49.20634016048793
2017-06-01,61.529998779296875,62.7400016784668,61.22999954223633,62.43000030517578,60.274784088134766,551400,513,3,1.462703630317197,57.300274034599894
2017-06-02,62.63999938964844,63.47999954223633,61.9900016784668,62.93000030517578,60.75751876831055,730600,514,4,0.46296442904383284,55.756416929267324
2017-06-05,62.63999938964844,63.5,62.15999984741211,62.900001525878906,60.72855758666992,894500,515,0,0.4150736570304625,46.938793163477015
2017-06-06,62.41999816894531,63.08000183105469,61.65999984741211,62.43000030517578,60.274784088134766,650800,516,1,0.016023929067410236,42.90466644675074
2017-06-07,62.400001525878906,63.31999969482422,61.7599983215332,62.11000061035156,59.96582794189453,999200,517,2,-0.46474504557034724,57.93413712229238
2017-06-08,61.970001220703125,64.05999755859375,61.86000061035156,63.54999923706055,61.35611343383789,792300,518,3,2.5496175330549598,63.21989273914622
2017-06-09,63.599998474121094,66.31999969482422,63.599998474121094,65.69000244140625,63.42223358154297,1121400,519,4,3.286169838723474,66.66666666666666
2017-06-12,65.80000305175781,66.16000366210938,64.70999908447266,65.04000091552734,62.794681549072266,801800,520,0,-1.1550183905503109,60.32109058282153
2017-06-13,65.16000366210938,66.0999984741211,64.87000274658203,65.97000122070312,63.69257354736328,477100,521,1,1.2430901060012767,65.43340956004779
2017-06-14,66.08999633789062,66.13999938964844,63.31999969482422,63.59000015258789,61.394737243652344,1077200,522,2,-3.7827149702373997,53.22441825071112
2017-06-15,63.13999938964844,63.38999938964844,62.18000030517578,62.5099983215332,60.35201644897461,757300,523,3,-0.9977844064067543,50.73769002729382
2017-06-16,62.81999969482422,63.650001525878906,62.630001068115234,63.650001525878906,61.45266342163086,811800,524,4,1.3212381965724163,54.22695945384511
2017-06-19,63.720001220703125,64.58999633789062,63.45000076293945,64.55000305175781,62.32159423828125,893600,525,0,1.3025766088419655,59.80612478857037
2017-06-20,63.70000076293945,64.29000091552734,62.810001373291016,63.75,61.54921340942383,539200,526,1,0.07849173698855072,58.327266815444325
2017-06-21,63.380001068115234,64.25,62.5099983215332,62.7400016784668,60.5740852355957,699000,527,2,-1.0097812856781463,51.12400687253473
2017-06-22,62.970001220703125,63.95000076293945,62.779998779296875,63.20000076293945,61.01820373535156,702600,528,3,0.3652525611841817,50.98181902924774
2017-06-23,62.93000030517578,63.29999923706055,62.279998779296875,62.34000015258789,60.18788528442383,1522600,529,4,-0.9375498962763684,48.07955808159101
2017-06-26,62.93000030517578,62.93000030517578,61.5099983215332,62.58000183105469,60.41960906982422,913400,530,0,-0.5561710987188828,50.522652900097555
2017-06-27,63.099998474121094,63.86000061035156,62.560001373291016,63.15999984741211,60.979583740234375,742100,531,1,0.09508934190485263,53.59342358222493
2017-06-28,63.810001373291016,65.44000244140625,63.61000061035156,65.26000213623047,63.007083892822266,749200,532,2,2.272372248445653,55.59921787544813
2017-06-29,65.72000122070312,66.4000015258789,64.69999694824219,65.0999984741211,62.852603912353516,1572100,533,3,-0.9434003881100272,47.780273704913284
2017-06-30,65.86000061035156,66.80999755859375,65.43000030517578,66.20999908447266,63.92428207397461,727100,534,4,0.5314279849339743,54.25453407478019
2017-07-03,66.58999633789062,67.58999633789062,66.58999633789062,66.94999694824219,64.63871765136719,313500,535,0,0.5406226612851173,53.613550151968845
2017-07-05,67.05000305175781,67.41999816894531,65.51000213623047,66.0,63.72153091430664,844800,536,2,-1.566000005916901,59.93404006341262
2017-07-06,66.06999969482422,67.1500015258789,65.58999633789062,65.8499984741211,63.57670974731445,669400,537,3,-0.332982021672934,64.91070379408825
2017-07-07,65.98999786376953,66.87000274658203,65.41000366210938,66.7300033569336,64.42633056640625,690200,538,4,1.1213903881187148,64.07677785999167
2017-07-10,66.44999694824219,67.81999969482422,66.38999938964844,67.55000305175781,65.21804809570312,871500,539,0,1.65538924610098,63.812144216522896
2017-07-11,67.56999969482422,68.68000030517578,67.18000030517578,68.23999786376953,65.88420104980469,849900,540,1,0.9915615983000059,70.8837109942769
2017-07-12,69.06999969482422,70.30999755859375,68.76000213623047,69.30000305175781,66.90760803222656,639800,541,2,0.33300037346146727,80.37035741924592
2017-07-13,69.75,70.08000183105469,69.0199966430664,69.79000091552734,67.38069152832031,668200,542,3,0.05734898283489276,80.424730919567
2017-07-14,70.11000061035156,70.58999633789062,69.69000244140625,70.23999786376953,67.81517028808594,358600,543,4,0.18541898771395893,87.9078512824812
2017-07-17,70.29000091552734,70.81999969482422,70.0999984741211,70.41000366210938,67.97930145263672,343300,544,0,0.1707252027585593,87.82607349572017
2017-07-18,70.41999816894531,70.4800033569336,69.33000183105469,69.37999725341797,66.98486328125,533500,545,1,-1.4768545052106785,78.79624563650434
2017-07-19,69.44999694824219,70.69000244140625,69.27999877929688,70.5,68.06617736816406,899600,546,2,1.5118835102906125,76.68019289441851
2017-07-20,70.44000244140625,70.73999786376953,69.62000274658203,70.02999877929688,67.61241149902344,1051100,547,3,-0.5820608289308749,74.33363383922257
2017-07-21,69.94000244140625,70.12999725341797,69.63999938964844,69.94000244140625,67.52550506591797,508900,548,4,0.0,70.47200868962965
2017-07-24,70.06999969482422,70.66000366210938,69.9000015258789,70.31999969482422,67.89239501953125,836900,549,0,0.3567860726257033,69.25714176100223
2017-07-25,71.33999633789062,71.44000244140625,70.19999694824219,71.0,68.54891967773438,788900,550,1,-0.4765858639525056,79.48109388101759
2017-07-26,71.38999938964844,71.38999938964844,70.30999755859375,70.4800033569336,68.04688262939453,375900,551,2,-1.2746827853969633,76.15820163656866
2017-07-27,70.68000030517578,71.05000305175781,69.54000091552734,70.0999984741211,67.67999267578125,1056000,552,3,-0.8206024738970141,70.17959672968755
2017-07-28,70.02999877929688,71.05999755859375,70.01000213623047,71.0,68.54891967773438,614300,553,4,1.3851224298320197,70.4625960913644
2017-07-31,71.1500015258789,71.33000183105469,70.16000366210938,70.36000061035156,67.93102264404297,517400,554,0,-1.110331551068211,62.64916217901738
2017-08-01,70.55999755859375,70.70999908447266,69.7699966430664,70.41000366210938,67.97930145263672,588100,555,1,-0.21257639126166517,57.530522711133095
2017-08-02,70.44000244140625,71.55000305175781,69.4800033569336,71.33000183105469,68.86754608154297,2025200,556,2,1.2634857450335213,59.87178722234666
2017-08-03,71.1500015258789,72.0,69.19000244140625,69.43000030517578,67.03313446044922,2105600,557,3,-2.4174296329108613,45.62164204094628
2017-08-04,70.05000305175781,70.70999908447266,69.68000030517578,69.97000122070312,67.55448913574219,824900,558,4,-0.1142067488499321,47.71308749050292
2017-08-07,70.22000122070312,70.5,69.77999877929688,70.41000366210938,67.97930145263672,610000,559,0,0.27058165494624475,55.703242955066024
2017-08-08,70.20999908447266,70.83999633789062,69.25,69.56999969482422,67.16828918457031,523400,560,1,-0.911550203666045,44.68571717553957
2017-08-09,69.43000030517578,70.4000015258789,68.5999984741211,70.23999786376953,67.81517028808594,977700,561,2,1.1666391401893295,51.17317864282092
2017-08-10,69.62000274658203,70.72000122070312,69.0999984741211,69.16000366210938,66.7724380493164,1131300,562,3,-0.660728334279248,46.076465856549
2017-08-11,68.81999969482422,70.12000274658203,68.66999816894531,69.33999633789062,66.94622802734375,1007300,563,4,0.7555894294860144,44.96918084253913
2017-08-14,69.87999725341797,70.19000244140625,69.58999633789062,69.87000274658203,67.45794677734375,782500,564,0,-0.014302385845399446,44.10846305552749
2017-08-15,69.87999725341797,70.47000122070312,69.80999755859375,70.19000244140625,67.76688385009766,497800,565,1,0.4436250717985146,48.455800326138096
2017-08-16,70.58999633789062,71.2300033569336,70.30000305175781,71.02999877929688,68.57788848876953,529200,566,2,0.6233212412989797,54.7208144631655
2017-08-17,70.61000061035156,71.33000183105469,69.6500015258789,69.69999694824219,67.29380798339844,813100,567,3,-1.288774471382692,43.67702720755221
2017-08-18,69.70999908447266,70.51000213623047,68.93000030517578,70.27999877929688,67.8537826538086,647200,568,4,0.8176727905755854,49.608601656071116
2017-08-21,70.33000183105469,70.88999938964844,70.26000213623047,70.83000183105469,68.38478088378906,445100,569,0,0.7109341489867971,51.9589464604453
2017-08-22,71.18000030517578,71.7699966430664,70.83999633789062,71.63999938964844,69.16683197021484,754900,570,1,0.6462476573482201,51.460874367393075
2017-08-23,71.06999969482422,72.55000305175781,71.06999969482422,72.4000015258789,69.90058898925781,525600,571,2,1.8713969843333844,65.68110262863624
2017-08-24,72.41000366210938,72.88999938964844,71.87000274658203,72.69999694824219,70.19023132324219,752200,572,3,0.4004878766282305,64.78871609546749
2017-08-25,73.45999908447266,74.37999725341797,73.19000244140625,73.2699966430664,70.74056243896484,990400,573,4,-0.258647486760466,65.27775173964181
2017-08-28,73.91999816894531,75.18000030517578,73.91999816894531,74.83999633789062,72.25634765625,1278300,574,0,1.2445862983419431,76.11497790195196
2017-08-29,74.06999969482422,75.25,73.68000030517578,74.81999969482422,72.23704528808594,1121600,575,1,1.012555694734818,74.25851721222838
2017-08-30,74.54000091552734,76.44999694824219,74.33000183105469,76.36000061035156,73.931396484375,1311200,576,2,2.4416416319698486,86.36364336951262
2017-08-31,76.91999816894531,77.30999755859375,76.3499984741211,76.91000366210938,74.46390533447266,952400,577,3,-0.012993378931169808,86.8549375608234
2017-09-01,77.37999725341797,78.05999755859375,76.81999969482422,77.69999694824219,75.22877502441406,540700,578,4,0.41354317159798537,87.17949089507437
2017-09-05,77.9000015258789,78.16999816894531,75.91999816894531,76.63999938964844,74.2024917602539,1089600,579,1,-1.6174609904364257,78.61580849997969
2017-09-06,77.48999786376953,79.12999725341797,77.11000061035156,78.33000183105469,75.8387451171875,1479500,580,2,1.0840159897306023,80.115536273631
2017-09-07,78.30999755859375,78.31999969482422,76.79000091552734,76.9800033569336,74.53168487548828,1102000,581,3,-1.6983708889340976,79.98357228102083
2017-09-08,76.79000091552734,77.08000183105469,76.30000305175781,76.58000183105469,74.14439392089844,812900,582,4,-0.2734719129690699,76.33782421760375
2017-09-11,77.45999908447266,78.13999938964844,76.98999786376953,77.44999694824219,74.98673248291016,1444900,583,0,-0.01291264697739214,76.95441368521375
2017-09-12,77.87999725341797,79.69999694824219,77.55000305175781,79.41999816894531,76.89407348632812,1135700,584,1,1.9774023752418213,78.94347544229527
2017-09-13,79.41999816894531,79.6500015258789,78.62000274658203,79.29000091552734,76.76820373535156,830900,585,2,-0.1636832742572425,76.89308708004026
2017-09-14,79.26000213623047,79.47000122070312,78.62000274658203,79.1500015258789,76.6326675415039,424400,586,3,-0.1387845160065626,75.49411691622554
2017-09-15,78.94000244140625,79.79000091552734,78.68000030517578,79.45999908447266,76.93279266357422,488100,587,4,0.6587238750750846,74.9798642840429
2017-09-18,79.98999786376953,80.86000061035156,79.6500015258789,80.7699966430664,78.20112609863281,898500,588,0,0.9751203902083949,74.44356598303919
2017-09-19,81.08999633789062,81.5,80.56999969482422,81.30000305175781,78.71427917480469,555900,589,1,0.2589798043548086,75.63294138098166
2017-09-20,81.58999633789062,81.72000122070312,80.52999877929688,81.16999816894531,78.58840942382812,921900,590,2,-0.5147667456754879,71.41584767836689
2017-09-21,81.11000061035156,81.11000061035156,80.33999633789062,80.73999786376953,78.17208862304688,751700,591,3,-0.4561740152851268,67.23670846698516
2017-09-22,80.91999816894531,81.62999725341797,80.5199966430664,80.79000091552734,78.22048950195312,482500,592,4,-0.16064910573349023,64.89876156640183
2017-09-25,80.55000305175781,81.04000091552734,79.9800033569336,80.70999908447266,78.14305114746094,1023500,593,0,0.19862945580775282,71.67197365545225
2017-09-26,82.0,82.9800033569336,81.62999725341797,82.19000244140625,79.57597351074219,742800,594,1,0.23171029439785773,71.02395029428826
2017-09-27,82.80999755859375,84.58000183105469,82.13999938964844,83.30000305175781,80.65068054199219,975800,595,2,0.5917226272315057,85.34671462768341
2017-09-28,83.63999938964844,83.9000015258789,82.8499984741211,83.55000305175781,80.89271545410156,614800,596,3,-0.10759963958316687,89.64729490922852
2017-09-29,83.62000274658203,83.98999786376953,82.75,83.08999633789062,80.44734954833984,591300,597,4,-0.6338273036149533,83.65146678854246
2017-10-02,82.94000244140625,84.83999633789062,82.94000244140625,84.7699966430664,82.07391357421875,588200,598,0,2.2064072194270423,83.06542496758223
2017-10-03,84.80999755859375,85.18000030517578,84.19999694824219,84.97000122070312,82.26756286621094,639100,599,1,0.18866132144248482,84.8038101969892
2017-10-04,85.36000061035156,85.36000061035156,83.66999816894531,83.77999877929688,81.11539459228516,618800,600,2,-1.8509861993406318,75.13562634145615
2017-10-05,84.25,85.01000213623047,83.56999969482422,84.91999816894531,82.2191390991211,855100,601,3,0.7952500521606121,77.19114537066659
2017-10-06,84.0,84.63999938964844,83.4000015258789,84.52999877929688,81.84154510498047,672400,602,4,0.630950927734375,70.61397161239806
2017-10-09,85.0999984741211,85.16999816894531,84.5,84.72000122070312,82.02549743652344,390300,603,0,-0.446530270542278,69.4760065901065
2017-10-10,85.55000305175781,85.55000305175781,84.19000244140625,84.29000091552734,81.60918426513672,465800,604,1,-1.4728253550945758,67.1805850923045
2017-10-11,84.30999755859375,84.56999969482422,83.58000183105469,84.5,81.81251525878906,293700,605,2,0.22536169719873378,71.21891740384277
2017-10-12,84.08999633789062,84.87999725341797,83.62000274658203,84.48999786376953,81.80281829833984,356100,606,3,0.4756826534652481,70.97498568410927
2017-10-13,85.44000244140625,85.86000061035156,84.22000122070312,84.41999816894531,81.73503875732422,775000,607,4,-1.1938251911456144,71.05556455223525
2017-10-16,85.0,85.33000183105469,84.0,84.23999786376953,81.56077575683594,782100,608,0,-0.894120160271139,63.64840661835744
2017-10-17,84.41999816894531,85.0999984741211,83.62000274658203,83.6500015258789,80.98954772949219,471700,609,1,-0.9121021793028872,52.50356092316593
2017-10-18,83.6500015258789,84.04000091552734,82.62999725341797,83.0999984741211,80.45702362060547,755100,610,2,-0.657505130573921,46.91355569811945
2017-10-19,82.75,84.08000183105469,82.27999877929688,84.0,81.32841491699219,468400,611,3,1.5105740181268867,55.88617314851736
2017-10-20,84.38999938964844,84.69999694824219,83.70999908447266,83.81999969482422,81.15412902832031,454600,612,4,-0.6754351213967835,42.375639863822286
2017-10-23,83.7699966430664,83.97000122070312,83.16999816894531,83.26000213623047,80.61193084716797,601100,613,0,-0.6088033034177598,37.02581141861502
2017-10-24,83.9000015258789,86.27999877929688,83.54000091552734,85.5999984741211,82.87750244140625,1343700,614,1,2.026218018265258,61.75710721667979
2017-10-25,85.25,85.44999694824219,83.45999908447266,84.51000213623047,81.82215881347656,839900,615,2,-0.8680326847736453,47.3342242567288
2017-10-26,84.93000030517578,85.12000274658203,84.12000274658203,84.8499984741211,82.15138244628906,749100,616,3,-0.0941973752116132,52.09424109911333
2017-10-27,84.8499984741211,84.91999816894531,83.61000061035156,84.56999969482422,81.88028717041016,511900,617,4,-0.32999267452229475,49.02974284064608
2017-10-30,84.30000305175781,87.22000122070312,84.30000305175781,85.62999725341797,82.90656280517578,1001300,618,0,1.5776917598016915,58.014346207198656
2017-10-31,85.83999633789062,85.91999816894531,84.5199966430664,84.91000366210938,82.20945739746094,757600,619,1,-1.0834025110165846,52.31118710896039
2017-11-01,85.9000015258789,86.69000244140625,85.29000091552734,85.93000030517578,83.197021484375,650300,620,2,0.03492290892199712,57.28748065619141
2017-11-02,85.80999755859375,86.25,85.26000213623047,85.62000274658203,82.89688110351562,520800,621,3,-0.22141337538436057,55.92889264160972
2017-11-03,85.77999877929688,86.06999969482422,85.13999938964844,85.7699966430664,83.0421142578125,954500,622,4,-0.011660219599918253,57.58178375697158
2017-11-06,85.9000015258789,86.20999908447266,84.88999938964844,86.0199966430664,83.2841567993164,1013400,623,0,0.13969163568798848,62.1538591554586
2017-11-07,87.58999633789062,91.70999908447266,87.58999633789062,91.62000274658203,88.7060546875,1824300,624,1,4.60098935630171,78.78385163480701
2017-11-08,91.83000183105469,94.08000183105469,91.19999694824219,93.94999694824219,90.96194458007812,1561800,625,2,2.3086083795226253,80.65316782729609
2017-11-09,93.52999877929688,96.1500015258789,93.05000305175781,93.4000015258789,90.429443359375,1196100,626,3,-0.13898990175839065,78.85549616461148
2017-11-10,93.33000183105469,94.4000015258789,92.43000030517578,92.98999786376953,90.03248596191406,787200,627,4,-0.3643029686216326,79.57451545129467
2017-11-13,92.30999755859375,94.87999725341797,92.2699966430664,93.94999694824219,90.96194458007812,1028500,628,0,1.7766216369006438,77.70409937774997
2017-11-14,93.02999877929688,93.58999633789062,91.4000015258789,92.75,89.80010986328125,1111000,629,1,-0.300976870870584,77.14102194887693
2017-11-15,92.31999969482422,92.41000366210938,89.93000030517578,90.58999633789062,87.70880126953125,1345800,630,2,-1.8739204534795717,66.88236938795569
2017-11-16,91.16000366210938,93.16999816894531,91.13999938964844,92.69000244140625,89.74203491210938,997000,631,3,1.678366298632361,71.57282003654167
2017-11-17,92.8499984741211,94.16999816894531,92.44999694824219,93.51000213623047,90.53594207763672,886700,632,4,0.7108278653265909,71.20562588181575
2017-11-20,93.56999969482422,95.13999938964844,93.30000305175781,94.30000305175781,91.30081176757812,1090500,633,0,0.7801681728272669,75.17426933694199
2017-11-21,95.0999984741211,95.3499984741211,94.05000305175781,94.41000366210938,91.40733337402344,734800,634,1,-0.725546606816696,73.90080151658964
2017-11-22,94.48999786376953,95.98999786376953,94.43000030517578,94.79000091552734,91.77523803710938,811000,635,2,0.31749715159306025,75.74396245360677
2017-11-24,95.3499984741211,95.51000213623047,94.11000061035156,94.58999633789062,91.78492736816406,317900,636,4,-0.7970657036106221,74.69203702604116
2017-11-27,94.54000091552734,94.54000091552734,93.12000274658203,94.19000244140625,91.39680480957031,726000,637,0,-0.37021204858440626,72.68185682750241
2017-11-28,94.62000274658203,95.58999633789062,93.80000305175781,95.33999633789062,92.51268768310547,1162700,638,1,0.7609316956340928,63.716800715678254
2017-11-29,95.48999786376953,96.20999908447266,94.2300033569336,96.08999633789062,93.2404556274414,904700,639,2,0.6283364619790621,58.93155322555377
2017-11-30,96.38999938964844,98.12000274658203,96.06999969482422,97.93000030517578,95.02587890625,1089800,640,3,1.5976770674123841,67.0685656397938
2017-12-01,98.4800033569336,99.4000015258789,97.0199966430664,98.54000091552734,95.61780548095703,1406500,641,4,0.06092359519556112,70.60134576390226
2017-12-04,99.70999908447266,99.70999908447266,97.12999725341797,97.19000244140625,94.30783081054688,1099100,642,0,-2.5273259113476776,61.68833099020289
2017-12-05,96.87000274658203,99.38999938964844,96.43000030517578,98.41000366210938,95.49166870117188,723800,643,1,1.5897603714909447,70.38905501077349
2017-12-06,97.75,99.0,96.87000274658203,97.69000244140625,94.79300689697266,1001800,644,2,-0.06137857656649537,78.53699642326205
2017-12-07,98.11000061035156,99.56999969482422,97.38999938964844,99.37000274658203,96.4231948852539,620200,645,3,1.284274924464257,77.78703066039981
2017-12-08,100.0199966430664,100.69999694824219,99.23999786376953,99.77999877929688,96.82103729248047,590300,646,4,-0.23994988184812271,77.00258584716887
2017-12-11,100.27999877929688,101.66000366210938,100.05999755859375,100.63999938964844,97.655517578125,630800,647,0,0.35899542753672353,77.14041230109999
2017-12-12,100.8499984741211,101.54000091552734,100.4800033569336,100.87999725341797,97.88841247558594,365100,648,1,0.02974593926698965,77.39203686919356
2017-12-13,101.22000122070312,102.20999908447266,100.86000061035156,101.51000213623047,98.49974060058594,1194800,649,2,0.2865055443884268,77.86070721844618
2017-12-14,101.68000030517578,102.58000183105469,100.6500015258789,100.95999908447266,97.96602630615234,1042900,650,3,-0.708105053640995,75.66480573317521
2017-12-15,101.70999908447266,101.7300033569336,100.55999755859375,100.69000244140625,97.70404052734375,1093900,651,4,-1.002847952264041,76.46580067645648
2017-12-18,102.08000183105469,104.08000183105469,101.8499984741211,103.31999969482422,100.25605010986328,1768700,652,0,1.2147314278283083,78.99710071963588
2017-12-19,103.30000305175781,103.77999877929688,102.66000366210938,102.9000015258789,99.84849548339844,746100,653,1,-0.38722315010821795,75.35370451690822
2017-12-20,103.61000061035156,104.23999786376953,102.94999694824219,103.52999877929688,100.45982360839844,548700,654,2,-0.07721439106592731,72.91326272913949
2017-12-21,103.7300033569336,104.95999908447266,103.12000274658203,104.55000305175781,101.44956970214844,534200,655,3,0.7905135142072695,73.79257103402783
2017-12-22,104.7699966430664,104.86000061035156,103.8499984741211,104.6500015258789,101.54660034179688,349700,656,4,-0.11453194715306259,82.7768052941843
2017-12-26,104.62000274658203,105.8499984741211,104.31999969482422,105.51000213623047,102.38111114501953,403900,657,1,0.8506971576021316,82.21415896976833
2017-12-27,105.91000366210938,106.3499984741211,105.01000213623047,105.68000030517578,102.54605865478516,361700,658,2,-0.21716867999305167,88.1566511674001
2017-12-28,106.11000061035156,106.47000122070312,105.22000122070312,106.44000244140625,103.28352355957031,353900,659,3,0.31099974475214953,87.01572295138675
2017-12-29,106.98999786376953,107.51000213623047,105.61000061035156,106.52999877929688,103.37085723876953,468000,660,4,-0.42994587686446817,86.56556405470684
2018-01-02,106.97000122070312,109.0999984741211,106.81999969482422,109.08999633789062,105.85494232177734,461400,661,1,1.9818594867672124,88.65508971001302
2018-01-03,107.98999786376953,108.5199966430664,107.2300033569336,108.12999725341797,104.92340087890625,877800,662,2,0.1296410708564455,81.11589613015951
2018-01-04,108.58999633789062,109.11000061035156,107.95999908447266,109.0999984741211,105.8646469116211,1022600,663,3,0.46965848920699216,81.65138665472094
2018-01-05,109.69000244140625,110.9800033569336,109.20999908447266,110.79000091552734,107.50452423095703,539500,664,4,1.0028247330094553,87.43339527500125
2018-01-08,111.08000183105469,111.72000122070312,110.11000061035156,111.63999938964844,108.3293228149414,725700,665,0,0.504138953333344,89.93436824567222
2018-01-09,111.86000061035156,113.41999816894531,111.16999816894531,111.48999786376953,108.18376159667969,734000,666,1,-0.3307730596845637,86.37578484963362
2018-01-10,111.38999938964844,111.4000015258789,110.05000305175781,110.45999908447266,107.184326171875,439600,667,2,-0.8349046685264705,81.92567524028735
2018-01-11,111.30000305175781,113.30999755859375,110.94000244140625,113.25,109.89157104492188,530300,668,3,1.7520187733825798,84.71429007393974
2018-01-12,113.44000244140625,114.33999633789062,112.5999984741211,113.94000244140625,110.56111145019531,328400,669,4,0.4407616266213221,84.34528400662144
2018-01-16,113.51000213623047,113.51000213623047,109.0999984741211,110.4000015258789,107.12608337402344,800800,670,1,-2.7398471956850634,66.80303855898534
2018-01-17,111.30999755859375,111.87999725341797,108.44999694824219,108.7699966430664,105.54442596435547,1328900,671,2,-2.2819162440375407,59.11631324544456
2018-01-18,108.5,108.62000274658203,106.51000213623047,108.01000213623047,104.80696868896484,1247300,672,3,-0.4516109343497998,56.30753025734231
2018-01-19,108.7699966430664,110.23999786376953,108.4000015258789,110.12999725341797,106.8641128540039,771800,673,4,1.2503453639099327,59.30407435949425
2018-01-22,109.73999786376953,110.08999633789062,109.30000305175781,109.86000061035156,106.60211181640625,581900,674,0,0.10935187617826525,58.32084643980555
2018-01-23,110.77999877929688,111.25,110.20999908447266,111.12000274658203,107.82474517822266,646400,675,1,0.30691819013515254,55.42492385896507
2018-01-24,111.76000213623047,113.0,110.0199966430664,111.13999938964844,107.8441390991211,798300,676,2,-0.5547626473971223,58.46933794274218
2018-01-25,111.95999908447266,114.2300033569336,111.95999908447266,113.25,109.89157104492188,590600,677,3,1.1521980404394672,60.973036479487575
2018-01-26,113.75,115.19000244140625,112.7699966430664,114.16000366210938,110.77459716796875,560200,678,4,0.36044277987636875,59.293996848087495
2018-01-29,114.3499984741211,114.3499984741211,111.62999725341797,112.66999816894531,109.32877349853516,591600,679,0,-1.4691738763389584,52.74373613438137
2018-01-30,111.80999755859375,112.1500015258789,109.83999633789062,111.08000183105469,107.78593444824219,771700,680,1,-0.652889494212272,48.98566043718962
2018-01-31,112.12000274658203,114.02999877929688,111.44999694824219,112.5999984741211,109.26084899902344,656000,681,2,0.42810891525213446,55.16908141339161
2018-02-01,112.56999969482422,113.30999755859375,110.66000366210938,110.98999786376953,107.69860076904297,822000,682,3,-1.4035727417056498,44.211059106321024
2018-02-02,110.47000122070312,110.58999633789062,105.44999694824219,106.41000366210938,103.2544174194336,950900,683,4,-3.6752036876350314,33.91712407207157
2018-02-05,105.44000244140625,107.91999816894531,102.13999938964844,103.0,99.9455337524414,1098500,684,0,-2.3141145532144414,34.106519890343804
2018-02-06,100.91000366210938,108.52999877929688,100.29000091552734,108.20999908447266,105.00102233886719,1354100,685,1,7.234164262650156,48.95756168280789
2018-02-07,107.56999969482422,108.80000305175781,106.25,106.91999816894531,103.74929809570312,788700,686,2,-0.6042591128780916,48.01021486821533
2018-02-08,107.19999694824219,107.61000061035156,101.79000091552734,102.08999633789062,99.06251525878906,1205100,687,3,-4.76679174983442,36.64451607457746
2018-02-09,103.80999755859375,103.80999755859375,98.31999969482422,102.66000366210938,99.6156234741211,932100,688,4,-1.1077872300645053,38.157903322550126
2018-02-12,103.87000274658203,106.5999984741211,103.68000030517578,106.2300033569336,103.07975006103516,648200,689,0,2.2720713853348062,42.52522411196058
2018-02-13,105.86000061035156,108.44999694824219,104.48999786376953,107.58000183105469,104.38970947265625,710400,690,1,1.6247885988911692,44.77086271306939
2018-02-14,106.62000274658203,110.61000061035156,106.62000274658203,110.06999969482422,106.80587005615234,745900,691,2,3.235787712782434,45.38059301354162
2018-02-15,111.29000091552734,111.48999786376953,107.27999877929688,109.23999786376953,106.00048828125,901700,692,3,-1.8420370517508,42.836334842845375
2018-02-16,108.5,109.08000183105469,106.41999816894531,106.76000213623047,103.59403991699219,802700,693,4,-1.6036846670686944,41.63600763846554
2018-02-20,104.30000305175781,107.9000015258789,99.3499984741211,106.95999908447266,103.7881088256836,1274100,694,1,2.5503316921235752,43.93046055339419
2018-02-21,106.9800033569336,110.86000061035156,106.86000061035156,108.48999786376953,105.27273559570312,1326400,695,2,1.4114736020318874,43.94697941119496
2018-02-22,109.3499984741211,111.9000015258789,108.45999908447266,111.04000091552734,107.74711608886719,807200,696,3,1.5454983676165268,50.071658143640796
2018-02-23,111.56999969482422,111.83000183105469,110.23999786376953,111.19000244140625,107.89266967773438,616700,697,4,-0.3405908886415454,57.84635214331838
2018-02-26,111.56999969482422,112.43000030517578,110.38999938964844,112.19000244140625,109.06900024414062,503600,698,0,0.5557074018803565,66.38146424520681
2018-02-27,112.0,112.12000274658203,110.72000122070312,111.08999633789062,107.99959564208984,558600,699,1,-0.8125032697405166,56.015029327265516
2018-02-28,111.12999725341797,111.75,108.23999786376953,108.26000213623047,105.24832916259766,665000,700,2,-2.582556634679689,52.62952078246198
2018-03-01,108.1500015258789,110.19999694824219,106.01000213623047,106.9800033569336,104.00394439697266,730800,701,3,-1.0818290822356968,61.14912665525331
2018-03-02,106.04000091552734,109.5999984741211,105.23999786376953,109.25,106.21078491210938,632100,702,4,3.0271586729141653,63.94413718064206
2018-03-05,108.3499984741211,114.16999816894531,108.27999877929688,114.0199966430664,110.84809112548828,1546700,703,0,5.233039454356403,65.68666431506253
2018-03-06,114.72000122070312,117.37000274658203,114.72000122070312,117.16000366210938,113.90074157714844,1260500,704,1,2.1269198182033433,67.99399622141412
2018-03-07,115.66000366210938,118.3499984741211,115.01000213623047,117.83000183105469,114.5521011352539,853800,705,2,1.8761871867865265,65.6451684850573
2018-03-08,117.80999755859375,118.47000122070312,115.11000061035156,116.37000274658203,113.1327133178711,713900,706,3,-1.222302726299207,64.01888898222708
2018-03-09,117.76000213623047,120.27999877929688,117.05999755859375,119.94999694824219,116.61312103271484,967100,707,4,1.8597102346161964,74.85864909921064
2018-03-12,120.12000274658203,121.30000305175781,117.66000366210938,118.08000183105469,114.79515838623047,685100,708,0,-1.6983024216467468,69.71632439440305
2018-03-13,118.9000015258789,119.94000244140625,117.6500015258789,118.13999938964844,114.85347747802734,338300,709,1,-0.639194387281028,68.0508900536113
2018-03-14,118.66999816894531,118.91999816894531,115.76000213623047,116.3499984741211,113.11326599121094,494700,710,2,-1.955001037011339,60.22333544265495
2018-03-15,116.58000183105469,116.77999877929688,115.25,115.5199966430664,112.30635833740234,475600,711,3,-0.9092513049746009,58.12382069968884
2018-03-16,115.56999969482422,116.44000244140625,114.38999938964844,115.87000274658203,112.6466293334961,598600,712,4,0.25958557804794946,57.07692574044029
2018-03-19,115.38999938964844,115.56999969482422,113.33000183105469,114.43000030517578,111.24669647216797,527500,713,0,-0.8319603861257852,56.34017729515545
2018-03-20,115.0999984741211,116.58000183105469,114.6500015258789,114.87999725341797,111.68415832519531,536500,714,1,-0.19113920383986294,63.81468588918141
2018-03-21,114.93000030517578,118.47000122070312,114.93000030517578,117.61000061035156,114.3382339477539,479700,715,2,2.331854431444813,70.91695968730586
2018-03-22,115.93000030517578,117.12999725341797,112.8499984741211,113.36000061035156,110.20645141601562,663500,716,3,-2.216854729629014,57.50273950700573
2018-03-23,113.80000305175781,115.80999755859375,112.61000061035156,112.6500015258789,109.51622009277344,605200,717,4,-1.0105461292086892,47.06387696171568
2018-03-26,114.12000274658203,115.05999755859375,111.87999725341797,114.30999755859375,111.13002014160156,411900,718,0,0.16648686245970268,43.47824417005771
2018-03-27,115.27999877929688,116.62999725341797,112.76000213623047,113.33999633789062,110.18700408935547,533200,719,1,-1.6828612612326377,39.86454462663145
2018-03-28,113.8499984741211,113.8499984741211,107.94999694824219,108.01000213623047,105.00527954101562,1413500,720,2,-5.129553286044263,33.935426325585865
2018-03-29,108.83000183105469,111.76000213623047,108.04000091552734,111.1500015258789,108.05792999267578,717700,721,3,2.1317648220072094,32.799066815675516
2018-04-02,110.76000213623047,111.79000091552734,107.30000305175781,108.81999969482422,105.79275512695312,727900,722,0,-1.7515370205754666,32.21965858167685
2018-04-03,109.7699966430664,110.26000213623047,108.23999786376953,109.69000244140625,106.6385498046875,785100,723,1,-0.07287437743145331,34.26444128976236
2018-04-04,102.97000122070312,108.02999877929688,102.62999725341797,107.70999908447266,104.71363067626953,1344400,724,2,4.603280380282748,34.02367481634721
2018-04-05,108.19000244140625,111.5,108.19000244140625,110.62999725341797,107.55239868164062,984400,725,3,2.2552867704510593,41.60659359770024
2018-04-06,108.91000366210938,110.11000061035156,105.95999908447266,107.19000244140625,104.20809936523438,1154000,726,4,-1.579286716433681,36.530102371719245
2018-04-09,105.88999938964844,108.1500015258789,104.86000061035156,106.16999816894531,103.21646118164062,1405200,727,0,0.26442419577938914,37.01257338794829
2018-04-10,108.48999786376953,110.27999877929688,107.95999908447266,109.01000213623047,105.97746276855469,977000,728,1,0.4793107961103438,41.41562635561768
2018-04-11,108.31999969482422,108.43000030517578,106.55000305175781,108.06999969482422,105.06360626220703,920800,729,2,-0.23079763728244274,35.277777058270445
2018-04-12,108.5999984741211,109.37999725341797,106.75,108.91999816894531,105.88996124267578,790500,730,3,0.29465902331524685,42.34482337688578
2018-04-13,109.63999938964844,109.91999816894531,107.66999816894531,108.62000274658203,105.59831237792969,562500,731,4,-0.930314345808636,42.95208237932533
2018-04-16,109.36000061035156,110.52999877929688,107.87999725341797,110.33000183105469,107.2607421875,700100,732,0,0.8869798969362019,43.051683288482224
2018-04-17,111.25,112.69999694824219,111.12999725341797,111.56999969482422,108.46624755859375,740300,733,1,0.287640175122883,46.93878089595125
2018-04-18,112.44999694824219,115.1500015258789,112.44999694824219,114.62000274658203,111.43140411376953,923000,734,2,1.9297517627667293,62.41081374081493
2018-04-19,114.31999969482422,114.31999969482422,111.73999786376953,112.8499984741211,109.71063995361328,684300,735,3,-1.285865311955281,53.36499661721355
2018-04-20,111.94999694824219,112.16000366210938,109.26000213623047,109.94999694824219,106.89131927490234,1027500,736,4,-1.7865118843412353,52.187372898852814
2018-04-23,109.6500015258789,112.86000061035156,109.6500015258789,111.22000122070312,108.12598419189453,836300,737,0,1.431828247128375,52.916504266990884
2018-04-24,111.6500015258789,112.58999633789062,106.19000244140625,108.0999984741211,105.09278106689453,920200,738,1,-3.1795817315192543,50.712457511508205
2018-04-25,108.13999938964844,108.25,106.47000122070312,107.05000305175781,104.07199096679688,599400,739,2,-1.0079492732038675,42.980405626362625
2018-04-26,107.22000122070312,108.62999725341797,106.69999694824219,108.45999908447266,105.4427719116211,906700,740,3,1.1564986473159067,52.70557342176103
2018-04-27,108.56999969482422,109.0,105.91000366210938,107.56999969482422,104.57752227783203,480800,741,4,-0.9210647534409699,52.99914586098879
2018-04-30,108.12999725341797,110.18000030517578,106.6500015258789,106.97000122070312,103.99422454833984,616700,742,0,-1.0727791197443826,45.16587425816788
2018-05-01,106.25,106.87999725341797,105.27999877929688,106.55000305175781,103.58589935302734,584000,743,1,0.28235581341911065,46.307101381632584
2018-05-02,106.94000244140625,110.12999725341797,106.73999786376953,107.94999694824219,104.94695281982422,1354200,744,2,0.9444496762465615,47.70468126590962
2018-05-03,107.9000015258789,108.0199966430664,102.08000183105469,105.16999816894531,102.2442855834961,1832300,745,3,-2.5301235573002567,42.69376195829586
2018-05-04,104.63999938964844,106.98999786376953,104.02999877929688,106.61000061035156,103.64422607421875,1184100,746,4,1.882646437494162,42.03084446362144
2018-05-07,107.27999877929688,108.25,106.55000305175781,106.8499984741211,103.87755584716797,1078500,747,0,-0.4008205723980307,39.43598479311838
2018-05-08,106.95999908447266,109.12000274658203,106.63999938964844,108.5,105.4816665649414,831000,748,1,1.4397914441931725,35.38680930553183
2018-05-09,109.5999984741211,114.12999725341797,109.37000274658203,113.9000015258789,110.73143768310547,935100,749,2,3.9233605033061503,52.13675903712477
2018-05-10,114.33000183105469,117.83000183105469,113.73999786376953,116.4000015258789,113.16188049316406,1002200,750,3,1.8105481165679116,63.343001866471965
2018-05-11,116.87999725341797,117.88999938964844,116.55999755859375,117.11000061035156,113.85213470458984,646600,751,4,0.19678590206919644,62.47353461246142
2018-05-14,117.80000305175781,118.36000061035156,117.31999969482422,117.69000244140625,114.4159927368164,419500,752,0,-0.09337912351601307,72.75750130807822
2018-05-15,117.0,119.33999633789062,116.41000366210938,119.0,115.6895523071289,1000900,753,1,1.7094017094017033,78.01219988525497
2018-05-16,119.13999938964844,121.94000244140625,119.13999938964844,120.7300033569336,117.37142181396484,613500,754,2,1.3345677148151047,78.33720030390724
2018-05-17,121.01000213623047,121.87999725341797,120.11000061035156,120.83000183105469,117.46864318847656,768500,755,3,-0.1487482869169332,81.78333316874902
2018-05-18,120.86000061035156,122.3499984741211,120.86000061035156,121.27999877929688,117.9061279296875,565000,756,4,0.3475079983652929,84.54853564192301
2018-05-21,122.55999755859375,123.8499984741211,121.5,123.66999816894531,120.22964477539062,501800,757,0,0.9056793672183927,87.74250583305749
2018-05-22,124.01000213623047,124.30000305175781,121.97000122070312,122.13999938964844,118.74220275878906,613000,758,1,-1.5079450966606345,81.10478728670472
2018-05-23,121.0,122.38999938964844,119.72000122070312,121.41999816894531,118.042236328125,605300,759,2,0.34710592474818114,89.1566265060241
2018-05-24,120.87999725341797,122.76000213623047,118.97000122070312,120.52999877929688,117.1769790649414,656000,760,3,-0.28954209304566936,84.45544621767044
2018-05-25,119.66000366210938,120.2300033569336,117.25,118.26000213623047,114.97013854980469,712400,761,4,-1.1699828539468937,75.6635309380073
2018-05-29,117.30000305175781,120.6500015258789,117.30000305175781,117.91999816894531,114.84352111816406,907600,762,1,0.5285550733651112,72.51433793844406
2018-05-30,119.25,119.69000244140625,118.2300033569336,118.94000244140625,115.8369140625,647500,763,2,-0.2599560239779919,65.23579394362645
2018-05-31,118.94999694824219,119.5,115.66000366210938,115.7300033569336,112.71066284179688,2612700,764,3,-2.7070144379319983,48.05797632189764
2018-06-01,117.37000274658203,118.47000122070312,115.38999938964844,116.58000183105469,113.53849029541016,990100,765,4,-0.6730858797311834,48.476139166478745
2018-06-04,116.88999938964844,117.58000183105469,115.87000274658203,116.54000091552734,113.4995346069336,902400,766,0,-0.29942550769838094,46.587532255136026
2018-06-05,116.26000213623047,117.7300033569336,116.20999908447266,117.55000305175781,114.4831771850586,496200,767,1,1.109582738537851,45.619345375020394
2018-06-06,118.29000091552734,119.1500015258789,117.61000061035156,119.01000213623047,115.90509033203125,878700,768,2,0.6086746260297149,44.71744057226086
2018-06-07,119.08999633789062,119.7699966430664,116.97000122070312,117.62999725341797,114.56109619140625,835100,769,3,-1.225962825903737,40.88837234562537
2018-06-08,117.30999755859375,117.76000213623047,116.52999877929688,117.66999816894531,114.60005187988281,711600,770,4,0.3068797356096997,39.475222497938056
2018-06-11,117.55000305175781,117.55999755859375,115.02999877929688,115.83999633789062,112.81780242919922,835500,771,0,-1.4547058013382297,26.401457631826545
2018-06-12,115.5199966430664,116.33000183105469,113.75,114.51000213623047,111.52249145507812,928900,772,1,-0.8743027494682254,26.723630305487532
2018-06-13,114.75,114.9800033569336,111.6500015258789,112.43000030517578,109.49675750732422,894500,773,2,-2.0217862264263364,24.676073240436708
2018-06-14,112.93000030517578,113.56999969482422,111.7300033569336,112.29000091552734,109.36041259765625,803400,774,3,-0.5667222066049193,25.764723041883116
2018-06-15,111.79000091552734,112.0,108.45999908447266,110.0,107.13015747070312,922900,775,4,-1.6012173726341894,25.73444077518539
2018-06-18,108.94000244140625,109.91000366210938,108.58000183105469,109.52999877929688,106.67241668701172,761700,776,0,0.5415791487685784,25.539373437976835
2018-06-19,107.77999877929688,107.77999877929688,103.70999908447266,105.61000061035156,102.85469055175781,1091900,777,1,-2.0133588731883867,16.75810523159491
2018-06-20,105.93000030517578,106.0,103.33000183105469,104.98999786376953,102.2508773803711,997500,778,2,-0.8873807596508798,19.24398235014975
2018-06-21,105.80000305175781,107.58000183105469,105.0,105.87000274658203,103.10791015625,1261500,779,3,0.0661622805341322,19.38252987741069
2018-06-22,108.5199966430664,109.33000183105469,106.87000274658203,107.86000061035156,105.04598999023438,1102700,780,4,-0.6081791864458341,27.67490789983364
2018-06-25,107.13999938964844,107.16000366210938,103.9000015258789,105.44000244140625,102.68911743164062,623800,781,0,-1.5867061395619553,20.959239651470327
2018-06-26,105.56999969482422,106.27999877929688,103.9800033569336,105.13999938964844,102.39695739746094,782200,782,1,-0.40731297377929465,14.779086712732322
2018-06-27,105.52999877929688,107.66000366210938,105.4800033569336,106.05000305175781,103.2832260131836,1091500,783,2,0.4927549308026302,19.875159028344257
2018-06-28,105.83999633789062,106.55000305175781,104.72000122070312,106.55000305175781,103.77017974853516,590200,784,3,0.6708302517325349,21.74799127582189
2018-06-29,107.0,109.08000183105469,106.70999908447266,107.62999725341797,104.82198333740234,721900,785,4,0.5887824798298746,28.314846930488685
2018-07-02,108.0,108.26000213623047,105.87999725341797,108.16000366210938,105.33816528320312,924700,786,0,0.14815153899017108,32.48760592458056
2018-07-03,108.9000015258789,109.0999984741211,107.05000305175781,107.2699966430664,104.47138214111328,386900,787,1,-1.49679050502598,34.76978078349386
2018-07-05,108.2300033569336,108.80000305175781,107.23999786376953,108.80000305175781,105.96146392822266,700700,788,3,0.5266558968352042,40.48010595395814
2018-07-06,108.23999786376953,109.83000183105469,107.72000122070312,109.45999908447266,106.60425567626953,506900,789,4,1.1271260576322328,48.38323271224653
2018-07-09,110.38999938964844,111.66999816894531,109.58999633789062,111.5199966430664,108.6104965209961,712400,790,0,1.0236409635526522,55.44012056852078
2018-07-10,111.88999938964844,112.8499984741211,110.69000244140625,111.5999984741211,108.68840789794922,645000,791,1,-0.25918394593732463,70.72660775409412
2018-07-11,108.61000061035156,109.5999984741211,105.91000366210938,107.0,104.20841979980469,1520600,792,2,-1.482368659703437,55.45306684428556
2018-07-12,107.33999633789062,108.69000244140625,105.83000183105469,107.19000244140625,104.39347839355469,788400,793,3,-0.13973719172880594,53.72040225028266
2018-07-13,107.30000305175781,108.56999969482422,107.16000366210938,107.87999725341797,105.0654525756836,555200,794,4,0.5405351213087828,50.060817003701
2018-07-16,107.43000030517578,107.9800033569336,104.91999816894531,105.51000213623047,102.75730895996094,671400,795,0,-1.7872085669656368,50.21354382198521
2018-07-17,105.70999908447266,107.91999816894531,105.44000244140625,107.72000122070312,104.9096450805664,491800,796,1,1.9014304735962329,57.04918415520937
2018-07-18,107.63999938964844,109.12999725341797,107.41000366210938,108.18000030517578,105.3576431274414,545300,797,2,0.5016730941929781,55.96637937114122
2018-07-19,107.61000061035156,107.94999694824219,106.5999984741211,107.38999938964844,104.58824920654297,552400,798,3,-0.204443099577456,52.31531523195631
2018-07-20,106.95999908447266,108.2699966430664,106.41999816894531,107.62999725341797,104.82198333740234,564300,799,4,0.6264006868737626,50.0
2018-07-23,108.0,108.0,106.26000213623047,106.45999908447266,103.68251037597656,520900,800,0,-1.4259267736364323,45.26197026406474
2018-07-24,106.69999694824219,108.0,104.94999694824219,105.2300033569336,102.48461151123047,862000,801,1,-1.377688503610408,44.42014462473612
2018-07-25,105.0199966430664,105.6500015258789,102.62999725341797,105.52999877929688,102.77677917480469,955600,802,2,0.4856238359669973,40.41052920787516
2018-07-26,105.05000305175781,107.05999755859375,105.01000213623047,106.18000030517578,103.40982818603516,574000,803,3,1.0756756026567782,40.37557802588266
2018-07-27,106.41000366210938,106.80999755859375,103.97000122070312,104.73999786376953,102.00739288330078,468400,804,4,-1.5694067670956269,29.35442802713503
2018-07-30,105.62999725341797,106.5,104.83000183105469,105.0,102.26061248779297,511200,805,0,-0.5964188864897357,30.12046642304668
2018-07-31,105.62000274658203,107.5199966430664,105.41999816894531,107.22000122070312,104.42268371582031,582600,806,1,1.5148631248950384,50.773563424367524
2018-08-01,107.19999694824219,109.87000274658203,107.19999694824219,107.55999755859375,104.75382995605469,1268500,807,2,0.3358214744403121,51.28738912939832
2018-08-02,101.54000091552734,101.54000091552734,96.66000366210938,98.83999633789062,96.26131439208984,2770700,808,3,-2.6590551046802635,29.821414156827075
2018-08-03,98.83000183105469,100.79000091552734,98.33999633789062,99.5,96.90409088134766,776200,809,4,0.6779299367925207,35.476066594416636
2018-08-06,98.73999786376953,100.80000305175781,98.2300033569336,100.37000274658203,97.75139617919922,746100,810,0,1.6508050618569081,31.007754383156495
2018-08-07,100.66999816894531,103.11000061035156,100.16999816894531,100.31999969482422,97.70270538330078,753400,811,1,-0.3476690975336316,29.250265054960636
2018-08-08,100.2300033569336,100.72000122070312,98.1500015258789,99.8499984741211,97.24497985839844,733500,812,2,-0.37913286449692274,29.75295434123548
2018-08-09,99.83999633789062,101.11000061035156,99.5,100.26000213623047,97.64427185058594,704400,813,3,0.4206788999855382,30.38852643529188
2018-08-10,99.25,99.55000305175781,96.37000274658203,98.05999755859375,95.50165557861328,707800,814,4,-1.1989949031801062,28.80929569039617
2018-08-13,98.1500015258789,99.23999786376953,97.02999877929688,97.31999969482422,94.78097534179688,801700,815,0,-0.8456462742242987,29.539584405578722
2018-08-14,97.88999938964844,99.05000305175781,97.61000061035156,97.69000244140625,95.14132690429688,566800,816,1,-0.2043078450190916,29.793849299984274
2018-08-15,96.2699966430664,96.2699966430664,92.7699966430664,93.87999725341797,91.43071746826172,1296200,817,2,-2.482600470538787,22.739388864614938
2018-08-16,94.8499984741211,97.29000091552734,94.36000061035156,96.93000030517578,94.4011459350586,983700,818,3,2.1929381808289516,33.8436320041515
2018-08-17,96.72000122070312,96.72000122070312,94.93000030517578,95.58999633789062,93.09609985351562,836300,819,4,-1.1683259600400175,31.36635190290467
2018-08-20,95.94000244140625,97.13999938964844,95.6500015258789,96.58999633789062,94.07001495361328,1029800,820,0,0.6775003960223458,27.881831204852332
2018-08-21,96.56999969482422,97.69999694824219,96.5199966430664,97.30999755859375,94.77123260498047,673200,821,1,0.7662813152200743,29.00453574839848
2018-08-22,97.95999908447266,98.56999969482422,96.9000015258789,98.18000030517578,95.61854553222656,756200,822,2,0.2245827100441522,48.007262651936806
2018-08-23,97.94999694824219,98.06999969482422,95.66000366210938,96.44999694824219,93.93367004394531,818500,823,3,-1.5313936158595443,41.349980353158465
2018-08-24,97.0,97.86000061035156,96.55000305175781,97.19000244140625,94.65437316894531,676000,824,4,0.19587880557345727,40.91430464759903
2018-08-27,97.18000030517578,98.48999786376953,97.18000030517578,97.9800033569336,95.66984558105469,451100,825,0,0.8232177909503591,43.58554901834481
2018-08-28,98.33999633789062,98.98999786376953,97.44999694824219,98.04000091552734,95.72843170166016,955500,826,1,-0.30505941990531804,44.92430096815686
2018-08-29,97.26000213623047,97.61000061035156,95.63999938964844,96.55000305175781,94.27356719970703,570700,827,2,-0.7300010989904848,40.19039165649617
2018-08-30,96.26000213623047,96.48999786376953,94.66999816894531,94.77999877929688,92.54529571533203,825100,828,3,-1.537506050372861,41.12555703170736
2018-08-31,94.23999786376953,95.3499984741211,93.77999877929688,94.56999969482422,92.34024047851562,683400,829,4,0.35017173019435965,42.33984459010875
2018-09-04,94.02999877929688,94.3499984741211,92.13999938964844,92.80000305175781,90.61198425292969,717200,830,1,-1.3080886350174903,37.3643566120952
2018-09-05,92.80000305175781,93.77999877929688,91.58999633789062,93.12999725341797,90.93418884277344,730400,831,2,0.35559718837090415,47.637052584617955
2018-09-06,92.94999694824219,95.0,91.48999786376953,92.0,89.83084106445312,1038600,832,3,-1.0220516185397877,32.32975380854327
2018-09-07,90.08999633789062,90.63999938964844,87.36000061035156,89.20999908447266,87.10662078857422,1273400,833,4,-0.976797967798182,29.28572525562184
2018-09-10,89.54000091552734,89.88999938964844,86.97000122070312,87.30999755859375,85.25141143798828,817400,834,0,-2.490510759584863,21.53375140535293
2018-09-11,86.5199966430664,88.05000305175781,85.73999786376953,86.68000030517578,84.63627624511719,1051200,835,1,0.18493258011724745,17.21160439916278
2018-09-12,86.5199966430664,86.77999877929688,85.86000061035156,85.95999908447266,83.9332504272461,756200,836,2,-0.6472463942688189,11.955158535612085
2018-09-13,86.19999694824219,88.0199966430664,85.62999725341797,86.01000213623047,83.9820785522461,902600,837,3,-0.2204116226660613,13.69959385934429
2018-09-14,86.04000091552734,87.66999816894531,85.27999877929688,86.93000030517578,84.88038635253906,867000,838,4,1.034401883052305,14.766451810331858
2018-09-17,86.55999755859375,87.4800033569336,85.69000244140625,85.79000091552734,83.76726531982422,758700,839,0,-0.8895525240110835,9.121355055206976
2018-09-18,86.0,86.0,83.7699966430664,83.9000015258789,81.92182159423828,1264100,840,1,-2.441858690838483,7.765807531319723
2018-09-19,81.95999908447266,85.33999633789062,81.94000244140625,83.93000030517578,81.95111083984375,1073000,841,2,2.4036130340518103,8.704155575827386
2018-09-20,85.0199966430664,87.41000366210938,85.0199966430664,86.26000213623047,84.2261734008789,1036300,842,3,1.458486876175602,23.106052031159166
2018-09-21,86.43000030517578,87.26000213623047,85.47000122070312,85.94999694824219,83.9234848022461,716300,843,4,-0.5553666033075944,22.96108672480132
2018-09-24,86.01000213623047,86.44999694824219,84.80999755859375,86.16000366210938,84.1285400390625,907700,844,0,0.1744000955160141,26.91238826495531
2018-09-25,85.75,86.9800033569336,85.2699966430664,86.44000244140625,84.40193939208984,1350300,845,1,0.8046675701530503,26.65739568952803
2018-09-26,85.55000305175781,87.6500015258789,85.41000366210938,86.0,83.9723129272461,956000,846,2,0.526004596364471,28.005888722827294
2018-09-27,85.87000274658203,85.87000274658203,83.9800033569336,84.2699966430664,82.28309631347656,799400,847,3,-1.8632887531604414,30.365676746995547
2018-09-28,83.73999786376953,83.80000305175781,81.87999725341797,83.11000061035156,81.15044403076172,857700,848,4,-0.7523253755545412,32.26354377296387
2018-10-01,83.11000061035156,85.23999786376953,83.11000061035156,83.62999725341797,81.65819549560547,637700,849,0,0.625672770121044,36.99914665334613
2018-10-02,83.83000183105469,84.5,82.9000015258789,83.38999938964844,81.4238510131836,784500,850,1,-0.52487466515031,38.57778688029861
2018-10-03,82.55999755859375,82.80000305175781,79.08000183105469,81.54000091552734,79.61746978759766,1762300,851,2,-1.2354610867599702,32.87356254640483
2018-10-04,81.75,82.4000015258789,80.4000015258789,80.8499984741211,78.94373321533203,861700,852,3,-1.1009192977112003,26.28705788814672
2018-10-05,81.0,82.08000183105469,80.68000030517578,81.6500015258789,79.72486877441406,996900,853,4,0.8024710196035789,33.41347858513981
2018-10-08,82.83999633789062,85.94999694824219,82.7699966430664,83.30999755859375,81.3457260131836,870500,854,0,0.5673602625307472,47.59182204152505
2018-10-09,83.12999725341797,83.69000244140625,80.20999908447266,80.62000274658203,78.71916198730469,980800,855,1,-3.0193607479431672,38.90007798252456
2018-10-10,80.4800033569336,82.13999938964844,79.30999755859375,80.2699966430664,78.37741088867188,907600,856,2,-0.2609427250341856,26.83680658405133
2018-10-11,80.06999969482422,82.08000183105469,79.52999877929688,79.54000091552734,77.66462707519531,1492300,857,3,-0.6619192972610155,25.992521478033908
2018-10-12,80.56999969482422,82.4800033569336,80.16000366210938,80.83000183105469,78.92420959472656,957500,858,4,0.3227034097248227,31.531515812893105
2018-10-15,80.76000213623047,81.58000183105469,79.29000091552734,79.30000305175781,77.43028259277344,497300,859,0,-1.8078244748060412,27.232134168415072
2018-10-16,79.80000305175781,80.73999786376953,79.12999725341797,80.31999969482422,78.42623138427734,859400,860,1,0.6516248410781911,32.533810303820005
2018-10-17,80.55000305175781,80.83000183105469,77.7699966430664,78.80000305175781,76.94207000732422,541800,861,2,-2.172563542766759,32.95950046180474
2018-10-18,78.33999633789062,80.0199966430664,76.87000274658203,77.16999816894531,75.35049438476562,694200,862,3,-1.4934876482492476,32.0217724222143
2018-10-19,77.16000366210938,77.8499984741211,76.06999969482422,76.56999969482422,74.7646484375,640400,863,4,-0.7646499990705546,28.734935384507907
2018-10-22,77.0999984741211,77.31999969482422,74.69000244140625,75.20999908447266,73.43672180175781,726900,864,0,-2.451361124582674,26.918726682869803
2018-10-23,73.5199966430664,74.19999694824219,72.18000030517578,72.77999877929688,71.06401062011719,956800,865,1,-1.0065259760037248,26.06556194673847
2018-10-24,72.8499984741211,73.5,69.29000091552734,69.30000305175781,67.66606140136719,852600,866,2,-4.873020585751098,22.617350388361345
2018-10-25,70.22000122070312,71.19000244140625,69.3499984741211,70.76000213623047,69.09163665771484,1143300,867,3,0.7690129680147706,24.96550108144551
2018-10-26,69.61000061035156,71.68000030517578,68.4000015258789,71.01000213623047,69.33573913574219,878400,868,4,2.0112074610019626,19.764006267059713
2018-10-29,72.2300033569336,72.31999969482422,69.52999877929688,70.33000183105469,68.6717758178711,492400,869,0,-2.630487937941539,21.93124885278094
2018-10-30,70.08000183105469,71.7300033569336,68.83000183105469,70.73999786376953,69.07209777832031,739600,870,1,0.9417751362306381,24.089159861467678
2018-10-31,71.61000061035156,73.0999984741211,71.18000030517578,71.30000305175781,69.618896484375,1062000,871,2,-0.43289701990162355,27.38748418742523
2018-11-01,72.55000305175781,75.16000366210938,71.63999938964844,74.9000015258789,73.13401794433594,735900,872,3,3.239143177491788,35.55771344011518
2018-11-02,75.44000244140625,75.81999969482422,74.08000183105469,74.23999786376953,72.48959350585938,509800,873,4,-1.5906740970332733,37.13121513461071
2018-11-05,74.58000183105469,75.61000061035156,73.36000061035156,74.51000213623047,72.75321960449219,704800,874,0,-0.09385853191957727,34.637767230485935
2018-11-06,78.02999877929688,81.48999786376953,75.80000305175781,79.06999969482422,77.20570373535156,1356100,875,1,1.3328219041357725,50.6150263935286
2018-11-07,79.54000091552734,79.79000091552734,77.1500015258789,79.58999633789062,77.71343994140625,773000,876,2,0.06285569749537867,55.806138661707315
2018-11-08,78.75,79.37000274658203,77.16000366210938,77.45999908447266,75.63365936279297,697300,877,3,-1.638096400669642,51.98927041554119
2018-11-09,76.0999984741211,77.06999969482422,75.54000091552734,75.9000015258789,74.1104507446289,832100,878,4,-0.2628080844314318,51.52858370398615
2018-11-12,76.12000274658203,76.27999877929688,73.66000366210938,74.02999877929688,72.28453063964844,790200,879,0,-2.7456698526971635,52.83961906399334
2018-11-13,73.7699966430664,74.61000061035156,70.98999786376953,71.0999984741211,69.42361450195312,767600,880,1,-3.619355144970393,54.19383853484334
2018-11-14,71.66999816894531,72.69999694824219,70.33000183105469,71.38999938964844,69.70677185058594,1417100,881,2,-0.3906778100326469,51.55248207242772
2018-11-15,70.73999786376953,72.11000061035156,69.80000305175781,71.69999694824219,70.00946807861328,815700,882,3,1.35708101987988,51.69531907554976
2018-11-16,71.52999877929688,73.5,70.95999908447266,71.73999786376953,70.04853057861328,652400,883,4,0.2935818370703558,53.5768546377702
2018-11-19,71.05999755859375,71.8499984741211,69.38999938964844,69.69000244140625,68.04686737060547,600900,884,0,-1.927941407622269,47.54099415127357
2018-11-20,68.33000183105469,68.73999786376953,66.91000366210938,67.5,65.90850067138672,674900,885,1,-1.214696046850483,41.7319326408666
2018-11-21,68.05999755859375,70.27999877929688,67.91999816894531,69.38999938964844,67.75393676757812,754400,886,2,1.954160856249909,37.047477654335644
2018-11-23,68.30000305175781,69.52999877929688,67.66000366210938,68.41000366210938,66.79705047607422,405600,887,4,0.16105505920431806,36.49838524610729
2018-11-26,68.4000015258789,69.97000122070312,68.4000015258789,69.45999908447266,68.07105255126953,488200,888,0,1.5497039984607275,38.7125444821045
2018-11-27,68.54000091552734,69.47000122070312,68.0,68.70999908447266,67.3360366821289,1054000,889,1,0.24802767241691726,22.090488980529415
2018-11-28,68.68000030517578,70.23999786376953,67.58999633789062,70.12999725341797,68.72764587402344,944200,890,2,2.1112360829924404,25.69371287969109
2018-11-29,70.16000366210938,72.41000366210938,70.05000305175781,71.81999969482422,70.38385009765625,575800,891,3,2.366014746392242,35.17349461770374
2018-11-30,71.30999755859375,72.5999984741211,71.11000061035156,72.48999786376953,71.04045104980469,1132500,892,4,1.6547473644297872,40.595682256787136
2018-12-03,74.41000366210938,75.25,72.55000305175781,73.81999969482422,72.34386444091797,888400,893,0,-0.7929094721783936,49.403072145318596
2018-12-04,73.66999816894531,74.05000305175781,70.2699966430664,70.41000366210938,69.00204467773438,741300,894,1,-4.425131787515301,48.09077087350521
2018-12-06,67.87999725341797,70.44999694824219,67.45999908447266,70.27999877929688,68.87464141845703,973900,895,3,3.535653540053807,46.90116881888718
2018-12-07,71.33000183105469,73.63999938964844,68.2300033569336,68.37000274658203,67.00283813476562,891200,896,4,-4.149725232705615,41.46592403526809
2018-12-10,67.93000030517578,68.31999969482422,64.55000305175781,66.81999969482422,65.48383331298828,1021500,897,0,-1.634035927226385,38.296858371940075
2018-12-11,68.20999908447266,68.5999984741211,65.06999969482422,66.30999755859375,64.9840316772461,894800,898,1,-2.785517594753084,41.32442088261305
2018-12-12,67.77999877929688,68.7300033569336,66.81999969482422,67.36000061035156,66.0130386352539,945100,899,2,-0.619649124386823,49.618322198464135
2018-12-13,67.66000366210938,68.79000091552734,66.31999969482422,67.0,65.66023254394531,745200,900,3,-0.9754709228296798,42.89113701141913
2018-12-14,66.12000274658203,67.31999969482422,63.959999084472656,64.62999725341797,63.337623596191406,1037100,901,4,-2.2534867381581947,39.615369621016214
2018-12-17,64.23999786376953,66.69999694824219,63.779998779296875,65.0,63.700233459472656,863200,902,0,1.183066876562111,37.271700757234306
2018-12-18,65.30999755859375,67.0,64.4000015258789,64.48999786376953,63.20042419433594,1154900,903,1,-1.2555500313540024,37.78935823951864
2018-12-19,64.43000030517578,65.38999938964844,62.040000915527344,62.369998931884766,61.12282180786133,1096700,904,2,-3.1972704695541254,28.420489617476136
2018-12-20,61.84000015258789,64.13999938964844,61.31999969482422,61.65999984741211,60.42701721191406,860400,905,3,-0.29107423145477984,20.11766762385585
2018-12-21,61.459999084472656,62.75,61.209999084472656,61.400001525878906,60.172218322753906,826200,906,4,-0.09762050030506231,16.576285154284733
2018-12-24,60.93000030517578,62.54999923706055,60.20000076293945,60.81999969482422,59.60381317138672,262400,907,0,-0.18053604103168697,8.964676507165564
2018-12-26,60.709999084472656,63.70000076293945,59.779998779296875,63.59000015258789,62.31842803955078,469100,908,2,4.743866103684113,27.565801576221205
2018-12-27,62.45000076293945,65.01000213623047,62.130001068115234,65.0,63.700233459472656,453700,909,3,4.083265341725717,33.9805969071344
2018-12-28,65.04000091552734,65.37000274658203,63.970001220703125,64.58999633789062,63.298423767089844,528600,910,4,-0.6918889472667389,37.38317185826457
2018-12-31,65.06999969482422,66.19999694824219,64.68000030517578,66.16999816894531,64.84683990478516,659400,911,0,1.690484830613248,47.83477424185204
2019-01-02,65.0,68.36000061035156,64.98999786376953,67.45999908447266,66.11103820800781,1243900,912,2,3.7846139761117836,53.64154638343394
2019-01-03,67.18000030517578,67.79000091552734,65.16999816894531,65.2300033569336,63.92563247680664,602200,913,3,-2.9026450422506955,43.724230575738
2019-01-04,67.33999633789062,69.83999633789062,67.04000091552734,69.56999969482422,68.17884826660156,824100,914,4,3.311558476695109,56.13364948274902
2019-01-07,69.52999877929688,71.0999984741211,68.1500015258789,69.93000030517578,68.53164672851562,1333200,915,0,0.5752934458529202,63.991558523168536
2019-01-08,72.5,74.7699966430664,71.94999694824219,74.5199966430664,73.02985382080078,1861800,916,1,2.7862022662984876,70.55267330274766
2019-01-09,75.01000213623047,76.08999633789062,74.44999694824219,75.36000061035156,73.85306549072266,1182200,917,2,0.4666024052171647,73.13751327186728
2019-01-10,74.44000244140625,75.8499984741211,73.01000213623047,75.73999786376953,74.22547149658203,760900,918,3,1.746366711079217,80.73563511914398
2019-01-11,75.0199966430664,75.75,74.5199966430664,75.06999969482422,73.56886291503906,659300,919,4,0.0666529645365399,80.88439145374086
2019-01-14,74.2699966430664,75.22000122070312,73.30999755859375,74.12000274658203,72.63787078857422,699400,920,0,-0.20195759157661808,78.39286760408336
2019-01-15,74.0,74.37000274658203,71.94000244140625,72.58999633789062,71.1384506225586,633900,921,1,-1.905410354201853,75.20342058289886
2019-01-16,73.06999969482422,76.08000183105469,72.75,74.70999908447266,73.21607208251953,1023500,922,2,2.244422329954654,74.4933888945932
2019-01-17,74.18000030517578,76.08000183105469,73.62000274658203,75.51000213623047,74.00006866455078,611500,923,3,1.7929385623929317,73.78904537952
2019-01-18,76.20999908447266,79.2300033569336,76.20999908447266,77.83000183105469,76.273681640625,960000,924,4,2.1257089175219512,77.58334477742513
2019-01-22,77.0,77.38999938964844,74.05999755859375,74.93000030517578,73.4316635131836,797600,925,1,-2.688311291979506,67.29858262601232
2019-01-23,74.93000030517578,75.31999969482422,72.30999755859375,72.5,71.05025482177734,842900,926,2,-3.2430272191096288,59.52381158335893
2019-01-24,72.4800033569336,73.0,72.3499984741211,72.73999786376953,71.28545379638672,569400,927,3,0.3587120513165232,65.34530881118637
2019-01-25,73.58000183105469,75.37000274658203,73.36000061035156,75.0999984741211,73.59825897216797,794600,928,4,2.065774130525888,62.294347329034096
2019-01-28,74.0,74.73999786376953,73.52999877929688,74.37000274658203,72.88285827636719,720500,929,0,0.5000037115973299,59.71129116986049
2019-01-29,74.19000244140625,77.30000305175781,74.19000244140625,76.72000122070312,75.18586730957031,655000,930,1,3.410161337162676,55.33463696555858
2019-01-30,75.95999908447266,77.44000244140625,74.0999984741211,77.02999877929688,75.48967742919922,540100,931,2,1.4086357394953453,54.15629286550844
2019-01-31,75.93000030517578,76.01000213623047,73.55000305175781,73.9000015258789,72.42225646972656,1095100,932,3,-2.6735134612642653,45.9719863552733
2019-02-01,73.77999877929688,75.94999694824219,73.44999694824219,75.33999633789062,73.83345794677734,703600,933,4,2.114390870702332,50.571784674574396
2019-02-04,75.4800033569336,75.83999633789062,74.36000061035156,75.43000030517578,73.92166137695312,426600,934,0,-0.06624675348960718,52.87911551339285
2019-02-05,75.30999755859375,77.95999908447266,75.30999755859375,77.8499984741211,76.29327392578125,700700,935,1,3.37272739061123,61.12521990188285
2019-02-06,76.80999755859375,77.44000244140625,75.66999816894531,75.7699966430664,74.2548599243164,528300,936,2,-1.35399160081211,52.24575841060253
2019-02-07,75.08999633789062,75.77999877929688,73.08999633789062,73.95999908447266,72.48106384277344,805700,937,3,-1.5048572493374435,46.850865553929715
2019-02-08,73.41999816894531,74.33999633789062,72.33999633789062,73.54000091552734,72.06946563720703,706800,938,4,0.1634469484811163,40.55481292180487
2019-02-11,73.52999877929688,75.05999755859375,73.45999908447266,74.81999969482422,73.32386779785156,1183200,939,0,1.75438723914485,49.7392112161244
2019-02-12,75.69999694824219,77.81999969482422,75.58000183105469,77.31999969482422,75.77387237548828,794400,940,1,2.140030134597848,61.389423616026214
2019-02-13,77.87999725341797,78.22000122070312,77.19000244140625,77.55000305175781,75.99928283691406,690800,941,2,-0.42372138327941844,61.37117804060428
2019-02-14,77.11000061035156,78.38999938964844,77.0199966430664,77.80000305175781,76.24427795410156,481000,942,3,0.8948287329070714,57.09035349688193
2019-02-15,78.86000061035156,81.04000091552734,78.62000274658203,80.87999725341797,79.26268768310547,1673200,943,4,2.5614971182250423,65.21738975356217
2019-02-19,72.36000061035156,79.88999938964844,72.30000305175781,77.02999877929688,75.48967742919922,2781000,944,1,6.453839316686305,50.67714673112381
2019-02-20,76.5,79.91000366210938,74.01000213623047,79.88999938964844,78.29248046875,2688200,945,2,4.431371751174429,55.62107321403401
2019-02-21,79.30999755859375,79.80999755859375,74.5199966430664,74.7699966430664,73.27486419677734,1434300,946,3,-5.724374045243441,51.58584642633835
2019-02-22,75.12999725341797,76.29000091552734,75.01000213623047,75.56999969482422,74.05886840820312,748200,947,4,0.5856548083212232,50.42927090159277
2019-02-25,75.77999877929688,76.31999969482422,73.44999694824219,73.83000183105469,72.3536605834961,1758800,948,0,-2.5732343357795506,47.18706264769548
2019-02-26,72.5,73.48999786376953,72.19000244140625,72.20999908447266,71.0064926147461,775600,949,1,-0.4000012627963345,39.7973959584082
2019-02-27,72.08000183105469,72.55000305175781,71.51000213623047,72.45999908447266,71.25232696533203,871000,950,2,0.5271881850233973,43.58776080648709
2019-02-28,72.27999877929688,72.6500015258789,69.66000366210938,69.87000274658203,68.70549774169922,1165100,951,3,-3.3342502399227203,42.309144601004704
2019-03-01,70.63999938964844,71.86000061035156,68.30000305175781,69.6500015258789,68.4891586303711,1190700,952,4,-1.4014692416809416,42.6297849950419
2019-03-04,70.16999816894531,71.18000030517578,68.87999725341797,70.63999938964844,69.46266174316406,1486900,953,0,0.6698036667629914,41.99233611197263
2019-03-05,70.56999969482422,70.94999694824219,69.41000366210938,69.44000244140625,68.28266143798828,834700,954,1,-1.6012431037332742,34.112905830796606
2019-03-06,69.88999938964844,72.0199966430664,69.54000091552734,70.66000366210938,69.48233032226562,949300,955,2,1.1017374147737957,36.64210705058003
2019-03-07,70.69999694824219,71.18000030517578,68.1500015258789,68.91000366210938,67.76148986816406,1033900,956,3,-2.531815224041978,33.71197952224155
2019-03-08,68.02999877929688,68.19000244140625,66.63999938964844,67.52999877929688,66.40449523925781,595100,957,4,-0.734969879423486,23.915599053466266
2019-03-11,67.95999908447266,69.27999877929688,67.5,68.7699966430664,67.62382507324219,538500,958,0,1.1918739986840565,32.027848281975466
2019-03-12,69.05000305175781,69.47000122070312,68.47000122070312,68.55000305175781,67.4074935913086,664200,959,1,-0.7241129296188697,22.123897788600473
2019-03-13,69.23999786376953,69.7699966430664,68.22000122070312,69.4000015258789,68.24333190917969,619300,960,2,0.23108559654230199,33.29185510694926
2019-03-14,69.02999877929688,69.31999969482422,68.16000366210938,68.70999908447266,67.56482696533203,487100,961,3,-0.4635661313674988,28.50875851136857
2019-03-15,68.81999969482422,69.75,68.44999694824219,69.22000122070312,68.06632232666016,699900,962,4,0.5812286074581063,34.35165666160803
2019-03-18,69.36000061035156,70.12999725341797,68.43000030517578,70.11000061035156,68.94149780273438,544600,963,0,1.0813148693774144,42.500001362392624
2019-03-19,70.73999786376953,71.45999908447266,69.05000305175781,69.30999755859375,68.15483093261719,538600,964,1,-2.021487628441354,39.17524908276821
2019-03-20,68.86000061035156,70.0199966430664,68.33999633789062,69.05999755859375,67.90898895263672,730800,965,2,0.2904399454973561,46.6830251895008
2019-03-21,68.1500015258789,70.36000061035156,68.1500015258789,69.69999694824219,68.538330078125,720100,966,3,2.274387949609502,50.197923330306935
2019-03-22,68.86000061035156,69.0,65.68000030517578,66.08000183105469,64.97866821289062,827000,967,4,-4.03717507211141,35.05898034055309
2019-03-25,66.16999816894531,66.9000015258789,64.4800033569336,64.87000274658203,63.7888298034668,1322200,968,0,-1.964629678610741,35.03601604621406
2019-03-26,65.19000244140625,66.83000183105469,64.69000244140625,66.79000091552734,65.67682647705078,1149900,969,1,2.4543617337017265,37.88351816030716
2019-03-27,67.30000305175781,68.25,66.56999969482422,66.81999969482422,65.7063217163086,660100,970,2,-0.7132293241717158,42.666648820120194
2019-03-28,66.83999633789062,68.11000061035156,66.73999786376953,67.62000274658203,66.49300384521484,882000,971,3,1.1669755407350824,50.32920274167254
2019-03-29,67.72000122070312,68.7300033569336,67.54000091552734,67.86000061035156,66.72899627685547,612400,972,4,0.2067327039646294,46.40885275377992
2019-04-01,68.86000061035156,70.30000305175781,68.62000274658203,69.79000091552734,68.6268310546875,702600,973,0,1.3505667977528057,54.31153720656935
2019-04-02,69.75,71.19000244140625,69.0199966430664,70.58999633789062,69.41349029541016,1168100,974,1,1.2042958249327995,54.15211198017741
2019-04-03,71.4000015258789,72.93000030517578,70.91000366210938,71.54000091552734,70.34765625,1841600,975,2,0.19607757234807455,59.69843228714559
2019-04-04,71.69000244140625,74.6500015258789,71.12000274658203,74.5199966430664,73.27799224853516,1107300,976,3,3.947543737319825,65.53340724220479
2019-04-05,74.94000244140625,76.18000030517578,73.95999908447266,76.13999938964844,74.87100219726562,1923600,977,4,1.6012769003849847,66.94772640526296
2019-04-08,76.08999633789062,76.19999694824219,74.58999633789062,75.79000091552734,74.52682495117188,2403800,978,0,-0.3942639463814679,68.68514295444317
2019-04-09,75.37999725341797,75.4000015258789,74.20999908447266,74.63999938964844,73.39598846435547,857600,979,1,-0.9816899585201044,65.29606584037157
2019-04-10,74.44000244140625,75.38999938964844,73.3499984741211,74.93000030517578,73.68115997314453,1002000,980,2,0.6582453623039886,64.61712064214882
2019-04-11,74.73999786376953,75.30999755859375,74.05000305175781,74.66000366210938,73.41565704345703,907900,981,3,-0.10702997584501883,79.50483422587845
2019-04-12,75.94000244140625,76.61000061035156,75.05999755859375,76.4000015258789,75.12666320800781,763100,982,4,0.6057401497024939,88.25482697415117
2019-04-15,77.88999938964844,77.94999694824219,76.55999755859375,77.55999755859375,76.26731872558594,846400,983,0,-0.4236767667744279,87.63104200755049
2019-04-16,77.61000061035156,78.08000183105469,76.5,76.91000366210938,75.62816619873047,624100,984,1,-0.9019416862996676,83.79107191311986
2019-04-17,76.79000091552734,77.33000183105469,75.56999969482422,75.76000213623047,74.49732971191406,908700,985,2,-1.3413188787820496,76.63615238433815
2019-04-18,76.05999755859375,76.38999938964844,74.94999694824219,75.20999908447266,73.95649719238281,561900,986,3,-1.1175368148891751,73.57281525840861
2019-04-22,75.36000061035156,75.76000213623047,74.56999969482422,74.79000091552734,73.54348754882812,360200,987,0,-0.7563690156684011,67.75569875133569
2019-04-23,74.98999786376953,76.13999938964844,74.16000366210938,75.55999755859375,74.3006591796875,623800,988,1,0.7601009615438414,67.68685245118269
2019-04-24,75.30999755859375,75.88999938964844,73.4800033569336,73.72000122070312,72.4913330078125,734300,989,2,-2.1112686089965083,57.295861073335736
2019-04-25,73.38999938964844,73.38999938964844,71.72000122070312,71.77999877929688,70.58366394042969,504000,990,3,-2.193760217660734,40.14388283873036
2019-04-26,71.70999908447266,72.45999908447266,71.08000183105469,72.31999969482422,71.11466217041016,430000,991,4,0.8506493071252175,35.10138715891597
2019-04-29,72.25,72.83999633789062,71.3499984741211,71.5,70.30831909179688,566800,992,0,-1.038062283737029,33.86002428320069
2019-04-30,71.69999694824219,72.0999984741211,69.3499984741211,69.75,68.58749389648438,791200,993,1,-2.7196611314360686,32.39739029368533
2019-05-01,69.62999725341797,69.76000213623047,67.75,67.80999755859375,66.67981719970703,1164700,994,2,-2.613815548778986,27.09134710978728
2019-05-02,65.94000244140625,67.0,61.11000061035156,61.65999984741211,60.63232421875,3100400,995,3,-6.490752859460869,19.654500766768862
2019-05-03,61.7599983215332,63.97999954223633,61.59000015258789,63.5,62.44165802001953,2101400,996,4,2.8173603072461972,20.027862194345445
2019-05-06,61.58000183105469,62.93000030517578,61.34000015258789,61.9900016784668,60.95682907104492,919000,997,0,0.6658003170200377,14.403287443570974
2019-05-07,61.279998779296875,61.599998474121094,59.90999984741211,60.61000061035156,59.59982681274414,1038200,998,1,-1.0933390703194101,13.938043910881916
2019-05-08,60.470001220703125,60.650001525878906,59.15999984741211,60.16999816894531,59.16715621948242,1302600,999,2,-0.49611881214102205,14.39012242581991
2019-05-09,59.130001068115234,61.66999816894531,57.709999084472656,60.5,59.491661071777344,1729900,1000,3,2.316926952709819,16.059067080233632
2019-05-10,60.439998626708984,61.5099983215332,59.459999084472656,61.0,59.98332595825195,916400,1001,4,0.9265410092903936,18.29884847005208
2019-05-13,59.93000030517578,60.02000045776367,57.38999938964844,58.34000015258789,57.3676643371582,1228100,1002,0,-2.65309551892422,13.578690626318675
2019-05-14,58.849998474121094,60.310001373291016,58.709999084472656,59.81999969482422,58.822994232177734,816100,1003,1,1.6482604007707513,20.146053051150673
2019-05-15,60.439998626708984,61.61000061035156,60.0,61.220001220703125,60.19966506958008,1177000,1004,2,1.290540390001671,26.78101361547995
2019-05-16,62.099998474121094,63.68000030517578,61.81999969482422,63.119998931884766,62.0679931640625,1360700,1005,3,1.6425128547929546,30.912863300415623
2019-05-17,62.56999969482422,63.470001220703125,62.02000045776367,62.25,61.212493896484375,795200,1006,4,-0.5114267162937058,30.8488624936777
2019-05-20,61.61000061035156,63.34000015258789,61.61000061035156,62.97999954223633,61.930328369140625,1049200,1007,0,2.2236632337487405,35.365326102176155
2019-05-21,63.619998931884766,64.91999816894531,63.619998931884766,64.73999786376953,63.66099166870117,725500,1008,1,1.760451038491695,43.31154661643787
2019-05-22,64.18000030517578,64.62000274658203,62.779998779296875,62.86000061035156,61.81232833862305,949000,1009,2,-2.05671500241138,53.211994080274884
2019-05-23,61.2400016784668,61.439998626708984,60.0,60.9900016784668,59.97349548339844,874300,1010,3,-0.40822990389940417,43.29235981799547
2019-05-24,61.61000061035156,61.95000076293945,59.77000045776367,60.52000045776367,59.511329650878906,740900,1011,4,-1.769193542914449,45.84040358508179
2019-05-28,60.529998779296875,60.900001525878906,59.88999938964844,60.150001525878906,59.39283752441406,583300,1012,1,-0.6277833488870677,48.61945019803916
2019-05-29,59.27000045776367,60.22999954223633,58.439998626708984,59.91999816894531,59.16572952270508,523600,1013,2,1.0966723572827242,49.240121439576576
2019-05-30,59.599998474121094,59.970001220703125,58.810001373291016,58.93000030517578,58.188194274902344,598000,1014,3,-1.1241580303667842,45.41203875252436
2019-05-31,57.83000183105469,58.560001373291016,57.20000076293945,57.290000915527344,56.56884002685547,878400,1015,4,-0.9337729524977578,39.835614697438984
2019-06-03,57.58000183105469,59.779998779296875,57.400001525878906,59.529998779296875,58.780635833740234,904100,1016,0,3.3865871591384655,53.33707029808356
2019-06-04,60.529998779296875,63.59000015258789,60.38999938964844,63.540000915527344,62.74016571044922,892100,1017,1,4.972744419185382,59.135566068668325
2019-06-05,63.90999984741211,63.90999984741211,61.5099983215332,63.45000076293945,62.65129852294922,1068500,1018,2,-0.7197607347377954,55.85301974972771
2019-06-06,63.369998931884766,63.5099983215332,62.09000015258789,63.189998626708984,62.394569396972656,1151700,1019,3,-0.28404656495143454,50.20103305794178
2019-06-07,63.61000061035156,64.25,62.38999938964844,63.470001220703125,62.67104721069336,854200,1020,4,-0.22009021899875858,53.62663865290836
2019-06-10,64.13999938964844,64.7300033569336,62.84000015258789,63.06999969482422,62.27607727050781,664400,1021,0,-1.6682252962367583,50.27289309711052
2019-06-11,64.01000213623047,64.86000061035156,62.470001220703125,62.540000915527344,61.75275421142578,950800,1022,1,-2.2965179997566088,42.79162306596626
2019-06-12,61.9900016784668,62.619998931884766,61.369998931884766,62.099998474121094,61.31828689575195,895500,1023,2,0.1774428015421492,47.25035552297208
2019-06-13,62.77000045776367,64.02999877929688,62.70000076293945,64.01000213623047,63.20425033569336,510700,1024,3,1.9754686465251137,60.894653070649724
2019-06-14,63.84000015258789,64.23999786376953,63.36000061035156,63.7599983215332,62.957393646240234,702800,1025,4,-0.1253161511019285,61.876812258924815
2019-06-17,63.630001068115234,63.7400016784668,62.22999954223633,63.27000045776367,62.47356414794922,824800,1026,0,-0.5657718125231304,61.33719423193946
2019-06-18,64.2300033569336,65.31999969482422,63.709999084472656,64.41000366210938,63.59921646118164,878700,1027,1,0.2802433376431601,65.30334486495931
2019-06-19,64.0199966430664,64.56999969482422,62.66999816894531,62.689998626708984,61.90086364746094,1131500,1028,2,-2.0774727992764808,62.207770428853145
2019-06-20,64.11000061035156,64.36000061035156,62.72999954223633,64.33000183105469,63.520225524902344,914200,1029,3,0.34316209422653454,72.85710959360162
2019-06-21,64.2699966430664,67.41000366210938,64.01000213623047,66.45999908447266,65.62340545654297,1316200,1030,4,3.4075035876674598,72.6618362212551
2019-06-24,66.41999816894531,66.95999908447266,65.87999725341797,66.02999877929688,65.19881439208984,682700,1031,0,-0.5871716356517176,60.631909442970546
2019-06-25,66.04000091552734,66.38999938964844,65.23999786376953,66.12000274658203,65.2876968383789,602400,1032,1,0.12114147478134996,61.400495746670785
2019-06-26,66.54000091552734,68.25,66.2699966430664,67.51000213623047,66.66018676757812,880300,1033,2,1.4577715770315969,66.8224133858794
2019-06-27,67.41999816894531,69.33000183105469,67.22000122070312,69.12999725341797,68.25979614257812,911100,1034,3,2.536338076111533,69.95765098840366
2019-06-28,69.68000030517578,70.30000305175781,68.6500015258789,69.45999908447266,68.58563995361328,1407100,1035,4,-0.3157307975596879,72.64348760806044
2019-07-01,65.0,70.55999755859375,64.4000015258789,69.98999786376953,69.10897064208984,1944000,1036,0,7.676919790414671,76.39967600793327
2019-07-02,69.41000366210938,69.41000366210938,66.76000213623047,66.94000244140625,66.09736633300781,1201200,1037,1,-3.5585666191968346,64.4736884133195
2019-07-03,66.98999786376953,68.18000030517578,66.27999877929688,68.13999938964844,67.28225708007812,398600,1038,2,1.7166764629811482,62.89817833338019
2019-07-05,67.6500015258789,70.0,67.33999633789062,69.7300033569336,68.85224151611328,614900,1039,4,3.0746515656160156,67.20462319260876
2019-07-08,69.5199966430664,69.81999969482422,67.88999938964844,68.36000061035156,67.4994888305664,1071800,1040,0,-1.6685789538664175,63.96049958913027
2019-07-09,68.02999877929688,68.51000213623047,67.36000061035156,68.31999969482422,67.45999145507812,870600,1041,1,0.42628387583567573,61.412711378261086
2019-07-10,68.51000213623047,69.08999633789062,67.55999755859375,68.23999786376953,67.38099670410156,774900,1042,2,-0.39410927461954737,67.91477932754455
2019-07-11,68.2300033569336,68.41999816894531,66.04000091552734,67.0999984741211,66.2553482055664,918200,1043,3,-1.6561700530792534,59.23948311480892
2019-07-12,67.44999694824219,69.16999816894531,67.3499984741211,68.8499984741211,67.98332214355469,709800,1044,4,2.0756139202692703,58.17932679604086
2019-07-15,68.93000030517578,69.12000274658203,68.13999938964844,68.75,67.88458251953125,518600,1045,0,-0.2611349258361484,59.523814612108296
2019-07-16,68.5,70.38999938964844,68.33999633789062,69.3499984741211,68.4770278930664,563200,1046,1,1.2408736848483093,60.91953074301774
2019-07-17,69.37000274658203,69.37000274658203,67.94999694824219,68.05000305175781,67.19338989257812,336200,1047,2,-1.9028393290488332,51.83673914250734
2019-07-18,67.56999969482422,68.7300033569336,67.56999969482422,68.1500015258789,67.2921371459961,384200,1048,3,0.8583718124526074,46.28225996915825
2019-07-19,68.08000183105469,68.66000366210938,67.66000366210938,68.44000244140625,67.57848358154297,401500,1049,4,0.5287905415233718,46.11873180106661
2019-07-22,67.2699966430664,68.47000122070312,67.1500015258789,67.47000122070312,66.62068939208984,413800,1050,0,0.29731617008685873,40.721657882746605
2019-07-23,68.08999633789062,69.37000274658203,68.0,68.94999694824219,68.0820541381836,430700,1051,1,1.2630351837351839,58.36800760271737
2019-07-24,68.80999755859375,69.94999694824219,68.80000305175781,69.33999633789062,68.46715545654297,793000,1052,2,0.7702351374821115,55.35713069292632
2019-07-25,69.0,69.20999908447266,67.6500015258789,68.37999725341797,67.51923370361328,481100,1053,3,-0.8985547051913456,43.61396822647121
2019-07-26,68.4000015258789,69.1500015258789,67.25,68.95999908447266,68.09193420410156,531100,1054,4,0.8187098627211009,53.067479637377204
2019-07-29,68.88999938964844,68.88999938964844,66.76000213623047,67.30000305175781,66.45283508300781,608300,1055,0,-2.308021994451548,45.52632512369338
2019-07-30,66.62999725341797,67.87999725341797,65.97000122070312,67.66999816894531,66.81817626953125,1176000,1056,1,1.5608599105472631,47.56201586055348
2019-07-31,67.73999786376953,69.4800033569336,66.80999755859375,67.56999969482422,66.71943664550781,620600,1057,2,-0.2509568560766562,52.20658292702845
2019-08-01,67.56999969482422,67.81999969482422,64.5199966430664,64.83000183105469,64.01392364501953,703400,1058,3,-4.055050874862465,32.73193832238189
2019-08-02,64.55000305175781,64.81999969482422,62.0,62.279998779296875,61.49602508544922,872300,1059,4,-3.516660209358613,27.040419059541847
2019-08-05,61.220001220703125,62.18000030517578,60.08000183105469,61.91999816894531,61.14055252075195,960900,1060,0,1.1434121762243121,23.176861698465032
2019-08-06,67.05999755859375,67.05999755859375,61.43000030517578,63.04999923706055,62.25632858276367,1208800,1061,1,-5.979717368807636,31.725117375932314
2019-08-07,61.86000061035156,62.88999938964844,60.900001525878906,62.2599983215332,61.47627639770508,713200,1062,2,0.6466176967911297,29.505891547321255
2019-08-08,63.060001373291016,64.66999816894531,62.720001220703125,63.2599983215332,62.463687896728516,802500,1063,3,0.3171534156148903,32.824909078352874
2019-08-09,63.150001525878906,63.150001525878906,61.0099983215332,61.56999969482422,60.79496383666992,482100,1064,4,-2.5019822531709757,31.32909467023606
2019-08-12,61.380001068115234,61.380001068115234,60.11000061035156,60.369998931884766,59.61006546020508,566700,1065,0,-1.6454905810601717,22.358241040311682
2019-08-13,60.209999084472656,64.05999755859375,59.619998931884766,62.779998779296875,61.98972702026367,547300,1066,1,4.2683935125436445,31.299885776523908
2019-08-14,60.060001373291016,61.5099983215332,60.060001373291016,60.97999954223633,60.2123908996582,481500,1067,2,1.5317984480673674,29.869422326364273
2019-08-15,61.59000015258789,61.59000015258789,59.84000015258789,60.599998474121094,59.8371696472168,471900,1068,3,-1.607406520561927,27.00768982847704
2019-08-16,60.04999923706055,61.439998626708984,60.04999923706055,61.25,60.47898864746094,565900,1069,4,1.998336016961777,32.382050969870775
2019-08-19,62.880001068115234,63.02000045776367,59.84000015258789,62.880001068115234,62.08847427368164,503600,1070,0,0.0,37.00489411267947
2019-08-20,62.56999969482422,62.88999938964844,61.439998626708984,61.880001068115234,61.10105895996094,682800,1071,1,-1.1027627138794127,35.28195301391584
2019-08-21,62.68000030517578,63.0099983215332,60.599998474121094,60.86000061035156,60.09389877319336,459200,1072,2,-2.90363702291484,38.72799726537673
2019-08-22,61.0,61.709999084472656,59.5099983215332,59.84000015258789,59.08673858642578,412500,1073,3,-1.9016390941182126,42.41294225741274
2019-08-23,58.880001068115234,59.150001525878906,56.880001068115234,57.02000045776367,56.30223846435547,884300,1074,4,-3.158968370601456,36.78533856252615
2019-08-26,57.689998626708984,57.75,56.15999984741211,56.41999816894531,55.96744155883789,619800,1075,0,-2.201422236081829,31.59356225039528
2019-08-27,57.02000045776367,57.15999984741211,55.869998931884766,56.099998474121094,55.65000915527344,467100,1076,1,-1.6134724241611442,32.440142000653765
2019-08-28,56.119998931884766,57.75,55.81999969482422,57.08000183105469,56.62215042114258,628600,1077,2,1.7106252983630998,32.36303185553801
2019-08-29,57.65999984741211,59.02000045776367,57.65999984741211,58.369998931884766,57.90180206298828,374100,1078,3,1.2313546416086618,40.65420696106226
2019-08-30,58.869998931884766,59.40999984741211,58.290000915527344,58.59000015258789,58.12003707885742,610800,1079,4,-0.47562219190940835,44.48575586988059
2019-09-03,57.4900016784668,57.88999938964844,56.0099983215332,57.09000015258789,56.6320686340332,614200,1080,1,-0.6957758117942969,31.31977692923276
2019-09-04,58.220001220703125,58.459999084472656,57.2599983215332,57.79999923706055,57.33637237548828,535800,1081,2,-0.721404972236972,38.75530860453911
2019-09-05,58.4900016784668,60.459999084472656,58.310001373291016,60.209999084472656,59.72704315185547,635200,1082,3,2.9406691000986473,48.79406539950506
2019-09-06,59.9900016784668,60.939998626708984,58.90999984741211,60.599998474121094,60.11391067504883,487100,1083,4,1.0168307694401246,47.957255260013156
2019-09-09,61.0,63.7400016784668,60.72999954223633,63.65999984741211,63.14936828613281,639500,1084,0,4.360655487560838,52.24913091360439
2019-09-10,64.12999725341797,65.70999908447266,63.65999984741211,65.33999633789062,64.8158950805664,722600,1085,1,1.8867911060266973,59.60043058235522
2019-09-11,65.55000305175781,67.70999908447266,64.0,67.30000305175781,66.76017761230469,541300,1086,2,2.669717648400738,66.98312278733553
2019-09-12,66.43000030517578,66.91000366210938,64.04000091552734,64.26000213623047,63.74455642700195,730500,1087,3,-3.266593645907667,60.533842880710026
2019-09-13,65.55999755859375,66.75,64.30999755859375,65.9000015258789,65.37140655517578,518800,1088,4,0.5186149785641581,72.42423734498703
2019-09-16,67.43000030517578,71.12999725341797,66.94000244140625,69.11000061035156,68.55564880371094,948200,1089,0,2.4914730795972284,78.31325383239984
2019-09-17,68.41000366210938,68.5199966430664,65.06999969482422,65.70999908447266,65.18292236328125,676600,1090,1,-3.9467978849593077,68.8505267543563
2019-09-18,65.12000274658203,65.23999786376953,63.31999969482422,64.68000030517578,64.16118621826172,360700,1091,2,-0.6756793962656049,64.87861824918843
2019-09-19,65.08000183105469,66.52999877929688,64.5999984741211,65.69999694824219,65.17300415039062,413700,1092,3,0.9526661028636418,64.50335948471547
2019-09-20,65.9000015258789,66.66000366210938,64.76000213623047,65.0999984741211,64.57781982421875,532000,1093,4,-1.2139651490655101,62.69005634003486
2019-09-23,63.95000076293945,65.37000274658203,63.95000076293945,65.12999725341797,64.60757446289062,269600,1094,0,1.845186045974767,66.62530659174419
2019-09-24,64.7300033569336,65.41999816894531,62.45000076293945,63.04999923706055,62.54426193237305,332300,1095,1,-2.5954024914986995,60.27397444346469
2019-09-25,62.5099983215332,64.83000183105469,62.5099983215332,64.5,63.982627868652344,280500,1096,2,3.1834934120951397,58.72306131440308
2019-09-26,64.23999786376953,65.33000183105469,63.7400016784668,64.9800033569336,64.45878601074219,434800,1097,3,1.151938850828338,58.87359163017098
2019-09-27,64.7300033569336,66.58000183105469,64.7300033569336,65.44000244140625,64.91509246826172,376500,1098,4,1.0968624249215297,54.03080333765309
2019-09-30,65.4800033569336,66.16999816894531,64.77999877929688,65.5199966430664,64.99444580078125,417000,1099,0,0.061077098476625125,50.439453961735296
2019-10-01,66.01000213623047,66.95999908447266,62.93000030517578,63.060001373291016,62.55418395996094,631600,1100,1,-4.469020856644246,39.89512665695354
2019-10-02,59.380001068115234,61.45000076293945,58.709999084472656,60.4900016784668,60.004798889160156,880400,1101,2,1.869317262352821,40.8093525815441
2019-10-03,59.83000183105469,60.81999969482422,59.310001373291016,60.77000045776367,60.28255081176758,316600,1102,3,1.5711158247384116,36.60572906301985
2019-10-04,60.86000061035156,61.29999923706055,59.43000030517578,60.29999923706055,59.81631851196289,361400,1103,4,-0.9201468413981062,23.156582427874596
2019-10-07,60.150001525878906,60.56999969482422,59.54999923706055,59.650001525878906,59.17153549194336,1101600,1104,0,-0.8312551742577723,27.81842573980377
2019-10-08,58.97999954223633,59.7599983215332,58.560001373291016,58.61000061035156,58.13987731933594,509800,1105,1,-0.6273294926355533,27.79807138487915
2019-10-09,58.41999816894531,59.0,57.75,58.849998474121094,58.377952575683594,501700,1106,2,0.7360498436378871,23.428987946843947
2019-10-10,59.529998779296875,60.720001220703125,58.68000030517578,60.08000183105469,59.598087310791016,362500,1107,3,0.9239090593583077,31.43490857133827
2019-10-11,61.58000183105469,64.27999877929688,61.02000045776367,63.720001220703125,63.20888900756836,668700,1108,4,3.475153176382717,45.88442239702983
2019-10-14,62.9900016784668,63.029998779296875,61.029998779296875,62.34000015258789,61.8399543762207,359000,1109,0,-1.031912221874265,47.83932014309649
2019-10-15,61.869998931884766,62.560001373291016,60.84000015258789,62.5099983215332,62.00859069824219,742400,1110,1,1.03442605575772,43.43233339519106
2019-10-16,62.689998626708984,64.44000244140625,62.119998931884766,62.209999084472656,61.71099853515625,597300,1111,2,-0.7656716426084342,40.74814004666319
2019-10-17,62.369998931884766,62.40999984741211,60.650001525878906,61.209999084472656,60.71902084350586,568600,1112,3,-1.859868313736801,36.36361400445171
2019-10-18,61.380001068115234,62.709999084472656,61.220001220703125,61.790000915527344,61.294368743896484,335200,1113,4,0.6679697625894709,38.351039952117304
2019-10-21,62.650001525878906,63.25,61.189998626708984,61.36000061035156,60.867820739746094,428200,1114,0,-2.059059671362473,43.919882623016484
2019-10-22,61.369998931884766,62.65999984741211,60.20000076293945,62.61000061035156,62.107791900634766,529200,1115,1,2.0205339743334383,58.37282368655843
2019-10-23,62.84000015258789,62.86000061035156,61.810001373291016,62.04999923706055,61.55228042602539,577400,1116,2,-1.2571624977865459,54.94589852317591
2019-10-24,62.79999923706055,63.08000183105469,61.18000030517578,61.83000183105469,61.334049224853516,294500,1117,3,-1.5445818754619145,56.028379667330704
2019-10-25,61.29999923706055,64.44999694824219,61.29999923706055,64.30999755859375,63.79415512084961,548200,1118,4,4.910274647627455,66.04682200439794
2019-10-28,64.77999877929688,66.66999816894531,64.68000030517578,65.30999755859375,64.78612518310547,461800,1119,0,0.8181518821921641,73.13535540448976
2019-10-29,64.94999694824219,65.5199966430664,64.44000244140625,64.9000015258789,64.37942504882812,466600,1120,1,-0.07697524974962233,70.64848318199525
2019-10-30,64.48999786376953,65.37999725341797,63.5,65.04000091552734,64.51830291748047,465800,1121,2,0.8528501627797391,68.28909575291095
2019-10-31,64.62000274658203,64.80000305175781,62.2599983215332,63.189998626708984,62.683135986328125,628000,1122,3,-2.212943452635008,47.74850077768663
2019-11-01,63.56999969482422,65.79000091552734,63.470001220703125,65.75,65.22260284423828,342100,1123,4,3.429291042380278,63.166029557880776
2019-11-04,67.0,68.5199966430664,66.72000122070312,68.3499984741211,67.80175018310547,758300,1124,0,2.014923095703125,68.98570430428498
2019-11-05,70.37000274658203,75.30999755859375,70.0,74.68000030517578,74.08097076416016,1475900,1125,1,6.124765369293805,79.12191389864984
2019-11-06,74.91000366210938,74.94999694824219,72.5,73.4800033569336,72.8906021118164,707100,1126,2,-1.9089577296324434,78.38965353499513
2019-11-07,73.83999633789062,74.9000015258789,73.3499984741211,74.81999969482422,74.21985626220703,752000,1127,3,1.3271985448768397,79.12384011481274
2019-11-08,74.87999725341797,75.6500015258789,73.41999816894531,74.69999694824219,74.1008071899414,526600,1128,4,-0.24038503175500825,80.23572626439288
2019-11-11,73.7699966430664,74.4000015258789,73.13999938964844,73.75,73.15843963623047,536800,1129,0,-0.027106742546245677,75.5974405048867
2019-11-12,73.94999694824219,74.26000213623047,72.0,72.44999694824219,71.86885833740234,746500,1130,1,-2.0283976496305423,73.11111777977047
2019-11-13,71.33999633789062,71.86000061035156,70.63999938964844,71.12000274658203,70.5495376586914,807100,1131,2,-0.30837342669128853,69.67388115069825
2019-11-14,71.23999786376953,73.04000091552734,71.19000244140625,72.54000091552734,71.95813751220703,631300,1132,3,1.8248218567380903,68.2483543505504
2019-11-15,73.2699966430664,73.4000015258789,71.1500015258789,71.26000213623047,70.68840789794922,407600,1133,4,-2.7432709143247136,63.03111712046497
2019-11-18,71.23999786376953,71.91999816894531,70.44000244140625,70.87000274658203,70.3015365600586,497500,1134,0,-0.5193643013508109,63.08637408265772
2019-11-19,71.16999816894531,71.44999694824219,69.44000244140625,69.6500015258789,69.09132385253906,352200,1135,1,-2.1357266856438573,59.64839305223471
2019-11-20,69.0,69.58000183105469,67.47000122070312,68.1500015258789,67.60335540771484,578400,1136,2,-1.2318818465523074,60.5352700033885
2019-11-21,68.30999755859375,68.4000015258789,67.38999938964844,68.16999816894531,67.6231918334961,601900,1137,3,-0.2049471448573148,55.76190458890249
2019-11-22,68.66000366210938,69.86000061035156,68.18000030517578,68.7699966430664,68.21837615966797,514100,1138,4,0.16019949765562203,51.105259226956996
2019-11-25,68.77999877929688,70.9000015258789,68.68000030517578,70.55999755859375,70.26221466064453,694500,1139,0,2.587959887886271,35.75377816376202
2019-11-26,70.41000366210938,71.0999984741211,69.62999725341797,69.62999725341797,69.33614349365234,454300,1140,1,-1.107806232243047,36.43407476705862
2019-11-27,69.94999694824219,70.12000274658203,69.1500015258789,69.86000061035156,69.56517791748047,405600,1141,2,-0.12865810123939836,31.0397504463606
2019-11-29,69.37999725341797,69.55999755859375,68.43000030517578,68.68000030517578,68.39015197753906,173400,1142,4,-1.0089319342077463,28.712870752909453
2019-12-02,69.1500015258789,69.70999908447266,68.25,68.29000091552734,68.00180053710938,541900,1143,0,-1.243674029464359,29.896902003812457
2019-12-03,67.41000366210938,67.7699966430664,65.58000183105469,66.36000061035156,66.07994842529297,678600,1144,1,-1.5576368412927533,28.57142857142857
2019-12-04,67.41000366210938,68.30000305175781,67.02999877929688,67.11000061035156,66.8267822265625,410300,1145,2,-0.44504233119696535,35.28979110679978
2019-12-05,67.30999755859375,68.05000305175781,66.63999938964844,67.61000061035156,67.32466888427734,313900,1146,3,0.4457035546564292,30.605819589717427
2019-12-06,68.27999877929688,69.66000366210938,68.25,69.0199966430664,68.72871398925781,485600,1147,4,1.0837695913871404,41.277234688323695
2019-12-09,69.19000244140625,69.5999984741211,68.68000030517578,68.87000274658203,68.57935333251953,322400,1148,0,-0.46249412275308766,42.06348629674976
2019-12-10,68.70999908447266,69.44000244140625,68.25,68.54000091552734,68.25074768066406,258300,1149,1,-0.2474140171888406,45.26045507970801
2019-12-11,68.62999725341797,71.0999984741211,68.62999725341797,69.26000213623047,68.96770477294922,950300,1150,2,0.9179730555520571,55.07777380679819
2019-12-12,69.05000305175781,71.83000183105469,68.6500015258789,71.56999969482422,71.26795959472656,613200,1151,3,3.64952430368104,62.859316089662165
2019-12-13,71.88999938964844,72.66999816894531,69.7300033569336,70.5,70.20246887207031,471100,1152,4,-1.933508695854269,56.31849529780565
2019-12-16,71.0,71.52999877929688,69.95999908447266,70.06999969482422,69.77428436279297,460300,1153,0,-1.3098595847546246,48.0129842084453
2019-12-17,69.73999786376953,70.45999908447266,69.08999633789062,69.58999633789062,69.29631042480469,335100,1154,1,-0.21508679448474233,49.83164593949786
2019-12-18,69.27999877929688,70.33000183105469,68.48999786376953,70.12000274658203,69.82408142089844,413500,1155,2,1.2124768794542495,51.06733222379306
2019-12-19,69.91000366210938,70.26000213623047,69.04000091552734,69.37999725341797,69.08719635009766,387400,1156,3,-0.758126707091944,52.981246255164784
2019-12-20,69.68000030517578,69.93000030517578,68.91000366210938,69.16000366210938,68.86813354492188,416800,1157,4,-0.7462638358050944,53.75973539122574
2019-12-23,69.1500015258789,69.9800033569336,68.91000366210938,69.87999725341797,69.5850830078125,262800,1158,0,1.0556698646866591,66.98841229688381
2019-12-24,70.18000030517578,70.18000030517578,69.47000122070312,70.0999984741211,69.80416107177734,82700,1159,1,-0.11399519906925004,65.20854337464695
2019-12-26,70.12999725341797,70.79000091552734,70.02999877929688,70.7300033569336,70.43150329589844,182100,1160,3,0.8555627078487893,65.6626658301908
2019-12-27,70.83999633789062,70.87000274658203,69.75,69.80999755859375,69.515380859375,276600,1161,4,-1.4539791537876656,54.171067461669786
2019-12-30,69.87999725341797,70.0,68.91999816894531,69.01000213623047,68.71876525878906,164600,1162,0,-1.2449844753606443,50.691695879980394
2019-12-31,68.76000213623047,70.18000030517578,68.76000213623047,70.1500015258789,69.85395050048828,237900,1163,1,2.0215231914834764,57.365047765698876
2020-01-02,70.61000061035156,70.7699966430664,68.62000274658203,69.06999969482422,68.77850341796875,276200,1164,3,-2.1809954712018187,49.158537211684795
2020-01-03,68.55000305175781,68.87999725341797,67.3499984741211,67.55000305175781,67.26492309570312,393900,1165,4,-1.4587891400164699,30.85717275189154
2020-01-06,67.37999725341797,69.5199966430664,66.87999725341797,68.73999786376953,68.44989776611328,549300,1166,0,2.0184040750796717,41.71373973139079
2020-01-07,68.04000091552734,68.86000061035156,67.58999633789062,68.22000122070312,67.93209838867188,411000,1167,1,0.26455070951461046,41.36321833676336
2020-01-08,67.98999786376953,68.1500015258789,66.55000305175781,67.93000030517578,67.64331817626953,498900,1168,2,-0.08824468374593053,42.11028249800381
2020-01-09,68.12000274658203,68.3499984741211,67.08999633789062,67.75,67.46408081054688,365200,1169,3,-0.5431631410211524,38.34805825351969
2020-01-10,68.0,68.87000274658203,67.5199966430664,67.69000244140625,67.40433502197266,399000,1170,4,-0.4558787626378624,41.09590142386148
2020-01-13,67.68000030517578,69.30000305175781,67.41000366210938,68.91999816894531,68.62913513183594,345500,1171,0,1.8321481356061708,48.85711503835774
2020-01-14,69.19999694824219,70.44000244140625,68.70999908447266,70.22000122070312,69.92365264892578,540400,1172,1,1.4739946783868252,51.53431473472347
2020-01-15,69.68000030517578,71.06999969482422,68.66000366210938,70.33000183105469,70.03319549560547,611700,1173,2,0.932838006647696,51.04832949545123
2020-01-16,70.83000183105469,71.43000030517578,70.66000366210938,71.26000213623047,70.95926666259766,268400,1174,3,0.6070878075104869,52.35137220920944
2020-01-17,71.52999877929688,71.8499984741211,70.83999633789062,71.19000244140625,70.88956451416016,339600,1175,4,-0.4753199268738628,56.6219152886874
2020-01-21,71.87000274658203,71.87000274658203,69.27999877929688,69.87000274658203,69.57513427734375,469300,1176,1,-2.7828021755503807,53.93053755912091
2020-01-22,70.16000366210938,70.16000366210938,67.37000274658203,67.75,67.46408081054688,598800,1177,2,-3.435010741612776,39.932871515645715
2020-01-23,66.93000030517578,67.93000030517578,65.44000244140625,67.54000091552734,67.25496673583984,416600,1178,3,0.9114008778876359,43.0769209524809
2020-01-24,67.58999633789062,67.7300033569336,65.77999877929688,65.97000122070312,65.69158935546875,662600,1179,4,-2.396797166682696,42.88286876468316
2020-01-27,64.41000366210938,64.79000091552734,63.439998626708984,63.880001068115234,63.61041259765625,405500,1180,0,-0.8228575746936806,29.750006914140997
2020-01-28,64.37999725341797,64.72000122070312,63.61000061035156,64.19999694824219,63.92905807495117,346200,1181,1,-0.2795904207128941,32.96607698320692
2020-01-29,64.4800033569336,65.8499984741211,64.08000183105469,64.6500015258789,64.37715911865234,664400,1182,2,0.2636447892291116,36.287629471664395
2020-01-30,63.619998931884766,64.26000213623047,63.2599983215332,63.90999984741211,63.64028549194336,450600,1183,3,0.4558329462373001,34.664536692541816
2020-01-31,63.22999954223633,63.22999954223633,60.79999923706055,61.20000076293945,60.94172286987305,486400,1184,4,-3.2104994369656414,28.609094166682382
2020-02-03,61.45000076293945,61.63999938964844,60.41999816894531,60.79999923706055,60.54340744018555,531700,1185,0,-1.0577730151484777,21.68760625748341
2020-02-04,62.29999923706055,63.66999816894531,61.470001220703125,62.36000061035156,62.096824645996094,573200,1186,1,0.09631039169470945,23.082200943536236
2020-02-05,63.38999938964844,64.93000030517578,62.52000045776367,64.55000305175781,64.277587890625,957100,1187,2,1.8299474259007464,32.67387281238193
2020-02-06,64.80000305175781,65.06999969482422,63.29999923706055,64.31999969482422,64.04855346679688,882100,1188,3,-0.7407458863083694,28.285363985845052
2020-02-07,63.279998779296875,63.7599983215332,62.619998931884766,63.369998931884766,63.102561950683594,326200,1189,4,0.1422252754804676,26.80902159420293
2020-02-10,63.16999816894531,64.51000213623047,62.91999816894531,64.0,63.72990417480469,489500,1190,0,1.3139177696900983,31.849109857528134
2020-02-11,65.0199966430664,66.73999786376953,64.68000030517578,65.7300033569336,65.45260620117188,604200,1191,1,1.0919820832425486,43.599509359779304
2020-02-12,66.88999938964844,68.1500015258789,65.79000091552734,66.91999816894531,66.63758087158203,673000,1192,2,0.04484792879444477,48.15035087910967
2020-02-13,66.69000244140625,67.54000091552734,66.19999694824219,66.81999969482422,66.53800201416016,488500,1193,3,0.1949276483115714,52.779587963027645
2020-02-14,67.04000091552734,67.30999755859375,64.31999969482422,64.83999633789062,64.56635284423828,973400,1194,4,-3.281629695096211,53.16203730811245
2020-02-18,60.650001525878906,62.95000076293945,59.0099983215332,60.25,59.995731353759766,1919000,1195,1,-0.6595243459445399,39.84577257279497
2020-02-19,60.20000076293945,63.2400016784668,58.650001525878906,63.04999923706055,62.783912658691406,964400,1196,2,4.734216674421732,46.330271135647266
2020-02-20,62.939998626708984,64.44000244140625,62.4900016784668,63.400001525878906,63.13243865966797,864500,1197,3,0.7308594045229544,48.80897210781995
2020-02-21,62.72999954223633,63.9900016784668,62.150001525878906,62.20000076293945,61.9375,797400,1198,4,-0.8448888620508077,52.5125616581312
2020-02-24,59.36000061035156,60.02000045776367,58.40999984741211,59.75,59.75,718600,1199,0,0.6570070512776027,47.608203107960406
2020-02-25,60.5,60.5,56.47999954223633,57.27000045776367,57.27000045776367,793700,1200,1,-5.338842218572449,38.871887423929174
2020-02-26,57.619998931884766,58.11000061035156,55.5099983215332,56.290000915527344,56.290000915527344,1023400,1201,2,-2.308222910468416,30.9325929369994
2020-02-27,54.81999969482422,54.9900016784668,52.369998931884766,52.38999938964844,52.38999938964844,1395500,1202,3,-4.432689381071276,26.45084989581494
2020-02-28,51.16999816894531,56.130001068115234,51.13999938964844,55.869998931884766,55.869998931884766,1389200,1203,4,9.185071196253913,36.53984236236282
2020-03-02,56.5,57.36000061035156,54.540000915527344,57.29999923706055,57.29999923706055,851900,1204,0,1.4159278532045017,38.311233777720275
2020-03-03,57.45000076293945,58.93000030517578,55.04999923706055,56.13999938964844,56.13999938964844,755400,1205,1,-2.2802460502943767,32.9298589933435
2020-03-04,57.220001220703125,57.279998779296875,55.290000915527344,57.18000030517578,57.18000030517578,676300,1206,2,-0.0699072259244704,32.56979775825799
2020-03-05,55.369998931884766,55.630001068115234,53.91999816894531,54.29999923706055,54.29999923706055,839900,1207,3,-1.9324538838090155,29.62239842842446
2020-03-06,52.400001525878906,53.7599983215332,50.720001220703125,51.130001068115234,51.130001068115234,980900,1208,4,-2.4236649251555,28.517713357358005
2020-03-09,45.70000076293945,47.02000045776367,38.810001373291016,38.959999084472656,38.959999084472656,1559000,1209,0,-14.748362288721495,23.04381114961764
2020-03-10,41.290000915527344,42.0,38.5,41.7599983215332,41.7599983215332,1476200,1210,1,1.1382838352738123,23.04381114961764
2020-03-11,40.029998779296875,40.119998931884766,37.5099983215332,38.43000030517578,38.43000030517578,1515900,1211,2,-3.9969985583626744,20.60277783965445
2020-03-12,35.290000915527344,35.619998931884766,31.59000015258789,31.940000534057617,31.940000534057617,928100,1212,3,-9.492774991671226,18.320770431463743
2020-03-13,35.0,35.220001220703125,31.309999465942383,33.88999938964844,33.88999938964844,1875200,1213,4,-3.17143031529018,22.640709343223875
2020-03-16,29.489999771118164,32.849998474121094,28.989999771118164,29.8700008392334,29.8700008392334,1687900,1214,0,1.2885760293813275,21.926228362877637
2020-03-17,30.860000610351562,35.060001373291016,29.559999465942383,32.58000183105469,32.58000183105469,1795400,1215,1,5.57356184927027,26.538690226342226
2020-03-18,30.030000686645508,33.29999923706055,29.850000381469727,32.95000076293945,32.95000076293945,1645800,1216,2,9.723609755335394,29.319148718582213
2020-03-19,32.709999084472656,39.77000045776367,31.790000915527344,37.130001068115234,37.130001068115234,1627600,1217,3,13.512693694145472,30.3563951124528
2020-03-20,37.97999954223633,38.779998779296875,33.15999984741211,33.79999923706055,33.79999923706055,1185400,1218,4,-11.005793458547409,26.310483142190847
2020-03-23,33.04999923706055,33.93000030517578,30.8799991607666,32.0099983215332,32.0099983215332,790800,1219,0,-3.14675019526518,25.98048846504038
2020-03-24,34.779998779296875,37.959999084472656,33.63999938964844,37.650001525878906,37.650001525878906,1105500,1220,1,8.251877076805503,32.19040841957856
2020-03-25,37.970001220703125,43.119998931884766,37.36000061035156,40.7599983215332,40.7599983215332,1266900,1221,2,7.347898370118644,37.70432118061906
2020-03-26,40.439998626708984,42.18000030517578,39.54999923706055,40.540000915527344,40.540000915527344,1381400,1222,3,0.2472855890561565,39.8388017618617
2020-03-27,38.79999923706055,40.61000061035156,36.459999084472656,38.86000061035156,38.86000061035156,1185200,1223,4,0.15464271770837534,49.87986726831715
2020-03-30,39.0099983215332,39.90999984741211,37.18000030517578,37.869998931884766,37.869998931884766,832500,1224,0,-2.9223261694404257,45.11429335819099
2020-03-31,37.720001220703125,39.349998474121094,37.470001220703125,38.16999816894531,38.16999816894531,1064500,1225,1,1.1929929312812337,49.646544120636534
2020-04-01,36.400001525878906,36.400001525878906,34.02000045776367,35.650001525878906,35.650001525878906,743200,1226,2,-2.0604394740664556,55.65376635714443
2020-04-02,35.75,38.22999954223633,34.689998626708984,35.20000076293945,35.20000076293945,803400,1227,3,-1.5384594043651667,52.091985748065724
2020-04-03,35.5099983215332,36.209999084472656,34.849998474121094,35.119998931884766,35.119998931884766,594100,1228,4,-1.0982805071323876,59.59078906041863
2020-04-06,36.95000076293945,39.369998931884766,36.95000076293945,39.040000915527344,39.040000915527344,956900,1229,0,5.656292583041411,61.301607191384605
2020-04-07,41.0,42.97999954223633,39.959999084472656,40.58000183105469,40.58000183105469,894800,1230,1,-1.024385777915393,62.82352956261777
2020-04-08,40.79999923706055,42.22999954223633,39.52000045776367,41.869998931884766,41.869998931884766,884100,1231,2,2.6225483206683275,58.82352523466211
2020-04-09,43.970001220703125,47.189998626708984,42.790000915527344,45.61000061035156,45.61000061035156,1438000,1232,3,3.729814291831879,71.65383420433487
2020-04-13,45.209999084472656,45.310001373291016,42.369998931884766,43.15999984741211,43.15999984741211,435100,1233,0,-4.5343934496221205,69.96061833879155
2020-04-14,44.08000183105469,46.349998474121094,43.189998626708984,43.810001373291016,43.810001373291016,748600,1234,1,-0.6125236990654037,63.426330026541585
2020-04-15,41.61000061035156,41.61000061035156,39.0099983215332,39.099998474121094,39.099998474121094,851700,1235,2,-6.032208842616649,46.6177678740062
2020-04-16,38.75,39.09000015258789,36.81999969482422,37.95000076293945,37.95000076293945,710100,1236,3,-2.06451416015625,44.915587670697185
2020-04-17,39.540000915527344,41.84000015258789,39.459999084472656,40.779998779296875,40.779998779296875,788600,1237,4,3.136059269241409,53.606307232992
2020-04-20,39.34000015258789,40.06999969482422,38.41999816894531,38.91999816894531,38.91999816894531,547300,1238,0,-1.0676206965264834,51.90978387222694
2020-04-21,37.40999984741211,38.25,36.40999984741211,38.029998779296875,38.029998779296875,623600,1239,1,1.657308031044158,49.7507133537762
2020-04-22,39.310001373291016,39.72999954223633,38.09000015258789,38.59000015258789,38.59000015258789,526300,1240,2,-1.8315980553293199,55.62786732042266
2020-04-23,39.900001525878906,41.119998931884766,39.209999084472656,39.86000061035156,39.86000061035156,359800,1241,3,-0.10025291728723573,58.64884700306323
2020-04-24,40.43000030517578,40.939998626708984,39.540000915527344,40.70000076293945,40.70000076293945,345400,1242,4,0.6678220522523981,60.07220380670919
2020-04-27,40.29999923706055,42.75,40.220001220703125,42.33000183105469,42.33000183105469,468300,1243,0,5.037227375744746,56.473830069598314
2020-04-28,43.88999938964844,44.2400016784668,41.599998474121094,42.58000183105469,42.58000183105469,777300,1244,1,-2.984729042631784,54.145936509653616
2020-04-29,44.150001525878906,46.75,43.75,46.630001068115234,46.630001068115234,614100,1245,2,5.617212812059935,58.85416903192992
2020-04-30,45.599998474121094,45.61000061035156,43.290000915527344,43.45000076293945,43.45000076293945,742300,1246,3,-4.7149074191346845,45.8966573719667
2020-05-01,42.349998474121094,42.79999923706055,39.880001068115234,40.380001068115234,40.380001068115234,814000,1247,4,-4.651705966907338,44.84038877623843
2020-05-04,41.880001068115234,42.849998474121094,38.59000015258789,41.529998779296875,41.529998779296875,1234500,1248,0,-0.8357265517952128,45.84547611497531
2020-05-05,42.849998474121094,44.7400016784668,42.119998931884766,42.75,42.75,928900,1249,1,-0.2333686760373821,57.620045910166176
2020-05-06,42.380001068115234,43.25,39.470001220703125,39.61000061035156,39.61000061035156,654300,1250,2,-6.536102850284475,53.199691471268814
2020-05-07,40.54999923706055,42.36000061035156,40.54999923706055,41.54999923706055,41.54999923706055,546200,1251,3,2.466091291775041,51.53692710821421
2020-05-08,42.70000076293945,43.849998474121094,42.400001525878906,43.52000045776367,43.52000045776367,599200,1252,4,1.920373958250421,59.1414990395787
2020-05-11,42.5099983215332,43.02000045776367,40.560001373291016,42.56999969482422,42.56999969482422,718300,1253,0,0.1411464964952147,59.000794400835424
2020-05-12,43.029998779296875,43.38999938964844,41.45000076293945,41.59000015258789,41.59000015258789,549900,1254,1,-3.3464993436202795,55.85023414862323
2020-05-13,41.209999084472656,41.209999084472656,38.31999969482422,38.77000045776367,38.77000045776367,657300,1255,2,-5.920889786256611,47.995586230892314
2020-05-14,37.4900016784668,39.83000183105469,36.09000015258789,39.650001525878906,39.650001525878906,686100,1256,3,5.761535744749646,48.07198080295246
2020-05-15,39.04999923706055,39.150001525878906,37.560001373291016,38.529998779296875,38.529998779296875,1182000,1257,4,-1.3316273186253058,42.88921617111772
